s,Fixed,Relief Inventory,Evacuee Inventory,Penalty,Emergency,Relief Purchase,Relief Transportation,Evacuee Transportation,Relief Dumping,Total
0,6504527.0,1307172.39,916168.64,0.0,382848.35,9020168.95,2006951.99,3525937.53,0.0,23663774.85
1,6504527.0,2691190.88,1488259.12,0.0,1603486.52,21474283.05,4191558.14,4457541.57,0.0,42410846.29
2,6504527.0,911454.49,931365.5,45136079.2,1303450.6,9037986.32,1755052.09,3966603.15,0.0,69546518.35
3,6504527.0,1859558.91,1646486.08,0.0,3103966.78,15795311.64,3373118.71,5539597.18,0.0,37822566.31
4,6504527.0,2132320.45,1331406.9,0.0,10005742.56,19169372.58,3939505.87,5045460.53,0.0,48128335.88
5,6504527.0,2142584.12,1363199.83,0.0,907197.81,14106166.32,2825899.23,2886396.35,-56016.35,30679954.31
6,6504527.0,1065417.17,1522954.36,31331836.9,61259897.43,10247861.44,2048386.07,4868853.11,-27320.1,118822413.38
7,6504527.0,3391796.16,1933649.83,0.0,290681.29,19506389.52,4063321.0,3647719.22,-20522.62,39317561.39
8,6504527.0,4271981.96,3742907.52,0.0,2705344.74,37394783.29,7762523.39,5526683.62,-26963.4,67881788.12
9,6504527.0,1268347.29,836683.32,0.0,203741.15,9183398.04,1887664.63,2242344.44,-84776.9,22041928.98
10,6504527.0,2990718.99,1894615.8,0.0,2150790.08,19506389.67,3839866.32,4660074.38,-76824.9,41470157.34
11,6504527.0,3668133.2,1921776.04,0.0,5076904.31,25755697.71,5239405.45,5142773.62,0.0,53309217.34
12,6504527.0,1202432.61,788399.7,0.0,554635.51,8056627.63,1635605.25,2415596.66,-25222.82,21132601.54
13,6504527.0,1371006.05,1547620.14,2318166.33,16293792.29,13505140.24,2798022.83,7475026.54,0.0,51813301.42
14,6504527.0,1231249.87,1678267.19,0.0,79327953.07,9244128.86,1945330.46,6691719.83,0.0,106623176.29
15,6504527.0,2970188.92,1585808.42,0.0,1665411.97,22583800.65,4489627.51,4539869.06,0.0,44339233.53
16,6504527.0,2398714.48,2047712.84,0.0,54533147.55,16427548.65,3177231.74,3946626.28,-122225.7,88913282.86
17,6504527.0,1471460.13,767103.45,0.0,47855.02,13842048.02,2786297.19,3262886.75,0.0,28682177.56
18,6504527.0,1941410.01,1191848.92,0.0,11402842.67,17610454.39,3655349.64,5222014.43,0.0,47528447.06
19,6504527.0,1369571.34,1455353.15,0.0,16627556.33,12484790.9,2596661.64,6310554.83,0.0,47349015.2
20,6504527.0,2743970.26,1659642.59,0.0,5181761.21,22866494.78,4657942.83,5010799.72,0.0,48625138.39
21,6504527.0,1002590.91,1374083.72,48713894.29,58784570.17,8820926.63,1857503.7,3832709.89,0.0,130890806.31
22,6504527.0,2237718.24,1268686.95,0.0,458358.45,19320604.74,3795858.99,4651583.8,0.0,38237338.16
23,6504527.0,3282033.19,2268715.53,1481137.28,5786281.33,22050235.86,4391520.16,5811090.56,0.0,51575540.91
24,6504527.0,976956.15,891660.39,0.0,5805418.43,8077737.48,1774116.63,3855731.28,0.0,27886147.35
25,6504527.0,1422372.18,1083527.95,39804828.98,11288070.65,14188908.83,2973248.07,4507931.96,0.0,81773415.62
26,6504527.0,1199295.88,589732.71,6317451.45,3825078.25,10537227.55,2207668.66,3353405.1,0.0,34534386.59
27,6504527.0,1155897.9,1106678.38,0.0,12993670.46,9533748.72,1983837.17,5266451.67,0.0,38544811.3
28,6504527.0,2833998.6,1957659.48,0.0,114619.19,20169888.63,3998312.43,4409105.05,-61101.33,39927009.04
29,6504527.0,1254890.37,1196883.81,0.0,7582387.65,10960895.39,2355031.68,4509713.96,0.0,34364329.86
30,6504527.0,3409834.46,2420319.91,8210542.21,950859.43,31119669.17,6395591.77,6107741.87,0.0,65119085.81
31,6504527.0,1366760.08,978229.63,0.0,492987.55,10309127.06,2186427.7,3144037.48,-70906.04,24911190.46
32,6504527.0,2637898.87,1522687.32,0.0,162883.36,15871571.81,3081606.69,2858614.46,-66327.5,32573462.02
33,6504527.0,1192249.04,1050072.17,0.0,582911.51,10385761.59,2122816.68,4461806.87,-10050.94,26290093.92
34,6504527.0,2076632.87,1878598.6,0.0,3219316.06,19081677.23,3830625.9,5416107.72,-90196.24,41917289.13
35,6504527.0,2606087.25,1389977.51,0.0,40370.37,20909952.46,4338226.89,5436608.14,0.0,41225749.62
36,6504527.0,3119074.32,1533895.16,0.0,1075198.83,21292781.7,4367592.41,3627466.27,0.0,41520535.69
37,6504527.0,859900.52,320649.66,0.0,29959.44,6999913.81,1548444.41,1604303.47,0.0,17867698.31
38,6504527.0,2065794.78,1192485.81,0.0,8932306.02,17723552.52,3673799.0,4919430.17,0.0,45011895.3
39,6504527.0,2660666.49,2448342.27,0.0,70853331.07,18857443.22,3837422.13,4862002.04,-111730.53,109912003.69
40,6504527.0,1749392.86,882465.25,0.0,0.0,8923782.92,1928171.81,3600081.71,-9913.04,23578508.51
41,6504527.0,1321211.69,535860.71,0.0,0.0,11500378.99,2424588.69,2789971.33,0.0,25076538.41
42,6504527.0,2049065.1,1052950.8,0.0,281310.69,11140612.87,2409841.52,2403771.13,-67690.78,25774388.32
43,6504527.0,2056570.81,1697601.85,0.0,62547393.11,11982154.86,2446374.36,4702255.32,-108273.67,91828603.65
44,6504527.0,1937469.76,1573657.14,0.0,596516.63,15809969.76,3344311.81,4687700.91,-15108.07,34439044.93
45,6504527.0,1972448.81,1602749.35,0.0,339147.76,16359967.45,3413353.77,4516500.7,-45783.78,34662911.07
46,6504527.0,3375133.65,2285095.93,0.0,772954.31,22871149.65,4678607.19,4972534.4,-9184.65,45450817.5
47,6504527.0,2652412.92,1723923.29,0.0,3968692.52,23785981.68,4984058.9,6135556.94,0.0,49755153.25
48,6504527.0,2106542.94,1202218.95,0.0,643658.93,18417208.34,3779228.39,4213869.07,0.0,36867253.62
49,6504527.0,2109473.04,2116804.93,0.0,71147621.1,15193233.33,3024484.46,4829903.27,-59901.77,104866145.36
50,6504527.0,1151226.99,1071728.31,0.0,2450672.54,10247144.1,2238772.4,4081410.07,0.0,27745481.4
51,6504527.0,1594511.6,1151677.67,0.0,381073.58,11565216.47,2288670.75,3873946.01,-9027.76,27350595.32
52,6504527.0,1029758.66,553612.61,0.0,2565741.78,9857129.43,2079964.61,3451340.84,0.0,26042074.93
53,6504527.0,1445879.62,491290.0,8930823.52,5538704.92,8864428.37,2065374.48,3267080.36,0.0,37108108.26
54,6504527.0,1225811.09,687686.3,15131863.19,3580695.96,11015632.76,2379534.98,3172584.59,0.0,43698335.87
55,6504527.0,1366971.57,1586325.86,4746573.27,17936790.91,13591970.88,2754173.25,7533778.79,0.0,56021111.53
56,6504527.0,1078319.25,737464.43,47652103.48,10646388.0,10783192.54,2151486.72,3949854.1,0.0,83503335.5
57,6504527.0,1019626.41,674051.45,0.0,116891.91,7678502.18,1611617.29,2698837.92,-98119.61,20205934.55
58,6504527.0,2772437.52,1732025.57,0.0,1782753.97,24136929.52,5016599.57,5323865.96,0.0,47269139.11
59,6504527.0,2374556.19,1934185.49,0.0,1140052.81,19377455.46,3975243.58,5652116.03,-17680.1,40940456.47
60,6504527.0,3067655.55,2258847.13,0.0,762843.73,22656896.54,4514929.54,4444378.56,-35040.55,44175037.5
61,6504527.0,2951398.97,3439575.31,22281448.13,77035816.02,27295353.46,5471435.71,5875919.72,0.0,150855474.33
62,6504527.0,3719125.6,2432490.56,0.0,499572.38,24265966.96,4803106.31,4748898.48,-10117.08,46963570.21
63,6504527.0,2583622.36,1095781.67,0.0,1000174.6,17218103.34,3364677.82,3427466.33,0.0,35194353.11
64,6504527.0,877059.63,864398.84,11706877.83,4739890.59,7717761.23,1628175.58,4279604.3,0.0,38318295.0
65,6504527.0,1506460.3,1370518.59,0.0,10673486.91,12456581.42,2587811.64,4968559.17,0.0,40067945.03
66,6504527.0,2126953.42,1375405.96,0.0,3126604.7,19875704.54,4023723.25,5610284.04,0.0,42643202.91
67,6504527.0,2765828.01,1325669.28,0.0,2853880.97,19501596.54,4020409.48,4149886.4,0.0,41121797.68
68,6504527.0,908578.09,816484.17,0.0,2702893.57,7848839.64,1639334.2,4451435.33,0.0,24872092.01
69,6504527.0,1064129.98,492080.74,21360984.33,0.0,9833707.42,2077389.89,3036211.79,0.0,44369031.16
70,6504527.0,3743203.46,2328955.72,0.0,1914462.38,22898233.33,4188299.49,4958442.27,-13196.31,46522927.34
71,6504527.0,1444034.83,1853254.46,4479050.52,77257808.75,12285742.32,2491516.74,6275652.74,-93565.56,112498021.8
72,6504527.0,981152.63,1287607.39,2935364.68,49277426.97,9317840.1,1826090.92,4405518.19,-116075.21,76419452.67
73,6504527.0,971703.97,417707.9,0.0,1014865.57,8714840.43,1881333.0,2726721.89,0.0,22231699.75
74,6504527.0,1742408.34,824681.59,0.0,73984.91,12861632.3,2568544.08,2267150.96,0.0,26842929.18
75,6504527.0,2934574.79,2353464.79,0.0,64671531.21,18976473.3,3731818.25,4628332.05,-147784.85,103652936.53
76,6504527.0,2341695.86,1200669.03,0.0,1022121.26,12961204.37,2638511.98,2325008.1,-106856.92,28886880.68
77,6504527.0,2219923.72,1903936.42,0.0,62510913.96,14055677.61,2835447.21,4371790.98,-84092.28,94318124.61
78,6504527.0,3097402.68,2010287.17,0.0,665323.38,27034022.74,5506995.9,5321118.42,0.0,50139677.3
79,6504527.0,3782291.52,2571300.82,0.0,3315568.58,25388415.54,5059152.73,5678614.63,-1271.04,52298599.77
80,6504527.0,2626969.81,2025420.99,7030556.08,1004009.18,20155510.72,3990199.59,5760098.21,0.0,49097291.58
81,6504527.0,3180181.82,2411620.25,1284324.33,2142699.93,23889055.03,4750654.79,5442965.16,0.0,49606028.32
82,6504527.0,2054146.76,1045211.06,0.0,441140.71,11734261.31,2372646.41,2314786.13,-136284.61,26330434.78
83,6504527.0,3456905.35,2240740.91,0.0,0.0,22691422.64,4455009.65,4718857.83,-28401.35,44039062.03
84,6504527.0,1506433.36,1713077.47,10106054.18,17826446.76,14785961.54,3047131.85,7401397.91,0.0,62891030.08
85,6504527.0,1562771.08,907870.78,31100083.48,359842.63,13858594.25,2993503.5,3974173.4,0.0,61261366.1
86,6504527.0,958606.71,968497.3,40560834.13,1150507.04,9259695.53,1800555.96,4496461.09,0.0,65699684.77
87,6504527.0,997571.15,610635.28,0.0,723137.79,6408211.61,1392234.74,3615199.69,-41416.58,20210100.68
88,6504527.0,1516621.2,1830251.9,16446536.25,24063038.04,15025871.72,3072369.23,7857464.79,0.0,76316680.14
89,6504527.0,738703.02,236739.79,0.0,178674.14,5937403.65,1303111.81,1366152.24,0.0,16265311.64
90,6504527.0,2354538.8,1413216.99,0.0,850712.35,20855192.96,4343262.09,5148494.23,0.0,41469944.41
91,6504527.0,1196457.65,743049.2,2081679.06,4335739.6,11395202.7,2492069.09,4627214.54,0.0,33375938.84
92,6504527.0,1612672.43,1941873.71,0.0,76398861.74,12671512.0,2686375.63,5745433.78,-31923.85,107529332.45
93,6504527.0,1365270.82,1592643.81,1981011.92,17859618.1,13652708.21,2782977.88,7657166.95,0.0,53395924.69
94,6504527.0,2810256.45,2957625.88,15909400.71,12257530.74,27938123.52,5767836.67,7521769.3,0.0,81667070.27
95,6504527.0,2579911.06,2239342.97,6311286.82,978769.56,22319345.63,4605344.37,6526283.99,0.0,52064811.39
96,6504527.0,2011098.36,1360794.64,0.0,10392683.19,18981655.94,3893022.42,5492273.09,0.0,48636054.64
97,6504527.0,2021146.09,1327483.81,0.0,10046325.63,18632210.53,3877514.18,4946454.38,0.0,47355661.62
98,6504527.0,2825818.56,2139045.49,6745214.94,42800.52,21385723.19,4233722.68,6086254.69,0.0,49963107.08
99,6504527.0,959387.97,946359.7,35329063.78,429826.04,9425393.76,1883857.86,4352946.8,0.0,59831362.92
100,6504527.0,1748311.33,875597.62,0.0,24261393.58,8414064.17,1763760.46,1284180.0,-187507.29,44664326.87
101,6504527.0,2012696.26,1273718.45,0.0,42107627.82,10248304.65,2050941.02,2960821.79,-148387.32,67010249.67
102,6504527.0,1440659.75,1756632.59,0.0,75909297.3,11323626.29,2389253.91,5741470.3,-75818.52,104989648.61
103,6504527.0,3270403.82,2215100.9,0.0,0.0,22504250.28,4473429.43,5039158.07,-35324.13,43971545.38
104,6504527.0,2747145.52,2163687.07,0.0,890768.04,21538256.53,4553307.17,4859578.03,0.0,43257269.36
105,6504527.0,2131873.31,1397227.35,3325561.39,15206284.18,19219568.79,3984396.69,5767608.22,0.0,57537046.93
106,6504527.0,2777142.25,1941510.9,0.0,1150280.9,19734537.53,3930639.51,4356237.0,-48560.45,40346314.63
107,6504527.0,2345337.94,1102500.06,0.0,1631427.22,16668862.04,3313552.27,3186994.05,0.0,34753200.58
108,6504527.0,2461665.86,2011915.43,0.0,4221168.71,19639258.59,4367636.35,5304537.74,0.0,44510709.69
109,6504527.0,1434999.76,502166.03,0.0,891966.62,10570741.48,2189693.42,2365221.67,0.0,24459315.97
110,6504527.0,2465762.28,1222148.79,0.0,1070617.36,17070498.42,3472673.46,2716015.43,0.0,34522242.74
111,6504527.0,2345304.44,1777129.16,2033723.8,590204.51,17553126.27,3560771.78,5329930.71,0.0,39694717.66
112,6504527.0,1856469.6,1201959.03,0.0,1469635.89,12540120.87,2603176.01,2960607.74,-81069.44,29055426.69
113,6504527.0,2651263.82,1402446.85,0.0,4726764.21,20067200.86,4132206.1,4332334.69,0.0,43816743.54
114,6504527.0,782967.62,944067.44,0.0,49056735.7,6274706.72,1481185.33,3894672.48,-159860.6,68779001.68
115,6504527.0,854573.82,523335.29,0.0,10211.26,6215816.71,1335345.4,1831931.16,-98623.83,17177116.81
116,6504527.0,1311428.62,969791.0,0.0,0.0,10793243.86,2167326.47,2703653.72,-109533.39,24340437.27
117,6504527.0,2529687.95,1934754.29,1010166.44,536326.55,19280560.68,4019781.42,5631337.32,0.0,41447141.66
118,6504527.0,3021230.76,1936346.22,0.0,697885.88,19685992.26,3826149.7,4770820.09,-37436.4,40405515.5
119,6504527.0,3370803.41,2485929.24,1883872.83,2687548.28,24571350.75,4933992.61,5439411.35,0.0,51877435.47
120,6504527.0,1767360.71,1304257.91,0.0,23922.03,13662516.27,2948697.75,3275470.34,-62877.98,29423874.02
121,6504527.0,1219592.4,796317.28,0.0,0.0,8076136.3,1714007.48,3384735.78,-11296.35,21684019.9
122,6504527.0,1327942.59,753819.35,0.0,171001.07,8884722.62,1785992.12,2242794.56,-137152.72,21533646.58
123,6504527.0,2031129.83,2321450.47,8142970.52,79189867.44,16511045.52,3486387.85,6110262.68,-59729.25,124237912.05
124,6504527.0,1966997.66,1548847.59,0.0,970406.13,15858553.27,3249628.47,4908014.94,-51627.62,34955347.45
125,6504527.0,2477379.07,1581294.07,0.0,1200891.72,16348898.1,3062612.6,3246031.51,-66206.36,34355427.71
126,6504527.0,2646812.54,1814541.36,0.0,288588.98,19114662.65,3898512.86,3548160.5,-100115.34,37715690.56
127,6504527.0,1102237.78,1085293.87,0.0,16893776.97,8764373.24,1818085.21,5804288.74,0.0,41972582.82
128,6504527.0,1475493.15,1199970.82,0.0,952461.31,12494070.99,2559739.24,4104271.95,-80851.9,29209682.56
129,6504527.0,1102140.33,1198118.15,0.0,12365796.5,10191985.29,2312154.35,5216922.76,0.0,38891644.39
130,6504527.0,1361288.18,910770.4,47120519.8,2309638.29,13612881.78,2765170.79,4284917.31,0.0,78869713.54
131,6504527.0,2262268.48,2088493.89,0.0,64917657.07,15177823.2,3116391.05,4754027.9,-48297.76,98772890.84
132,6504527.0,938715.47,1246420.64,34346052.56,58339968.86,8249345.77,1643833.59,4156809.81,-78568.71,115347104.98
133,6504527.0,2898067.81,2376137.97,13619884.98,14908320.7,28868315.46,5848561.36,7630804.88,0.0,82654620.16
134,6504527.0,3105593.8,2049887.35,4812653.66,7269281.86,26674103.6,5413292.7,6290759.73,0.0,62120099.7
135,6504527.0,1887311.22,705796.24,0.0,1268340.41,10519699.78,2041704.77,1706759.11,0.0,24634138.53
136,6504527.0,3273850.89,1834057.67,7117844.43,267030.88,25266970.43,5120289.55,5584569.23,0.0,54969140.09
137,6504527.0,1969313.07,1060412.55,0.0,4944766.19,16871716.98,3556386.62,4324337.36,0.0,39231459.77
138,6504527.0,3390267.34,2232161.45,0.0,149311.74,22386203.31,4522750.64,4957999.57,-8109.57,44135111.47
139,6504527.0,1944030.18,1520572.23,0.0,1224695.23,15233774.71,3266466.86,4661304.13,-22123.22,34333247.11
140,6504527.0,2529021.25,1114521.9,0.0,146008.28,18116348.02,3615713.03,4453640.93,0.0,36479780.42
141,6504527.0,2223968.04,1739434.72,0.0,817599.75,17671018.04,3660574.28,4384873.22,-38994.12,36963000.93
142,6504527.0,901322.15,677419.55,0.0,0.0,6937022.11,1439555.54,3096498.21,-16282.66,19540061.91
143,6504527.0,2513618.68,1428357.02,2335123.41,647215.26,21204616.29,4369043.74,5328941.07,0.0,44331442.47
144,6504527.0,2014467.59,1746122.54,3310290.22,1166519.65,17197842.33,3336733.12,5973139.52,0.0,41249641.98
145,6504527.0,1362987.5,1347540.39,0.0,14600082.58,11621431.74,2501518.91,5684261.87,0.0,43622349.98
146,6504527.0,976598.45,2770257.26,9672018.05,238146858.68,6916574.53,1547761.12,6360438.72,-266591.96,272628441.85
147,6504527.0,2571097.55,2231819.57,2135136.75,534800.21,22249786.7,4609961.06,6209392.25,0.0,47046521.1
148,6504527.0,1655425.85,1868350.16,0.0,69315292.62,13065438.09,2667095.62,5422814.28,-98738.11,100400205.52
149,6504527.0,1859240.31,1293939.55,0.0,38734944.03,10275627.75,2141208.0,3113278.14,-117241.81,63805522.96
150,6504527.0,1734399.84,1250564.72,0.0,301157.06,13203658.17,2705545.62,3175217.06,-75129.69,28799939.77
151,6504527.0,1499762.36,1485507.4,0.0,69818203.01,8918623.03,1788543.0,5107672.96,-73733.94,95049104.82
152,6504527.0,3750340.0,1916361.97,3661781.57,313973.0,26162700.34,5298711.14,5319854.85,0.0,52928249.86
153,6504527.0,1150028.11,455819.9,0.0,458408.07,8560193.41,1879301.91,1835849.58,0.0,20844127.97
154,6504527.0,1408210.13,1328601.33,0.0,5374477.6,12620605.0,2501933.47,5280152.37,0.0,35018506.91
155,6504527.0,2465650.67,1501729.28,0.0,357801.61,15400069.42,3085238.42,2986179.59,-43377.63,32257818.35
156,6504527.0,2551324.63,2074713.1,0.0,405879.96,20874547.0,4259773.72,5526564.94,-16105.18,42181225.16
157,6504527.0,866970.96,481679.83,15934871.36,12079475.32,8124771.83,1779152.45,3048558.19,0.0,48820006.94
158,6504527.0,2430539.61,1624078.71,0.0,277097.79,16408985.05,3305221.41,3820566.13,-21574.17,34349441.53
159,6504527.0,3056641.94,1958645.83,0.0,1773099.88,19994165.91,3953133.9,4531931.91,-60818.45,41711327.92
160,6504527.0,2562815.18,1996787.49,0.0,830388.35,20136852.75,4115082.87,4871877.0,-26348.96,40991981.69
161,6504527.0,1571703.04,1048763.54,0.0,1314014.15,10891965.28,2227889.98,3469444.65,-52843.17,26975464.47
162,6504527.0,2769290.88,1569824.31,0.0,3975927.25,22002605.13,4506118.37,4509275.7,0.0,45837568.65
163,6504527.0,769378.58,352259.75,0.0,5615044.34,7505768.8,1625549.21,2765716.62,0.0,25138244.3
164,6504527.0,1612381.25,734851.83,0.0,0.0,13788392.78,2850054.42,3857425.28,0.0,29347632.56
165,6504527.0,1187750.7,608268.0,9657777.27,1497528.26,10891157.27,2309601.26,3449873.76,0.0,36106483.52
166,6504527.0,2158557.99,1736857.09,35065559.95,22578559.56,21585579.89,4407682.93,7740728.71,0.0,101778053.13
167,6504527.0,1986073.25,1035906.56,0.0,689071.01,17240786.7,3582999.06,4305618.21,0.0,35344981.8
168,6504527.0,1346373.01,1200490.52,0.0,8074482.74,11060897.19,2372102.55,4368070.69,0.0,34926943.7
169,6504527.0,2535828.07,2004607.15,0.0,1800077.47,20139969.73,4096592.81,5750736.71,-35908.39,42796430.55
170,6504527.0,1847841.87,1276155.65,0.0,16163248.05,17609924.25,3677192.61,5444288.83,0.0,52523178.27
171,6504527.0,1730904.93,803130.97,0.0,1585661.68,8243068.5,1755239.44,1277871.39,-42366.61,21858037.3
172,6504527.0,2074069.15,1174286.93,0.0,364604.51,17785844.4,3608088.4,4519997.03,0.0,36031417.41
173,6504527.0,951193.03,491868.98,0.0,307245.27,5634095.01,1173904.8,1431521.69,-74022.15,16420333.64
174,6504527.0,1470752.49,1004412.39,13536054.45,3857501.86,14032551.45,2936548.21,4839632.73,0.0,48181980.6
175,6504527.0,2213459.83,2104839.07,9633288.86,71675133.8,15116847.49,2944171.28,5283341.66,-82163.73,115393445.27
176,6504527.0,1707904.53,1257571.25,0.0,59708.27,13228166.94,2666262.62,3964561.08,-67452.52,29321249.18
177,6504527.0,2266493.26,2012742.99,1228141.68,2875227.67,19501251.45,3794255.3,6263956.17,0.0,44446595.51
178,6504527.0,2242992.67,1844231.52,0.0,878922.29,18386303.01,3807791.0,5355119.81,-2797.96,39017089.34
179,6504527.0,2609490.41,1470006.72,0.0,247187.57,21707730.22,4427977.99,4972711.53,0.0,41939631.43
180,6504527.0,2447969.15,1482244.99,0.0,946725.86,15137616.85,3092041.56,3719824.85,-41983.03,33288967.23
181,6504527.0,2207539.09,1923134.23,0.0,891117.87,19169265.67,4102409.02,5499058.11,-13735.15,40283315.83
182,6504527.0,1087958.03,587358.38,9846662.01,5495427.61,9905318.32,2231736.76,3330241.24,0.0,38989229.35
183,6504527.0,773195.79,289037.57,0.0,1290961.75,6369728.08,1277796.57,1873435.1,0.0,18378681.87
184,6504527.0,3115551.58,1960935.47,0.0,0.0,19858294.76,3965584.75,5099919.13,-24894.01,40479918.67
185,6504527.0,1957513.19,1184592.36,0.0,4470344.05,11230689.13,2367108.86,4160756.59,0.0,31875531.18
186,6504527.0,3984408.17,2544134.07,0.0,745607.72,32291028.81,6553769.92,5677269.02,0.0,58300744.71
187,6504527.0,699400.69,568127.85,0.0,56365.85,6284535.48,1425165.36,2859149.75,-62409.23,18334862.74
188,6504527.0,1533238.81,1513966.72,0.0,17435702.97,13101215.53,2875703.06,6513437.85,0.0,49477791.94
189,6504527.0,1475415.63,2185166.89,5511013.75,90131649.87,13271686.09,2826885.87,6832739.92,0.0,128739085.01
190,6504527.0,1574009.2,1075338.34,0.0,12067.35,11286746.13,2395595.41,3357971.44,-53782.33,26152472.55
191,6504527.0,3419499.18,2589997.47,0.0,590555.92,26012481.68,5129625.34,5592211.52,-19161.69,49819736.43
192,6504527.0,882674.39,561745.86,0.0,47512.21,6529520.24,1472838.79,1968240.15,-92209.21,17874849.43
193,6504527.0,927983.42,901604.27,11350500.01,1285693.15,8761035.3,1754137.24,4259286.0,0.0,35744766.39
194,6504527.0,1771252.14,1162038.28,0.0,184020.22,12402453.81,2693304.53,2814139.03,-84348.21,27447386.8
195,6504527.0,2307140.33,889795.15,0.0,0.0,14835515.28,3012588.92,2736636.44,0.0,30286203.12
196,6504527.0,2096822.42,2442753.39,7581318.55,77045814.82,17612835.78,3758874.58,5903802.44,-28939.76,122917809.22
197,6504527.0,3388996.18,2162111.59,0.0,68527.01,21829573.58,4354633.87,4997065.76,-21323.61,43284111.39
198,6504527.0,886482.84,1229515.78,0.0,51118529.44,7444534.54,1484145.77,4454422.88,-31619.36,73090538.88
199,6504527.0,1349148.92,1819207.95,0.0,71096840.63,11751492.93,2361619.56,5716640.39,-77396.4,100522080.98
200,6504527.0,1639824.64,1860688.33,0.0,65609587.19,12975236.24,2561257.62,5465729.0,-76201.49,96540648.52
201,6504527.0,2785867.04,1816324.42,3590083.48,2280213.03,24921758.8,5127669.03,5856581.82,0.0,52883024.62
202,6504527.0,1306749.57,1150752.58,0.0,4050853.72,10787359.02,2389297.24,4226315.21,0.0,30415854.34
203,6504527.0,1452042.35,609445.13,0.0,178275.6,10898311.92,2354885.48,2248784.75,0.0,24246272.23
204,6504527.0,3160466.91,2147777.68,0.0,715849.8,21550554.44,4252465.46,4897559.18,-13069.49,43216131.0
205,6504527.0,2096634.04,935197.66,0.0,282553.68,10219641.05,2001361.31,1739037.75,-97210.86,23681741.63
206,6504527.0,1742984.16,2412558.39,1141641.62,142479450.8,11723741.57,2486981.47,5643174.23,-66718.97,174068340.28
207,6504527.0,1751919.09,2103826.24,0.0,75800173.84,14657739.58,3082753.14,6370456.21,-51747.91,110219647.19
208,6504527.0,1340245.54,1030168.18,0.0,277265.81,10928669.87,2179550.11,3330349.23,-72947.76,25517827.97
209,6504527.0,2804199.69,1876839.59,0.0,994886.28,19553182.43,4016827.4,3836999.87,-87392.87,39500069.39
210,6504527.0,775400.08,331113.73,0.0,1335680.84,6247356.03,1281771.89,2147442.48,0.0,18623292.06
211,6504527.0,1865586.8,1159966.26,0.0,8565399.32,17475798.4,3755146.87,4842522.91,0.0,44168947.54
212,6504527.0,1331351.38,1597944.7,0.0,55828242.78,12056081.21,2401938.38,3951107.35,-122840.45,83548352.35
213,6504527.0,1059888.89,563311.84,7368195.44,5748305.75,10040362.05,2086577.51,3274082.56,0.0,36645251.04
214,6504527.0,1842340.79,1057885.1,0.0,128942.81,11064877.3,2230460.29,2011838.45,-52374.52,24788497.23
215,6504527.0,881959.02,1280830.81,25272057.9,57323746.6,8438963.54,1701862.25,4240979.79,-46752.85,105598174.05
216,6504527.0,2018693.11,1204278.57,0.0,167687.06,18637920.89,3958961.89,4435180.41,0.0,36927248.94
217,6504527.0,617305.46,443217.55,0.0,3530140.56,3810716.12,787568.77,2748530.96,0.0,18442006.41
218,6504527.0,2249802.6,1100616.07,0.0,0.0,18031260.69,3527239.93,4281437.0,0.0,35694883.28
219,6504527.0,2143165.93,2948618.31,6099810.32,150551605.29,16381362.85,3324547.6,5335881.8,-72581.11,193216937.99
220,6504527.0,977804.66,1278601.77,27866005.59,57276999.23,8259376.44,1670467.53,4153140.62,-54865.02,107932057.82
221,6504527.0,4005132.83,3386337.53,11087494.17,0.0,33863375.3,6858371.62,5989027.86,0.0,71694266.3
222,6504527.0,1233388.06,819822.41,10721086.98,5962315.35,12063498.61,2684218.99,4275220.21,0.0,44264077.62
223,6504527.0,2023978.78,1020979.53,0.0,4841886.81,16606275.06,3451344.42,4493849.59,0.0,38942841.19
224,6504527.0,1994563.78,1566119.07,0.0,833283.26,15796504.08,3301355.89,5047149.02,-44333.11,34999169.0
225,6504527.0,3151611.31,2315554.92,0.0,3051999.12,22635432.31,4661616.17,5431689.97,-7190.13,47745240.67
226,6504527.0,2026949.74,1039469.48,0.0,0.0,16507925.8,3336226.8,3569106.67,0.0,32984205.48
227,6504527.0,857790.66,2064505.02,4173716.1,180727578.33,4221544.28,968281.38,6915840.25,-268184.45,206165598.56
228,6504527.0,2850723.06,2309360.58,8237011.25,14464656.81,28120425.57,5740346.55,7561456.46,0.0,75788507.28
229,6504527.0,2057770.89,1594643.65,20369104.83,19677532.21,20577708.95,4147432.37,7058338.55,0.0,81987058.44
230,6504527.0,3307590.76,2954332.64,10118989.95,323529.28,29507559.22,6061205.99,6394920.4,0.0,65172655.24
231,6504527.0,2546355.1,2203873.6,0.0,74972944.8,15966723.17,3162011.4,4979842.4,-82849.79,110253427.68
232,6504527.0,3032104.35,1730441.63,0.0,572777.67,18111162.13,3562832.58,3693342.79,-86148.98,37121039.17
233,6504527.0,2558511.74,1775669.94,0.0,0.0,17783532.6,3667710.27,5613625.89,-2683.32,37900894.13
234,6504527.0,940469.28,469103.81,0.0,1104707.15,9195590.25,1987871.27,3283229.53,0.0,23485498.29
235,6504527.0,1549904.84,1094665.62,0.0,1255285.93,11032899.13,2341749.89,3305163.21,-54790.35,27029405.26
236,6504527.0,2779366.41,2290163.86,0.0,1934087.68,22450500.43,4495487.19,5381505.41,0.0,45835637.99
237,6504527.0,1416787.7,565399.28,0.0,516868.7,10028358.2,2074354.43,2357908.17,0.0,23464203.47
238,6504527.0,894549.78,450522.24,0.0,80318.15,5170931.63,1012693.29,1513324.74,-67789.53,15559077.31
239,6504527.0,1288923.72,2882299.32,10715156.41,267087084.73,7926262.1,1612253.2,6108724.94,-425306.29,303699925.13
240,6504527.0,2753083.08,1254156.54,0.0,351841.81,13574417.67,2669788.06,2083625.54,-107899.17,29083540.54
241,6504527.0,886464.81,1230350.2,39718532.43,58765604.35,7442032.72,1570133.87,4092083.86,-5143.07,120204586.17
242,6504527.0,2669740.85,1968875.38,2417536.32,103955.9,19650327.19,3908878.7,5551851.51,0.0,42775692.86
243,6504527.0,1065237.83,992449.44,0.0,6838659.04,8930040.1,1948768.87,4383650.05,0.0,30663332.33
244,6504527.0,1501708.13,1375994.4,0.0,1885499.21,13381540.86,2732962.61,6155959.15,-6611.74,33531579.63
245,6504527.0,2580473.02,2220690.68,5200525.44,454859.25,22169212.07,4640938.52,6237207.65,0.0,50008433.62
246,6504527.0,3419809.73,2211034.8,0.0,268653.36,22402336.09,4444269.95,4711129.5,-32339.7,43929420.73
247,6504527.0,1518112.79,2500796.36,11996560.91,153294876.0,12317653.94,2489286.2,5707752.62,-131671.01,196197894.83
248,6504527.0,2555558.0,1548359.48,0.0,1551554.77,22091203.27,4517074.15,5612734.42,0.0,44381011.08
249,6504527.0,966110.89,1308790.08,0.0,64516621.13,7653989.24,1646688.5,5246854.45,-70228.19,87773353.09
250,6504527.0,1001162.6,515779.98,0.0,3509586.65,9407880.97,1993676.93,3237765.03,0.0,26170379.16
251,6504527.0,1510683.28,2353759.13,28884200.69,93710651.19,14463565.77,2946321.24,7097713.54,0.0,157471421.85
252,6504527.0,3137219.72,2419312.42,3661108.95,894578.47,24113226.37,4951782.73,5565667.83,0.0,51247423.49
253,6504527.0,3749183.64,2244250.97,0.0,310733.75,22641321.49,4466756.64,4602379.05,-30910.83,44488241.7
254,6504527.0,1479499.57,882963.1,28222020.21,0.0,13742530.96,2913011.47,4545537.77,0.0,58290090.07
255,6504527.0,1407745.29,1710622.55,0.0,62720556.08,11698347.93,2302645.37,5489378.98,-12766.86,91821056.34
256,6504527.0,2643131.94,2222663.4,0.0,333514.61,22189225.87,4656814.08,5829754.89,-1153.79,44378477.99
257,6504527.0,1433409.53,1688931.95,17842722.16,20547241.57,14333074.25,3006521.14,7312165.91,0.0,72668593.51
258,6504527.0,1227408.08,1020017.12,0.0,558963.59,10163101.06,2146220.89,3790731.61,-5029.14,25405940.21
259,6504527.0,1512106.99,845816.11,0.0,12923064.43,13961150.29,2754702.61,4847842.76,0.0,43349210.18
260,6504527.0,746523.0,290758.1,0.0,1344280.99,6318552.14,1352162.86,1878158.64,0.0,18434962.73
261,6504527.0,2137296.61,1621955.44,0.0,2383933.42,15925522.26,3347607.83,5075934.95,0.0,36996777.51
262,6504527.0,400582.51,0.0,0.0,0.0,1106891.32,296392.49,0.0,0.0,8308393.31
263,6504527.0,3167007.19,1982307.39,0.0,808214.29,19973229.79,3931526.34,3548692.77,-27268.17,39888236.59
264,6504527.0,1096596.97,702557.55,4497576.75,7186207.76,10965969.67,2142585.2,4063292.46,0.0,37159313.36
265,6504527.0,1219700.65,1285017.26,0.0,12398602.18,11039377.79,2358080.86,5922835.38,0.0,40728141.11
266,6504527.0,3728832.45,2849797.75,0.0,262528.7,28479831.07,5756141.34,5078801.82,-645.93,52659814.2
267,6504527.0,1147083.13,1102380.81,0.0,42864969.25,7377467.58,1467848.8,3618497.78,-75869.06,64006905.3
268,6504527.0,871095.26,679107.8,0.0,331097.87,7143956.51,1587593.81,3213389.98,-47526.67,20283241.55
269,6504527.0,1878064.68,2327512.85,2744568.47,78890942.52,16040212.13,3135168.95,6021030.45,-5341.74,117536685.31
270,6504527.0,2110389.48,1007339.35,0.0,23393.71,15199049.99,3086641.91,2620075.64,0.0,30551417.08
271,6504527.0,1277427.78,1097644.37,0.0,8502174.54,9799134.81,2093396.23,4629761.54,0.0,33904066.28
272,6504527.0,2220823.82,1563733.87,0.0,1322412.64,15599690.22,3358648.2,4959765.16,-15444.09,35514156.81
273,6504527.0,2219848.77,1089016.75,0.0,329229.0,17405386.67,3480117.28,4091826.42,0.0,35119951.89
274,6504527.0,715445.47,295990.94,0.0,1124971.23,6534488.69,1445579.5,2064234.66,0.0,18685237.49
275,6504527.0,2382947.98,1040750.79,0.0,1308969.89,16796930.04,3310757.83,3650055.7,0.0,34994939.23
276,6504527.0,2138296.62,1952000.57,2583704.03,7304119.23,18666062.84,3858809.26,6192409.02,0.0,49199928.56
277,6504527.0,2860866.18,2849331.7,11055450.04,76832107.11,21563915.86,4294109.53,5397072.48,-9569.89,131347810.03
278,6504527.0,1771838.89,1600722.36,0.0,47961916.26,11987592.05,2436091.32,3527609.62,-63070.37,75727227.12
279,6504527.0,3039795.93,2268521.22,0.0,1673517.84,22503874.63,4410381.77,5572710.61,0.0,45973329.01
280,6504527.0,2365300.06,1400552.48,1590847.92,1515221.58,20686773.89,4193445.85,6012540.12,0.0,44269208.9
281,6504527.0,2513686.82,1288354.37,0.0,368334.12,13368838.47,2677035.94,2462878.44,-51407.89,29132247.26
282,6504527.0,1112696.06,1300431.33,3812622.86,17163755.99,10964508.06,2322401.6,6164324.21,0.0,49345267.11
283,6504527.0,991046.05,600162.52,6413345.69,8225732.6,9470351.41,2058032.24,3421689.98,0.0,37684887.48
284,6504527.0,2962106.4,1941574.96,0.0,230783.41,19376920.09,3919821.3,3996430.4,0.0,38932163.56
285,6504527.0,1956865.76,1127324.39,0.0,33310005.27,9499530.68,1937907.44,1798840.74,-122888.94,56012112.35
286,6504527.0,1184591.98,1070472.15,0.0,7632518.69,9812384.7,2128220.14,4523614.16,0.0,32856328.82
287,6504527.0,2710866.01,2515535.23,0.0,71746127.57,18948589.07,3845492.84,4765429.42,-50144.19,110986422.96
288,6504527.0,2259696.91,1749835.87,1919955.92,710025.05,17448848.59,3384217.39,5420080.51,0.0,39397187.25
289,6504527.0,1070984.21,1546755.63,42134582.86,62653664.52,10316307.3,2073544.31,5222238.23,-13278.27,131509325.79
290,6504527.0,2033656.06,1515774.47,0.0,1016022.04,15056411.1,3032706.81,4054289.91,-4225.46,33209161.93
291,6504527.0,3409639.06,2614647.67,0.0,555670.16,26353535.32,5337979.98,4578096.47,-28086.63,49326009.03
292,6504527.0,2657157.16,2523353.22,0.0,67526632.13,19641306.96,4170479.29,5106186.81,-70840.37,108058802.21
293,6504527.0,3037708.27,1714740.62,0.0,727746.32,17596632.48,3487208.01,3242032.55,-51443.36,36259151.89
294,6504527.0,2419872.39,1745069.46,0.0,786606.88,18009542.99,3581116.07,4131534.14,-64841.85,37113427.09
295,6504527.0,871626.4,1380072.71,25726313.36,61489866.99,8716264.0,1704537.6,5060804.61,-33214.53,111420798.14
296,6504527.0,995047.86,809384.12,0.0,1178898.22,7719211.14,1733499.48,4027080.83,0.0,22967648.64
297,6504527.0,1981265.18,1447301.74,0.0,13546.93,15391073.37,3187023.29,3385266.09,-91917.86,31818085.73
298,6504527.0,4127710.87,2627112.46,528540.59,1159253.49,26155241.63,5327689.75,5531772.95,0.0,51961848.73
299,6504527.0,1429255.4,721753.93,0.0,336551.06,12976825.01,2667197.34,3065563.42,0.0,27701673.17
300,6504527.0,2498340.07,2311331.46,9513929.66,2545794.69,22814906.56,4725824.23,6322838.13,0.0,57237491.8
301,6504527.0,2684665.66,1131754.52,0.0,729500.68,17188711.36,3561340.29,3302183.47,0.0,35102682.98
302,6504527.0,810732.25,1119658.64,5342419.31,51984671.07,6815012.76,1189004.8,4177875.39,-59126.12,77884775.09
303,6504527.0,3252574.09,2174842.16,0.0,771573.87,21803041.33,4477052.48,4588162.67,-16149.77,43555623.83
304,6504527.0,2618988.34,1589303.56,10826694.18,1328871.39,22686210.75,4653522.86,6180697.94,0.0,56388816.02
305,6504527.0,2896385.9,2290334.12,8297339.7,12092805.41,28490204.63,5735029.53,7921812.35,0.0,74228438.64
306,6504527.0,1183860.89,1246722.96,0.0,39582535.16,9485784.84,2028785.54,3180989.65,-84636.86,63128569.17
307,6504527.0,1803650.34,1637043.47,0.0,56701269.7,11953412.1,2366596.79,4666682.72,-114745.16,85518436.96
308,6504527.0,1200466.78,1419386.74,0.0,74746922.66,7956893.25,1694193.36,5263451.23,-72756.29,98713084.74
309,6504527.0,883712.65,1316075.21,0.0,63525016.5,7481221.17,1588622.64,5390069.46,-43422.62,86645822.0
310,6504527.0,2488575.03,1861024.4,0.0,69350538.71,13044691.07,2563849.11,4932666.06,-93178.47,100652692.92
311,6504527.0,1342934.45,694723.27,0.0,530859.24,11636958.95,2491872.46,3260284.02,0.0,26462159.39
312,6504527.0,893487.22,576757.43,10187131.76,12852133.93,8832609.49,1894544.25,3630776.89,0.0,45371967.96
313,6504527.0,1471207.05,698304.31,0.0,537790.33,11691362.15,2440221.8,2496302.34,0.0,25839714.99
314,6504527.0,3185140.32,2083521.2,0.0,463244.89,21014403.61,4247234.47,4349299.55,-22966.77,41824404.27
315,6504527.0,1762880.92,1216943.67,0.0,975432.46,12982225.84,2703599.47,3434121.38,-93718.88,29486011.87
316,6504527.0,1538319.88,973902.32,0.0,4217449.38,14639611.74,3115573.9,4533925.99,0.0,35523310.21
317,6504527.0,1346080.62,1712811.59,680324.66,77464711.58,10799258.12,2153259.59,5627251.12,-93008.04,106195216.23
318,6504527.0,3247639.26,2475243.96,5088769.05,1736627.83,24583820.09,4762750.0,5400350.15,0.0,53799727.34
319,6504527.0,1914795.21,1429457.75,0.0,0.0,14784007.07,3029877.55,3798588.29,-48942.95,31412309.92
320,6504527.0,1614667.38,869857.73,0.0,7879947.98,14823135.78,3040588.11,4610054.21,0.0,39342778.19
321,6504527.0,795419.97,441508.51,0.0,276853.23,6524973.55,1483097.13,1347064.52,-216183.68,17157260.23
322,6504527.0,1479716.57,1526160.73,566726.7,18066502.76,13149407.26,2852533.61,7239418.92,0.0,51384993.55
323,6504527.0,2646787.99,1510723.74,0.0,0.0,21634141.04,4352528.47,4011209.66,0.0,40659917.89
324,6504527.0,1293063.35,932492.38,0.0,464736.59,9470295.05,1845918.62,4250761.32,-31715.81,24730078.49
325,6504527.0,1013691.21,495949.19,502116.29,501754.6,9699650.99,1990565.92,3362763.91,0.0,24071019.1
326,6504527.0,2100230.61,1607712.61,8133123.42,17675129.04,20813604.6,4191430.75,7438578.71,0.0,68464336.74
327,6504527.0,1028006.07,1169600.35,43133769.08,10850738.77,10280060.71,2026358.94,4644155.66,0.0,79637216.57
328,6504527.0,1076058.57,438876.81,0.0,630208.59,9362280.6,1937945.76,2222469.95,0.0,22172367.29
329,6504527.0,1878476.6,1302058.75,0.0,13593174.79,17784879.36,3725391.17,5476802.78,0.0,50265310.44
330,6504527.0,2978614.22,2382383.68,0.0,1228085.25,24272985.37,4867263.42,4749927.19,-58127.87,46925658.26
331,6504527.0,1768647.06,1712144.28,0.0,55307805.95,13521547.04,2912373.11,3723637.97,-135128.64,85315553.77
332,6504527.0,3548873.52,2205071.59,0.0,1648304.49,22502450.84,4453308.74,4376962.19,-64018.79,45175479.58
333,6504527.0,3534283.2,2187747.57,0.0,21648.24,21886971.04,4400881.64,4915712.0,-1317.51,43450453.18
334,6504527.0,965765.41,961123.54,0.0,12543765.36,8127090.51,1778331.3,4527292.66,0.0,35407895.78
335,6504527.0,1763612.1,1769487.47,0.0,8302679.67,16686648.67,3458957.87,6709442.28,-11410.32,45183944.74
336,6504527.0,3571849.34,2435357.35,0.0,2187920.38,23747839.71,4887196.86,4102201.05,0.0,47436891.69
337,6504527.0,1314053.03,1778196.9,0.0,78456848.61,10469962.84,2320904.17,6294750.54,0.0,107139243.09
338,6504527.0,1562306.8,664602.47,0.0,18652371.39,7142449.47,1495826.11,1011572.54,-218056.21,36815599.57
339,6504527.0,1861806.12,1925363.02,0.0,66342303.67,13169230.31,2576185.04,5357959.32,-29682.81,97707691.67
340,6504527.0,1350014.2,1412334.64,0.0,17378179.61,12025444.88,2577314.55,6436776.64,0.0,47684591.51
341,6504527.0,1222918.21,914893.02,0.0,641880.53,9699730.05,2086425.34,2919582.48,-63919.28,23926037.36
342,6504527.0,2318279.0,1881535.93,0.0,0.0,18923246.78,3880478.07,5459285.61,-10788.74,38956563.65
343,6504527.0,1949595.38,1081836.07,0.0,152191.67,16790534.83,3473723.43,3625590.31,0.0,33577998.7
344,6504527.0,3676769.02,3166260.27,11348474.36,650048.82,31562748.29,6406410.48,5700993.26,0.0,69016231.5
345,6504527.0,1266463.57,1112971.83,0.0,6332139.5,10290975.04,2162362.84,4635722.53,0.0,32305162.31
346,6504527.0,959504.37,629002.17,0.0,103208.34,7050645.54,1582063.11,2069201.2,-76917.68,18821234.07
347,6504527.0,1587040.45,1399428.62,0.0,859923.11,14308111.69,2981289.77,4827162.55,-63169.05,32404314.14
348,6504527.0,2956239.83,2083874.4,0.0,1342637.95,21423967.13,4166730.95,4721546.44,-73365.58,43126158.12
349,6504527.0,1817422.9,1523584.63,0.0,1180825.86,15212164.13,3203786.05,5765661.54,-6464.41,35201507.69
350,6504527.0,2380870.21,1486180.79,0.0,1158378.61,15800416.86,3017089.96,3441765.75,-107464.22,33681764.96
351,6504527.0,2943160.13,2147272.22,0.0,1038311.06,21598677.75,4120450.61,4092090.31,-23407.17,42421081.92
352,6504527.0,2366418.68,1969943.57,0.0,873556.79,19884725.39,3919032.59,5435467.13,-50819.43,40902851.72
353,6504527.0,1573107.92,1116394.66,0.0,1247753.79,11555521.91,2385972.15,3529996.44,-50793.54,27862480.33
354,6504527.0,1423307.56,1631007.38,0.0,65345197.44,10767326.02,2203838.23,4887078.74,-62837.84,92699444.52
355,6504527.0,1993480.44,2856495.82,6318096.74,131920646.27,16225355.86,3082757.27,5369054.83,-64099.03,174206315.21
356,6504527.0,632524.43,280525.51,0.0,822095.45,5808209.04,1318834.6,2149840.44,0.0,17516556.46
357,6504527.0,1796891.92,1456432.58,0.0,2253412.63,14125339.15,2886131.72,5518594.29,-26325.25,34515004.05
358,6504527.0,1699469.87,1377180.12,0.0,0.0,13909827.55,2912078.62,4802777.44,-13802.63,31192057.97
359,6504527.0,1378117.81,1665727.1,11631637.39,77301427.43,9798587.2,2062685.72,5388441.85,-33989.74,115697161.77
360,6504527.0,1615203.83,1378188.83,0.0,764731.34,14093858.12,2991318.22,4696675.46,-47385.74,31997117.07
361,6504527.0,994533.96,1405212.33,64804360.69,58765604.35,9139223.27,1964110.34,3946656.49,0.0,147524228.43
362,6504527.0,1162889.31,823685.38,0.0,342164.52,8806154.97,1863266.98,2818192.74,-59765.67,22261115.24
363,6504527.0,1995867.51,1242078.44,0.0,2271266.49,18215437.87,3733280.74,4599687.85,0.0,38562145.9
364,6504527.0,2028277.14,1076626.68,0.0,0.0,16810569.71,3474960.78,3769837.42,0.0,33664798.72
365,6504527.0,1513444.45,3367185.53,11531854.59,254358261.52,11602013.82,2474907.18,6180931.31,-220429.25,297312696.16
366,6504527.0,936563.96,959860.9,21486656.32,1608237.75,9309738.13,1812958.02,4556058.81,0.0,47174600.9
367,6504527.0,2788610.49,1806395.93,0.0,1644212.09,18641411.01,3575272.38,4446056.85,-75420.03,39331065.72
368,6504527.0,2483706.16,1874478.01,0.0,1174688.5,19001221.66,3758897.77,3985100.74,-43350.57,38739269.26
369,6504527.0,2727140.42,2562819.45,0.0,73739990.32,19420421.52,4005500.26,5289239.0,-78899.95,114170738.03
370,6504527.0,2830844.54,1879366.59,0.0,26759.54,18825547.49,3680394.34,3870290.31,-3426.83,37614302.98
371,6504527.0,2905951.2,1857087.06,0.0,802022.81,19046414.18,3778428.36,3898767.06,-56804.2,38736393.48
372,6504527.0,1538964.09,711466.72,0.0,0.0,13613940.92,2819768.91,3624713.04,0.0,28813380.67
373,6504527.0,2691018.32,1805562.21,0.0,469759.09,18451530.63,3894376.61,3512615.77,-49117.13,37280272.5
374,6504527.0,1573161.21,819450.96,210872.36,6837773.01,14420188.5,2951161.37,4277894.14,0.0,37595028.55
375,6504527.0,966675.36,1567482.43,59801728.92,66682085.68,9666753.55,1940671.23,4896245.72,0.0,152026169.88
376,6504527.0,1017658.18,787114.96,0.0,474568.75,7695728.28,1570411.19,3665511.42,0.0,21715519.77
377,6504527.0,2118565.73,1521834.97,0.0,12508017.0,20299985.84,4117007.83,5760456.99,0.0,52830395.36
378,6504527.0,1447147.56,1025159.99,0.0,1045879.54,10648212.85,2214438.43,2979012.25,-78321.56,25786056.07
379,6504527.0,1779641.16,1948272.86,0.0,62299277.83,14544552.44,3018691.77,4600753.27,-87711.12,94608005.23
380,6504527.0,3488493.3,2361611.18,0.0,406266.1,23654762.52,4737903.27,5183013.28,-7662.94,46328913.71
381,6504527.0,3431801.48,2841700.7,15397310.82,0.0,28417006.99,5854993.78,5947331.46,0.0,68394672.23
382,6504527.0,2898753.14,2036652.01,0.0,348833.14,20325737.16,4099067.13,4733702.25,0.0,40947271.84
383,6504527.0,814171.15,1425844.17,0.0,96457023.37,6265962.9,1452005.81,5050539.11,-160329.14,117809744.36
384,6504527.0,2613074.25,1557079.05,0.0,494185.4,22542852.83,4744725.77,5558439.59,0.0,44014883.9
385,6504527.0,1929119.71,1951592.48,0.0,65276534.28,14091537.0,2815531.19,5212956.68,-79147.17,97702651.17
386,6504527.0,2270317.25,1340497.27,0.0,47942.55,13691957.03,2840970.67,4418895.69,-29492.37,31085615.1
387,6504527.0,1540451.14,942919.98,1463529.29,920585.67,14277160.2,2904966.31,5342513.25,0.0,33896652.85
388,6504527.0,1736823.99,1416096.76,0.0,54267051.13,10509165.82,2268473.01,4039294.73,-139731.8,80601700.64
389,6504527.0,1704897.91,2349768.36,0.0,111398453.58,14137537.0,2994963.25,4295687.14,-98396.68,143287437.57
390,6504527.0,2300674.18,1662087.27,0.0,57008213.7,12536452.3,2475356.2,3907430.62,-124484.54,86270256.74
391,6504527.0,1545687.24,2903073.68,9932258.14,214933089.32,10291948.27,2189662.21,5916947.45,-130974.67,254086218.64
392,6504527.0,2533617.33,2223982.21,0.0,1609319.2,21980799.93,4622899.38,6288917.59,-19865.66,45744196.98
393,6504527.0,1614849.32,1251664.13,0.0,402742.19,12367770.25,2582999.14,5228677.37,0.0,29953229.4
394,6504527.0,2516014.25,1431600.02,0.0,0.0,14914709.71,3033581.19,3043949.52,-59870.95,31384510.72
395,6504527.0,1181738.67,615622.52,0.0,3026058.6,10331106.36,2195188.9,3957531.71,0.0,27811773.75
396,6504527.0,1495593.11,864614.11,0.0,112471.47,9195096.02,1995167.21,2942373.13,-59052.93,23050789.12
397,6504527.0,2052165.9,1230612.53,1720505.39,14314361.34,17659972.65,3688169.05,5071287.05,0.0,52241600.91
398,6504527.0,1908870.57,954071.55,0.0,22298.65,15192562.67,3197381.91,3092384.25,0.0,30872096.61
399,6504527.0,790189.15,418579.27,0.0,17028738.71,7519762.9,1549326.35,3290089.34,0.0,37101212.72
400,6504527.0,3684252.98,2730935.59,0.0,1292799.59,27415789.2,5495690.47,5010125.19,-30747.16,52103372.86
401,6504527.0,1170476.0,1582434.82,0.0,73516434.99,8789665.04,1890523.44,6829002.48,-16690.03,100266373.74
402,6504527.0,2369675.34,2301288.68,0.0,75947428.67,16366529.99,3277475.35,5465209.73,-35426.89,112196707.87
403,6504527.0,3193316.33,2131828.14,332372.84,1644272.16,28151145.46,5753663.05,6604531.96,0.0,54315656.94
404,6504527.0,1535380.84,1050397.1,0.0,1027303.45,10479165.46,2197992.39,3874984.98,-10734.39,26659016.83
405,6504527.0,3152398.0,2235994.96,0.0,485288.46,22496937.58,4565922.1,4672634.94,-18485.69,44095217.35
406,6504527.0,2900503.85,2430396.67,101498.93,2366290.77,23975307.38,4937786.85,5986773.6,0.0,49203085.04
407,6504527.0,1641564.22,988280.53,15592889.12,0.0,14795705.28,3033173.27,4418103.89,0.0,46974243.31
408,6504527.0,1984386.47,2374748.61,0.0,75333822.1,17348805.79,3642723.62,6067831.13,-45125.14,113211719.57
409,6504527.0,1142278.24,982664.41,0.0,6428048.39,8807995.94,2021838.27,4243225.36,0.0,30130577.61
410,6504527.0,3109783.07,2222523.53,0.0,0.0,22257159.74,4461735.92,5671057.32,-3192.45,44223594.13
411,6504527.0,1263604.53,1914976.11,2832981.24,89000567.46,10395090.25,2257328.42,6494240.55,0.0,120663315.57
412,6504527.0,1580482.55,3339939.17,12589023.48,267653989.65,10003930.67,2214419.25,5938702.16,-200968.32,309624045.59
413,6504527.0,2915969.37,2217477.76,0.0,74878684.21,16123937.69,3196896.75,5089031.38,-87185.94,110839338.2
414,6504527.0,925052.35,1308655.62,27540336.18,58578240.64,8584491.98,1736253.58,4215653.88,-47612.57,109345598.66
415,6504527.0,1684566.08,2002263.38,4304085.25,78666688.95,13647097.61,2819718.94,6077617.15,-88680.31,115617884.07
416,6504527.0,1702336.28,2063969.48,0.0,70493428.79,14601219.37,3003457.61,5583980.37,-60506.01,103892412.9
417,6504527.0,2675318.71,2763165.23,9875908.64,78607884.2,20473804.2,3980949.78,5394652.33,-7413.66,130268796.43
418,6504527.0,890742.52,448505.88,37550014.2,2061939.99,8907425.15,1731451.53,2545962.06,0.0,60640568.33
419,6504527.0,2595300.74,1323521.04,0.0,0.0,13856563.77,2743420.03,2301414.3,-62135.34,29262611.55
420,6504527.0,3126317.73,3083763.14,6921910.99,78709923.37,23624167.7,4770211.95,5636548.83,-10320.65,132367050.06
421,6504527.0,890994.29,781833.21,0.0,700341.48,7722882.81,1535867.9,3307544.84,0.0,21443991.53
422,6504527.0,790560.39,311884.45,0.0,2825712.58,7498193.26,1567941.67,2626781.75,0.0,22125601.1
423,6504527.0,2696411.81,1676792.39,0.0,0.0,23793023.89,4917527.26,5840446.86,0.0,45428729.2
424,6504527.0,2054245.66,1382997.01,0.0,8115978.6,19684549.09,3818604.67,5749952.93,0.0,47310854.96
425,6504527.0,2969481.33,1692223.73,0.0,466949.5,17164539.14,3497572.59,3065136.56,-32680.33,35327749.54
426,6504527.0,3274496.73,2221731.5,0.0,32309.77,22277021.43,4410218.24,5367665.22,-7164.95,44080804.94
427,6504527.0,4071468.4,3317168.09,3592730.78,2581946.37,32708412.93,6457615.92,5746442.18,0.0,64980311.67
428,6504527.0,2855396.37,3035772.52,15647279.2,17373716.76,28043441.2,5616947.75,7805181.52,0.0,86882262.32
429,6504527.0,1010858.16,1409199.83,38335055.57,58824395.25,9157366.67,1908845.03,4047437.62,0.0,121197685.13
430,6504527.0,1114408.95,708281.28,0.0,97150.26,7046901.81,1576023.42,3241712.63,0.0,20289005.35
431,6504527.0,1999242.96,860712.27,0.0,295384.7,10273222.11,2198473.33,1652814.55,-174530.56,23609846.37
432,6504527.0,1370393.66,542873.36,0.0,435997.63,9199254.96,1782216.38,1758540.62,0.0,21593803.62
433,6504527.0,1210068.31,1243198.07,4578179.87,16251951.54,10562142.51,2182557.03,5853481.26,0.0,48386105.59
434,6504527.0,2210825.05,1743220.72,13613721.8,19534914.65,22059370.97,4496062.41,6895334.47,0.0,77057977.07
435,6504527.0,1424499.05,834755.94,22302548.75,57122.91,13239344.33,2750177.9,4497604.14,0.0,51610580.02
436,6504527.0,1552653.02,2684305.04,10566746.08,153877225.97,12651927.77,2710512.55,5658381.18,0.0,196206278.62
437,6504527.0,2011757.89,1561880.42,0.0,2000488.8,15295177.33,3252904.37,4754943.46,0.0,35381679.28
438,6504527.0,3246017.8,2544413.04,1374320.69,1601301.77,25268273.94,5027276.47,5543821.33,0.0,51109952.04
439,6504527.0,2691055.89,1827169.8,0.0,691407.19,18780722.05,3755526.33,4883663.66,-56278.76,39077793.17
440,6504527.0,2905422.2,1719429.35,0.0,0.0,17680268.61,3469320.93,4432928.45,-48597.51,36663299.05
441,6504527.0,3176387.81,2318760.2,0.0,879952.67,23577021.57,4876000.8,3757970.47,-52590.63,45038029.9
442,6504527.0,2124714.12,1673046.61,0.0,754423.88,16921362.6,3347043.96,4332035.5,-37758.69,35619394.97
443,6504527.0,2084066.89,2065424.66,0.0,70986272.75,14684707.3,3126319.73,5330284.96,-64676.8,104716926.48
444,6504527.0,2653291.76,1771484.25,0.0,428038.44,17918413.56,3743833.16,3601636.65,-26852.9,36594371.92
445,6504527.0,2825030.75,1937359.85,0.0,613264.27,20097301.99,4073848.27,3047085.82,-80527.93,39017890.02
446,6504527.0,2523566.13,1870283.7,1184445.43,76114.41,18674701.77,3720867.3,5538402.21,0.0,40092907.95
447,6504527.0,2701765.18,1856212.09,5298899.4,7980541.61,24654195.83,5085854.86,5787713.71,0.0,59869709.68
448,6504527.0,2785228.59,2295468.55,0.0,754788.37,23002293.26,4572457.14,5105984.35,-12087.2,45008660.08
449,6504527.0,863455.06,908082.87,37184127.57,2289957.73,8634550.56,1674473.67,4172529.4,0.0,62231703.86
450,6504527.0,2019566.14,1630055.36,0.0,200881.79,16732805.18,3487751.8,4158890.89,-46273.61,34688204.57
451,6504527.0,1055276.69,334828.37,0.0,274140.86,3718522.6,865923.65,398351.28,-44413.57,13107156.88
452,6504527.0,3722965.19,2553068.38,4468039.34,0.0,25530683.75,5119564.86,5271019.34,0.0,53169867.85
453,6504527.0,1925695.98,1573128.48,0.0,763679.67,15663234.45,3242351.06,4610807.06,-5278.62,34278145.07
454,6504527.0,614345.32,680721.74,2350009.73,4612833.86,5937238.36,1311092.85,4650631.17,0.0,26661400.01
455,6504527.0,861127.3,1342122.76,2222934.59,68011887.98,7535302.39,1629204.43,5825611.81,-82007.89,93850710.37
456,6504527.0,3687940.62,2278860.18,0.0,860030.8,22972065.22,4657987.24,4677930.74,-28739.12,45610602.68
457,6504527.0,3044283.95,1529042.3,2333278.87,5468078.74,21604434.8,4312460.73,4954700.64,0.0,49750807.03
458,6504527.0,2053058.58,1215427.61,0.0,963142.6,18701922.49,3767111.27,5156476.94,0.0,38361666.5
459,6504527.0,1505937.92,1734710.08,0.0,98083467.98,8017765.65,1536645.97,4271723.38,-52361.76,121602416.21
460,6504527.0,1560778.36,1049724.97,50122089.3,2518954.8,15181313.62,3133071.95,4266272.44,0.0,84336732.44
461,6504527.0,3187278.23,2433708.53,0.0,949162.48,24483398.26,4959240.46,5174609.4,-21124.6,47670799.76
462,6504527.0,3963990.81,2938731.93,0.0,3282607.38,29264657.63,5907360.01,5812423.1,-21937.29,57652360.56
463,6504527.0,2298320.41,1855244.55,0.0,443787.06,18388402.5,3836130.81,5023483.81,0.0,38349896.14
464,6504527.0,1231290.44,633938.98,15922885.99,2660032.63,11010921.08,2434310.5,3774077.46,0.0,44171984.07
465,6504527.0,1921205.11,1051752.0,0.0,0.0,16515931.69,3486195.67,3968842.9,0.0,33448454.36
466,6504527.0,2045508.99,2408467.73,2581185.9,77990892.54,17262232.3,3619859.7,6022452.98,-48818.64,118386308.51
467,6504527.0,2167128.97,1151420.93,0.0,631385.4,14683338.52,2924338.21,2128591.52,0.0,30190730.55
468,6504527.0,2961528.82,2020881.75,0.0,883145.81,20108848.44,4003957.72,4592567.25,0.0,41075456.78
469,6504527.0,2561689.38,1541786.85,0.0,217808.93,15987064.19,3181722.69,3942859.46,-60601.1,33876857.4
470,6504527.0,3083628.62,2427726.63,5129851.85,848989.71,24201032.05,4920643.81,5378030.74,0.0,52494430.41
471,6504527.0,3533667.93,2154989.06,0.0,154387.4,21757686.61,4257484.95,4606789.84,-22486.4,42947046.4
472,6504527.0,692558.94,870086.21,0.0,41714088.22,5045583.04,1136488.18,3617094.46,-43630.02,59536796.02
473,6504527.0,2351370.17,1521012.46,0.0,1093777.63,15331977.31,2983746.01,4031810.63,-23684.39,33794536.82
474,6504527.0,2065884.45,1638955.79,0.0,42508.48,17020514.73,3642274.18,3402154.29,-64196.53,34252622.38
475,6504527.0,1705999.97,1590579.47,0.0,44786279.5,12547534.59,2503123.07,3424672.35,-116412.57,72946303.39
476,6504527.0,1395018.61,1725217.49,12605878.01,24813956.29,13950186.1,2953085.58,7321936.94,0.0,71269806.01
477,6504527.0,3390649.2,2501129.42,0.0,913266.73,24747829.51,5053797.99,5679918.01,0.0,48791117.87
478,6504527.0,852525.94,550252.15,0.0,807977.02,5234452.3,1143320.37,2460076.56,0.0,17553131.36
479,6504527.0,3076261.01,2222374.09,0.0,1569886.03,22144673.09,4577085.48,4911608.14,-21681.3,44984733.54
480,6504527.0,2693490.39,2610920.08,0.0,62840212.05,20847724.33,4221717.49,4195513.06,-53462.33,103860642.07
481,6504527.0,2624197.79,2099831.89,2140339.82,109735.4,20957755.9,4416559.59,5882213.51,0.0,44735160.89
482,6504527.0,2024692.32,1407761.9,0.0,0.0,14487957.73,3037007.4,4527129.82,-41033.87,31948042.31
483,6504527.0,2858916.89,2544871.42,9896506.79,76832107.11,18488503.1,3771795.81,5833237.33,-6488.89,126723976.58
484,6504527.0,2342581.53,1957681.55,0.0,809105.84,19458671.54,4066255.7,5199663.06,0.0,40338486.23
485,6504527.0,1602017.99,753123.47,0.0,425812.29,13177866.28,2801262.93,3262552.33,0.0,28527162.27
486,6504527.0,1494220.07,736478.04,0.0,20294.69,12270178.63,2557242.07,3176836.61,0.0,26759777.1
487,6504527.0,1026507.16,1088250.31,0.0,53947916.79,6558733.84,1456789.1,4297871.59,-87464.88,74793130.9
488,6504527.0,891568.94,949919.05,10488592.12,4244609.45,8758132.48,1654387.29,5178652.55,0.0,38670388.89
489,6504527.0,874416.71,394694.97,0.0,1461010.2,6804345.0,1255004.22,2579413.27,0.0,19873411.37
490,6504527.0,1819835.67,1597815.79,0.0,5263622.23,15413348.86,3238089.83,6536438.85,0.0,40373678.23
491,6504527.0,2618922.38,1494775.37,0.0,0.0,21730862.2,4300144.26,4659818.78,0.0,41309049.99
492,6504527.0,2694467.99,1686868.05,0.0,231863.19,17250253.48,3597741.08,4052187.08,-40884.27,35977023.61
493,6504527.0,1652398.28,736358.9,0.0,63247.91,8808088.28,1828118.55,1398397.94,-146787.84,20844349.01
494,6504527.0,3161621.21,2418482.74,1641066.19,432590.85,24151125.38,4855612.61,5367180.9,0.0,48532206.89
495,6504527.0,1430288.44,1425559.6,2726559.36,10054521.51,13080096.78,2762212.29,5542661.13,0.0,43526426.11
496,6504527.0,2664283.05,2777617.45,0.0,77716217.86,21151965.32,4457327.21,6154435.84,-70607.44,121355766.28
497,6504527.0,1691082.24,806312.17,0.0,0.0,14756989.06,3001322.75,3691403.34,0.0,30451636.56
498,6504527.0,1117358.67,850886.16,0.0,3598.49,9058576.27,1896187.16,3284565.6,-54996.85,22660702.5
499,6504527.0,3513319.18,2439050.96,0.0,822374.86,24349492.6,4960935.76,5235159.66,-22395.89,47802464.12
500,6504527.0,1520792.03,1624608.38,0.0,63791552.18,11202768.47,2294112.66,4510078.01,-97008.62,91351430.11
501,6504527.0,2009131.56,2073712.3,23438894.39,17044630.58,18497053.8,3896837.93,6779972.15,0.0,80244759.7
502,6504527.0,1633534.44,1359357.48,0.0,1860933.89,13271758.39,2644215.26,5645955.24,-21250.77,32899030.93
503,6504527.0,3147572.84,2171239.23,0.0,628657.77,21780357.26,4338120.71,4417627.68,-16864.01,42971238.48
504,6504527.0,1104606.91,1517987.39,0.0,68582230.44,8760584.67,1960921.93,5649236.8,-13729.72,94066365.41
505,6504527.0,2894549.52,1488698.72,0.0,2925912.91,16071379.74,3215122.69,3755562.39,-154640.73,36701112.25
506,6504527.0,2213560.49,1975073.32,5203996.84,10129084.82,18566516.55,3848155.81,6308003.02,0.0,54748917.85
507,6504527.0,1080871.2,775928.22,32618287.18,14555141.66,10808711.99,2085809.81,4515348.22,0.0,72944625.28
508,6504527.0,2870882.45,1962207.71,0.0,1463981.82,19856330.72,3790256.65,4367768.76,-39610.12,40776344.99
509,6504527.0,1666728.0,1927948.08,6772489.75,87407789.83,11017951.28,2374818.3,5371056.22,0.0,123043308.45
510,6504527.0,1670046.83,1763802.4,4436014.82,70841807.7,11755745.46,2302168.47,5179954.2,-82696.19,104371370.68
511,6504527.0,2545906.06,1766269.04,0.0,6367381.54,23745073.1,4882089.95,6684705.13,0.0,52495951.81
512,6504527.0,1273653.87,1272229.32,0.0,68207390.42,7908048.61,1682077.22,5191738.49,-173587.37,91866077.56
513,6504527.0,1613949.54,681006.92,0.0,780323.99,12688844.8,2530201.88,2734921.59,0.0,27533775.74
514,6504527.0,2305879.84,1020840.09,0.0,407382.43,16246582.15,3211853.33,3720137.54,0.0,33417202.38
515,6504527.0,2938844.24,1243122.41,0.0,1602086.88,12461342.47,2555331.86,2223312.75,-62231.94,29466335.66
516,6504527.0,3131372.07,2413150.75,1209016.48,1705329.16,23957818.46,4714600.14,5480672.0,0.0,49116486.05
517,6504527.0,1166390.27,935538.45,0.0,60378.25,9567760.51,2020961.57,3447329.05,-22796.9,23680088.19
518,6504527.0,1283441.62,789525.38,826108.8,1703873.51,12428082.58,2562059.69,4928805.6,0.0,31026424.18
519,6504527.0,1411722.23,1153472.09,0.0,97275.15,11505264.25,2465123.91,4031900.03,0.0,27169284.65
520,6504527.0,2457321.5,1593296.58,0.0,4170824.08,22425982.26,4541027.77,6829865.12,0.0,48522844.3
521,6504527.0,1277057.13,795758.8,8889423.01,5101600.08,11972534.78,2591283.1,4541198.53,0.0,41673382.44
522,6504527.0,818182.21,492384.24,4531058.34,14443260.46,7848316.46,1757093.99,3348586.45,0.0,39743409.15
523,6504527.0,2700019.82,1373376.04,0.0,3352082.85,20220047.95,4074857.19,5386283.4,0.0,43611194.25
524,6504527.0,937455.79,525195.2,0.0,5428834.04,9374557.88,1940888.4,3358915.69,0.0,28070373.99
525,6504527.0,1311945.02,1224201.5,0.0,10855297.92,10759302.54,2302760.04,5352892.17,0.0,38310926.2
526,6504527.0,1441030.92,1144910.3,0.0,340314.69,11498017.26,2320324.91,4124666.04,-17470.94,27356320.18
527,6504527.0,960902.83,1939108.09,0.0,147772186.37,5597908.51,1251022.36,5644047.8,-254108.31,169415594.64
528,6504527.0,1897686.04,2050668.21,0.0,66292813.94,15345022.59,3260981.14,4980224.23,-93714.36,100238208.79
529,6504527.0,1099333.94,1127766.7,0.0,10461651.03,9880716.65,2086617.12,5300818.85,0.0,36461431.3
530,6504527.0,2370078.78,2956048.35,10071411.62,155791465.77,16052228.79,3319469.54,5276321.3,-96603.2,202244947.94
531,6504527.0,1445036.74,118913.49,0.0,662428.24,2775192.49,882947.94,152591.74,-163948.28,12377689.36
532,6504527.0,4389631.87,3175313.91,2102931.12,3144982.14,30794709.0,6337418.97,5619731.7,0.0,62069245.71
533,6504527.0,2925306.4,1632353.05,0.0,2024639.27,23065779.41,4775179.04,4394500.23,0.0,45322284.41
534,6504527.0,1833209.68,1672731.83,2548596.93,4562553.05,16193898.85,3388181.26,6263410.55,0.0,42967109.16
535,6504527.0,959050.51,1061850.84,0.0,73153808.54,4074157.95,972439.11,2736482.99,-190675.44,89271641.51
536,6504527.0,444376.35,250969.58,0.0,13150149.19,1586470.81,410158.59,825951.37,-14090.56,23158512.31
537,6504527.0,1439799.89,1700085.73,5523346.14,20590149.61,14397998.88,2990453.55,7502731.92,0.0,60649092.73
538,6504527.0,292717.84,49805.81,0.0,91050.18,1332049.25,382027.83,162875.35,0.0,8815053.25
539,6504527.0,1367312.28,1316994.08,0.0,2928710.62,12457135.91,2420684.25,5373374.48,-1691.19,32367047.43
540,6504527.0,1873824.37,1367800.67,0.0,48466645.89,10241987.15,2086290.58,3276597.4,-115128.64,73702544.42
541,6504527.0,831023.89,412422.37,2375553.16,12250961.03,7279513.01,1593941.25,3173518.48,0.0,34421460.19
542,6504527.0,1747733.31,2063456.12,0.0,73685512.43,14239583.22,3009243.07,5440722.61,-43870.82,106646906.93
543,6504527.0,1574748.33,954864.33,0.0,458045.94,10093078.26,2107701.86,2294494.31,-60139.61,23927320.42
544,6504527.0,1229768.97,1598276.93,0.0,64202723.46,9860611.96,1943419.51,5472068.58,-26529.68,90784866.74
545,6504527.0,3135259.85,1968135.25,0.0,302103.97,26685141.63,5511297.89,5119523.41,0.0,49225989.0
546,6504527.0,1007342.05,1038590.65,0.0,12916799.8,8817902.6,1842459.53,5288567.63,0.0,37416189.26
547,6504527.0,1306479.84,809752.69,0.0,176234.8,8635291.13,1933244.31,2969212.58,-60290.83,22274451.52
548,6504527.0,1179074.0,383126.24,0.0,8539579.42,7917349.28,1643696.58,3101053.08,0.0,29268405.59
549,6504527.0,1570136.68,803138.16,0.0,544932.73,14415381.83,2990678.54,4104309.41,0.0,30933104.35
550,6504527.0,2803225.4,1993191.54,0.0,114871.44,20304688.35,4056963.02,4131052.01,-41523.44,39866995.32
551,6504527.0,607631.87,229041.88,0.0,352781.95,4868966.14,934835.3,1419668.49,0.0,14917452.63
552,6504527.0,1594573.31,805836.89,0.0,7140739.48,14248627.19,2925905.9,4224634.34,0.0,37444844.11
553,6504527.0,939179.81,468970.75,35280079.74,2136883.58,9364688.65,1821090.16,2741029.58,0.0,59256449.27
554,6504527.0,2136917.08,1120603.67,0.0,854119.96,17649929.3,3727687.2,4056904.25,0.0,36050688.46
555,6504527.0,1050819.7,924299.08,0.0,3514543.32,8683928.1,1851650.91,4655199.8,0.0,27184967.91
556,6504527.0,1572401.23,766667.86,0.0,808078.9,13509820.38,2809827.3,3297687.7,0.0,29269010.37
557,6504527.0,1567960.43,1742256.79,10523752.51,17754357.89,15349829.04,3183549.25,7222297.14,0.0,63848530.06
558,6504527.0,3185479.5,2191787.33,0.0,0.0,21963406.53,4362453.61,4831810.04,-4553.33,43034910.68
559,6504527.0,1746350.29,1120061.76,0.0,8995374.13,16510604.92,3523034.35,4591804.79,0.0,42991757.23
560,6504527.0,2155459.92,1807782.96,0.0,322441.77,18061107.95,3638081.68,5449753.77,-602.39,37938552.65
561,6504527.0,929994.33,552147.94,0.0,366775.38,6021880.42,1273070.37,2221492.54,-55765.38,17814122.6
562,6504527.0,1668976.87,1157680.62,0.0,899181.06,11799050.33,2493224.84,4979017.35,-55462.06,29446196.01
563,6504527.0,2094552.18,1564295.93,4572382.28,15884274.37,20772201.65,4181477.76,7565480.37,0.0,63139191.55
564,6504527.0,1807501.57,1372973.86,0.0,848845.7,13954806.32,2796643.17,4351474.67,-31063.02,31605709.27
565,6504527.0,1236494.21,1195680.04,0.0,39265395.47,9563117.79,1912787.8,3036561.66,-143163.76,62571400.22
566,6504527.0,2563517.13,1638020.39,0.0,120383.81,16903781.09,3345163.78,3975455.84,-53134.67,34997714.35
567,6504527.0,1262878.21,1044522.88,0.0,71968.67,10868045.57,2193738.88,3590175.8,-42878.09,25492978.93
568,6504527.0,1108582.47,492980.93,0.0,1358672.23,9308320.11,2197164.87,3122034.3,0.0,24092281.92
569,6504527.0,1247658.56,971371.22,0.0,201604.35,10495191.05,2252353.38,3321983.7,-83474.74,24911214.52
570,6504527.0,1366638.54,1632777.92,17882750.2,21012960.17,13666385.38,2793202.61,7119295.35,0.0,71978537.17
571,6504527.0,1049080.45,456063.57,0.0,424705.69,9368746.5,2115028.82,2458977.62,0.0,22377129.65
572,6504527.0,1134508.42,718676.89,0.0,26578593.81,5486968.52,1140971.25,2539534.48,-111196.5,43992583.87
573,6504527.0,1429187.89,1357474.53,0.0,10682003.81,12325885.55,2501921.05,5294412.16,0.0,40095412.0
574,6504527.0,1124770.89,825869.63,49847061.19,13502192.1,11247708.87,2165589.05,4254165.23,0.0,89471883.96
575,6504527.0,1432245.25,1339031.97,0.0,9454975.65,12284914.85,2536732.57,4941080.15,0.0,38493507.43
576,6504527.0,1588242.57,1183295.23,0.0,197302.6,12396098.56,2586725.47,3921171.26,-60538.22,28316824.46
577,6504527.0,1141486.83,1648400.24,0.0,75216406.73,9610191.81,2057773.12,5603819.24,0.0,101782604.96
578,6504527.0,2168913.78,2366079.87,0.0,132436090.43,12240292.3,2501588.53,5176815.99,-109325.07,163284982.83
579,6504527.0,1816414.57,1354075.22,0.0,5528589.65,12866467.32,2589173.77,4150881.36,0.0,34810128.89
580,6504527.0,2005635.62,1711068.56,0.0,37317.31,17472278.05,3583526.17,4972517.41,-37538.66,36249331.46
581,6504527.0,3257598.38,2010750.94,0.0,793138.93,27047534.71,5483141.05,4850046.37,0.0,49946737.37
582,6504527.0,1206782.64,734649.48,7194618.94,5433240.22,11309682.63,2488300.49,4121844.05,0.0,38993645.45
583,6504527.0,1119263.23,631174.87,0.0,117459.23,7157238.4,1570530.88,2551431.34,-88890.77,19562734.18
584,6504527.0,3004927.5,1826461.44,0.0,3149124.01,18834830.87,3650070.1,4281142.9,-93557.03,41157526.8
585,6504527.0,1994073.98,922500.02,0.0,456891.2,15964001.89,3306293.37,3869381.97,0.0,33017669.44
586,6504527.0,976982.76,376814.09,0.0,12624846.17,6962291.92,1662001.65,2737662.79,0.0,31845126.38
587,6504527.0,2918214.75,2153255.85,6690354.26,11809099.55,27171440.69,5671471.42,6450890.7,0.0,69369254.22
588,6504527.0,2046268.28,1342922.35,0.0,40581302.3,10434252.47,2306566.22,3271339.96,-89884.62,66397293.96
589,6504527.0,1398074.57,814902.23,0.0,299576.67,8930318.66,1985953.35,2120535.12,-80612.27,21973275.32
590,6504527.0,2214323.57,1879644.87,2710347.75,0.0,18796448.74,3847704.07,5598128.16,0.0,41551124.17
591,6504527.0,1795504.26,948173.68,0.0,11546127.25,15156950.25,3067925.61,5167191.07,0.0,44186399.12
592,6504527.0,2371732.42,1629235.22,0.0,1358466.87,16440684.97,3135451.97,3409997.61,-29032.87,34821063.19
593,6504527.0,1524856.92,2196158.86,5796714.34,88017166.77,13555180.12,2756211.96,6827247.7,0.0,127178063.68
594,6504527.0,933493.39,1216339.81,35685710.25,56787080.71,8325971.31,1674328.11,3979803.67,-98212.43,115009041.82
595,6504527.0,2077320.77,1231366.9,0.0,7439927.58,17925171.06,3708387.48,4487214.21,0.0,43373915.0
596,6504527.0,1912010.51,1007383.37,0.0,265504.79,10716329.62,2218501.14,2278222.8,-71892.14,24830587.07
597,6504527.0,1340905.36,987238.93,0.0,1294703.87,10369446.55,2273433.68,4006530.55,-73140.87,26703645.07
598,6504527.0,1044840.24,566604.83,0.0,3491960.53,9800464.96,2083694.7,3354106.98,0.0,26846199.23
599,6504527.0,1109928.26,824405.14,44872224.33,15438280.8,11099282.6,2133114.29,4296149.65,0.0,86277912.07
600,6504527.0,2816858.41,2118266.38,6790120.02,10528437.85,26965332.74,5528217.26,6388303.62,0.0,67640063.28
601,6504527.0,1086193.55,863041.71,0.0,382981.72,9185202.97,2000466.54,3031335.83,-68043.99,22985705.33
602,6504527.0,3033415.14,1961266.68,0.0,427353.03,19991742.08,3968723.05,4434416.99,-41273.79,40280170.18
603,6504527.0,1381125.25,2117940.58,0.0,89018566.46,12650715.23,2645348.29,6657821.43,0.0,120976044.23
604,6504527.0,2102391.66,2052501.73,0.0,6403163.43,20030677.42,4012208.86,6646239.14,-33667.93,47718041.32
605,6504527.0,2738237.24,892568.32,0.0,437256.71,9069149.23,1959237.46,1783760.35,-24768.49,23359967.82
606,6504527.0,3168719.65,2445428.95,5311247.56,720429.74,24398991.62,4910487.4,5551104.22,0.0,53010936.14
607,6504527.0,1416699.77,1712705.93,8400257.27,22846770.26,14166997.68,2957614.01,7237094.07,0.0,65242665.98
608,6504527.0,2265429.46,1953258.92,0.0,417008.7,19963719.68,4079099.67,5191042.92,-47909.38,40326176.96
609,6504527.0,1541698.31,815433.06,0.0,2953530.82,13963392.55,3015800.24,3759214.64,0.0,32553596.63
610,6504527.0,1820140.31,1115670.16,0.0,1506225.6,11943137.09,2361803.44,3657045.94,-94177.68,28814371.86
611,6504527.0,1289417.92,1052649.95,0.0,3660724.82,10098515.02,2031545.69,4284671.77,0.0,28922052.18
612,6504527.0,3498132.12,1888093.49,0.0,427629.64,18997751.09,3863855.55,3946730.7,-16530.92,39110188.68
613,6504527.0,2111836.17,2442650.12,3678831.13,143014533.73,12008563.06,2561007.89,5946017.79,-87066.35,178180900.54
614,6504527.0,1575976.78,1094541.98,0.0,517702.72,11582878.01,2453018.38,2286041.54,-67993.5,25946692.93
615,6504527.0,2514244.79,1370051.62,0.0,1769685.44,14267418.37,2703787.88,2904413.72,-75437.9,31958690.92
616,6504527.0,2806492.28,1920253.16,0.0,920963.47,19733380.63,3963829.61,4281081.83,-61544.61,40068983.37
617,6504527.0,1585404.12,1050699.58,26188955.32,8235873.44,14337656.4,2827100.89,4464320.99,0.0,65194537.75
618,6504527.0,1344707.76,1301471.14,0.0,8075124.35,11941615.34,2488857.59,5022880.21,0.0,36679183.39
619,6504527.0,951166.21,934900.76,0.0,35727300.7,6968083.65,1504612.24,3189377.07,-114213.49,55665754.14
620,6504527.0,2031151.68,644115.83,0.0,0.0,12017957.79,2529193.34,2740401.24,0.0,26467346.88
621,6504527.0,1426621.25,1094010.93,0.0,3661889.45,10435900.95,2189307.46,4159579.99,0.0,29471837.03
622,6504527.0,2236765.39,1914649.03,1921050.1,0.0,19146490.25,3827177.84,5666389.39,0.0,41217048.99
623,6504527.0,3336427.59,2594495.68,0.0,2311370.65,25732625.12,5116552.7,5732514.55,-2354.81,51326158.49
624,6504527.0,1071701.5,554118.41,0.0,5102472.69,9785462.86,1980262.55,3325424.02,0.0,28323969.04
625,6504527.0,617237.05,244280.8,0.0,840113.66,5335514.76,1149577.55,1920320.96,0.0,16611571.8
626,6504527.0,1676967.76,1946413.73,0.0,63767705.9,13859318.06,2789345.38,4987718.37,-54146.39,95477849.81
627,6504527.0,1839017.96,1483517.44,0.0,1112815.15,14923570.47,3160602.73,4295794.58,-26812.1,33293033.22
628,6504527.0,2728387.32,2410210.61,8607075.84,3954407.62,23639786.41,4929079.8,5875457.44,0.0,58648932.05
629,6504527.0,1942046.86,1482554.31,0.0,0.0,15536487.92,3087773.43,3525131.56,-71094.48,32007426.59
630,6504527.0,2070691.9,1621446.05,32187368.35,20041894.28,20698261.76,4209993.22,6859674.85,0.0,94193857.42
631,6504527.0,681628.64,959441.28,0.0,58933540.15,4843307.1,1095455.19,3722086.42,-132752.66,76607233.11
632,6504527.0,3708954.42,2520320.13,0.0,70341.55,25301235.11,4905722.89,4851554.95,-12403.52,47850252.53
633,6504527.0,1163717.03,1740397.3,3433694.54,80603495.95,9824160.7,2005389.67,6594778.58,0.0,111870160.77
634,6504527.0,1117213.67,444841.62,0.0,176244.94,8464740.77,1852595.92,1724367.21,0.0,20284531.13
635,6504527.0,2844739.16,1991420.21,0.0,0.0,26939302.13,5358077.86,5578868.78,0.0,49216935.15
636,6504527.0,1156890.83,657330.76,18870315.31,3935737.64,10664537.41,2358609.51,4009317.68,0.0,48157266.14
637,6504527.0,2102750.06,1875958.84,0.0,2384100.91,18954205.0,3856593.67,5716821.08,-50408.78,41344547.77
638,6504527.0,3315608.17,2615314.15,10477085.57,1905152.36,25953363.79,5176205.78,5749290.33,0.0,61696547.15
639,6504527.0,2760292.87,1878201.52,0.0,293884.28,18787889.72,3887541.21,4012386.38,-2894.75,38121828.24
640,6504527.0,948257.68,611016.65,0.0,128551.43,6795761.78,1541158.34,2942696.73,-70744.65,19401224.98
641,6504527.0,2605746.72,2719813.19,0.0,77653787.25,20194206.78,4317768.92,5937320.67,-9786.29,119923384.23
642,6504527.0,1424315.55,761838.85,24408581.3,0.0,12531288.5,2718120.23,3314204.09,0.0,51662875.52
643,6504527.0,1504638.81,3009318.24,0.0,206569321.35,12119808.76,2579421.62,5532421.13,-175551.64,237643905.27
644,6504527.0,1979897.05,775741.66,0.0,1204654.07,11907358.1,2456030.66,2095215.45,0.0,26923423.98
645,6504527.0,2366392.41,1220893.54,0.0,0.0,18352712.6,3691012.1,3743207.36,0.0,35878745.01
646,6504527.0,2465969.49,1519928.2,0.0,116973.61,15320528.16,3126069.13,4917591.66,-16448.47,33955138.78
647,6504527.0,1905611.43,1003620.89,0.0,579688.26,15406035.9,3122592.79,3048537.48,0.0,31570613.75
648,6504527.0,2968045.6,1749345.9,0.0,439759.15,17698047.55,3522663.92,3446493.73,-24614.3,36304268.55
649,6504527.0,1163651.35,1171974.15,0.0,13580657.14,9810005.57,2073906.59,5681992.28,0.0,39986714.07
650,6504527.0,1628232.79,1284729.39,0.0,2433581.25,12736925.57,2563494.97,4346197.82,-19370.51,31478318.28
651,6504527.0,2538266.35,1585814.01,0.0,2670776.25,15633270.56,2961637.45,2577978.61,-51515.81,34420754.42
652,6504527.0,2268738.84,1092433.35,0.0,50659.96,12285573.98,2494920.22,2087670.32,-136622.65,26647901.01
653,6504527.0,2383639.06,2500574.12,0.0,74825921.93,18711306.26,3853202.89,5500703.97,-54846.06,114225029.18
654,6504527.0,965912.87,609073.85,8935860.56,8844733.15,9659128.67,1832336.51,3635944.79,0.0,40987517.39
655,6504527.0,2639901.06,1919449.55,0.0,63782.44,19819232.76,3949711.3,4277956.66,-64831.4,39109729.37
656,6504527.0,4377715.07,3123802.64,15500244.88,3340871.77,37904778.81,7673690.84,6877472.7,0.0,85303103.7
657,6504527.0,2485517.97,1124448.54,0.0,1602632.8,17770776.37,3567607.82,3887494.76,0.0,36943005.27
658,6504527.0,2654065.88,1310087.41,0.0,178492.66,13246982.49,2769608.39,2472000.76,-16126.78,29119637.8
659,6504527.0,2559180.26,2017329.91,0.0,61963615.58,15481113.88,3010293.38,4493502.21,-116240.32,95913321.91
660,6504527.0,2151473.85,1762516.89,22145721.2,25009467.0,21514738.46,4404949.01,7125587.5,0.0,90618980.91
661,6504527.0,1382493.68,1406698.73,0.0,58890205.11,8011386.0,1570368.61,5009734.74,0.0,82775413.87
662,6504527.0,3263377.29,1749158.46,3313826.2,1267929.81,24427242.75,4850652.76,5160732.9,0.0,50537447.18
663,6504527.0,2809576.34,2364635.3,0.0,66397840.09,18104142.95,3565191.82,4648504.08,-73148.35,104321269.23
664,6504527.0,2384247.39,2053959.77,0.0,15194.05,20734163.36,4140782.42,5655942.98,-19563.75,41469253.22
665,6504527.0,1789460.13,873651.46,0.0,656193.25,8890241.82,1850303.5,1930737.2,-21760.92,22473353.43
666,6504527.0,1056838.66,1133015.11,0.0,10140126.56,9854492.68,2105999.59,4948855.34,0.0,35743854.94
667,6504527.0,1278482.19,1019792.29,0.0,71554.29,10330176.49,2164193.72,3670270.86,-15870.31,25023126.53
668,6504527.0,1244304.51,532515.07,0.0,1366070.78,10141724.53,2144671.08,2629369.52,0.0,24563182.49
669,6504527.0,1595371.56,2190324.86,0.0,77052312.3,15070083.21,3181976.3,6521172.12,-35330.47,112080436.88
670,6504527.0,720516.07,693162.62,1854629.94,3071478.63,6565025.43,1472500.69,3609280.17,0.0,24491120.55
671,6504527.0,915108.58,1521444.87,0.0,70535323.07,8742015.05,1804018.42,6573986.16,-14562.24,96581860.9
672,6504527.0,1470654.42,829242.67,4475624.96,804223.48,12908050.64,2793801.73,3847941.48,0.0,33634066.38
673,6504527.0,3653749.02,2430880.7,3197796.89,34803.11,31329838.06,6240429.7,5439163.48,0.0,58831187.96
674,6504527.0,1624729.81,1278695.06,0.0,549959.52,12642984.57,2679108.21,4647141.58,0.0,29927145.76
675,6504527.0,1425123.3,1371746.39,0.0,10768740.57,12451764.92,2567318.68,5309666.58,0.0,40398887.43
676,6504527.0,1812693.37,1059525.77,0.0,398527.43,10459665.07,2208500.83,2756786.76,0.0,25200226.23
677,6504527.0,1928451.38,2141183.5,0.0,76756731.75,14578182.94,3220100.89,5832930.12,-27833.1,110934274.48
678,6504527.0,988067.46,819908.75,0.0,876258.08,8568432.16,1794258.52,3564202.88,-53630.46,23062024.39
679,6504527.0,2144597.36,1839775.06,0.0,298255.21,18408427.25,3622309.47,5687743.85,-12092.48,38493542.72
680,6504527.0,3802672.33,2249327.4,3028258.16,0.0,29518373.95,5981289.13,5607712.17,0.0,56692160.13
681,6504527.0,1270312.24,543061.35,0.0,12740347.4,5231201.61,1086517.37,784399.43,-101392.87,28058973.52
682,6504527.0,988395.71,422118.43,0.0,10086321.73,4083914.59,1047317.25,616586.75,-77944.03,23671237.44
683,6504527.0,1532057.41,420708.15,0.0,98284.82,8541155.32,1864940.08,1688932.61,0.0,20650605.38
684,6504527.0,2207912.8,1441365.94,0.0,1009158.66,14951168.71,2917071.45,3537669.72,-64622.33,32504251.94
685,6504527.0,726931.07,688302.26,2020747.75,17778475.54,5342693.62,1085846.85,3313655.06,0.0,37461179.15
686,6504527.0,2652881.8,1567045.89,0.0,2540023.14,16043523.88,3102684.74,2869305.01,-88883.93,35191107.54
687,6504527.0,2401407.24,1462955.18,0.0,148718.15,15265252.87,3060063.19,2768660.61,-68637.58,31542946.66
688,6504527.0,3221271.73,2377517.79,0.0,2483120.79,23279688.58,4742662.72,5199503.94,-320.86,47807971.7
689,6504527.0,2523510.49,1419062.72,0.0,0.0,21165979.92,4361406.93,5178447.21,0.0,41152934.26
690,6504527.0,3119133.56,2056860.42,0.0,789349.28,20486883.29,4231721.38,4776308.06,0.0,41964782.98
691,6504527.0,1143926.25,2533361.98,7805164.65,228000304.19,5291322.72,1127708.04,6639538.72,-260050.88,258785802.67
692,6504527.0,2032646.74,1282348.91,0.0,889898.99,13247438.46,2723006.09,3476695.26,-51785.96,30104775.49
693,6504527.0,1383185.06,1118110.17,0.0,558775.01,11190104.52,2287920.29,4210537.09,-7656.17,27245502.97
694,6504527.0,1266277.2,957591.6,0.0,1760489.03,9275607.58,1971941.5,4815873.47,0.0,26552307.39
695,6504527.0,1205225.88,1147350.35,0.0,42143773.51,7499547.29,1536334.22,3511196.18,-37581.27,63510373.16
696,6504527.0,2359925.66,1750892.49,0.0,396272.13,17362445.47,3634663.26,4661845.55,0.0,36670571.56
697,6504527.0,1200755.18,617927.38,0.0,97099.1,7780221.4,1631737.65,1833926.53,-160899.44,19505294.79
698,6504527.0,707531.47,327603.26,0.0,1483774.75,5993744.66,1141201.6,2076414.93,0.0,18234797.66
699,6504527.0,2003701.67,2575294.78,8955123.42,80114358.95,18758605.24,3779992.53,7206347.19,-60402.4,129837548.37
700,6504527.0,2353889.32,1540246.02,0.0,2312501.85,15741167.88,2954206.27,3417258.87,-60849.3,34762947.92
701,6504527.0,1410187.03,1264289.75,0.0,57631146.34,8065458.66,1692187.36,4486140.5,-91878.97,80962057.65
702,6504527.0,2741732.53,2197098.79,0.0,68110866.59,15938804.14,3215460.2,5193846.97,-41139.87,103861196.33
703,6504527.0,2689916.83,2675154.54,0.0,68642353.34,20861853.79,4147628.91,5099124.91,-67785.92,110552773.39
704,6504527.0,1366167.17,1615060.2,0.0,63443007.97,11254733.4,2415057.48,4993105.91,-91050.07,91500609.06
705,6504527.0,1752214.63,1268387.45,0.0,26891895.68,11097925.53,2440863.68,1632874.65,-70863.4,51517825.22
706,6504527.0,2113615.28,1859554.17,1350411.34,6947058.36,17557913.31,3767422.81,5970654.52,0.0,46071156.79
707,6504527.0,1535246.54,809762.58,27054071.64,0.0,13010525.78,2770506.24,3874202.09,0.0,55558841.86
708,6504527.0,1218205.36,318481.06,0.0,409418.52,6370814.59,1275746.38,1217235.71,0.0,17314428.63
709,6504527.0,1734978.0,922179.35,0.0,2315653.14,15497854.27,3261214.91,4274182.91,0.0,34510589.58
710,6504527.0,3253983.78,2215414.27,0.0,1315817.89,22375883.41,4463129.85,5110520.04,-36863.81,45202412.43
711,6504527.0,1391744.33,840611.18,0.0,1218853.87,9364200.88,1884036.79,2158339.82,-107748.25,23254565.62
712,6504527.0,2548244.15,1656086.33,0.0,123057.86,16832542.6,3444768.78,4739336.16,-31716.68,35816846.2
713,6504527.0,3281474.02,2124352.55,0.0,59163.83,21400308.29,4286179.57,4620428.5,-16332.36,42260101.41
714,6504527.0,3939214.5,2004000.7,4632665.4,1120137.23,26986090.61,5426368.99,5043331.95,0.0,55656336.37
715,6504527.0,3086604.54,2074754.56,0.0,3112262.96,20830904.57,4089051.5,4371629.17,-37476.29,44032258.01
716,6504527.0,1735817.69,1842268.96,4805727.84,76832107.11,12443153.54,2527117.66,5206075.32,-104556.4,111792238.72
717,6504527.0,2591298.16,1434587.81,0.0,403662.42,14831503.1,2845779.71,2529584.87,-53089.5,31087853.57
718,6504527.0,3384231.1,2049422.09,0.0,553636.76,20932515.24,4257519.67,3941385.46,-49033.67,41574203.66
719,6504527.0,1887887.86,1619293.17,0.0,1349660.67,16257128.07,3383426.57,5736304.95,-15939.12,36722289.17
720,6504527.0,2839631.14,1906972.59,0.0,662877.45,19365733.33,3866390.1,4211065.83,-36063.97,39321133.48
721,6504527.0,1427833.01,272477.27,0.0,282407.26,6802566.28,1451515.11,1172017.28,0.0,17913343.21
722,6504527.0,1527749.19,952809.88,31341487.71,0.0,14440998.81,3166651.72,4305349.52,0.0,62239573.83
723,6504527.0,744332.96,685700.47,0.0,0.0,6976131.1,1495422.58,3421569.24,-11912.64,19815770.7
724,6504527.0,1537590.55,691463.34,0.0,477472.62,12851433.51,2677007.91,3305744.78,0.0,28045239.71
725,6504527.0,1094657.16,831609.01,0.0,576458.55,8714049.97,1884148.3,3118594.62,-61104.41,22662940.2
726,6504527.0,959919.85,485295.85,0.0,700896.03,8721375.28,1830385.39,2556522.85,0.0,21758922.25
727,6504527.0,1023479.68,2689325.93,5191381.68,221406514.42,7491370.98,1547187.06,6602178.83,-256592.25,252199373.32
728,6504527.0,3582762.26,2647841.17,0.0,2502815.47,26276758.53,5157598.09,5505210.82,-2094.15,52175419.19
729,6504527.0,1125596.67,652340.66,8463154.11,6616559.68,10349826.56,2262450.79,3309880.36,0.0,39284335.81
730,6504527.0,1213132.74,573122.95,9251990.23,200980.65,10630115.07,2199894.62,3276466.54,0.0,33850229.79
731,6504527.0,1454259.02,1135753.21,0.0,1953140.73,11060012.74,2406281.69,3919816.27,0.0,28433790.66
732,6504527.0,2578000.59,2019739.07,0.0,253712.06,20565627.71,4298396.75,4132947.34,-46202.01,40306748.51
733,6504527.0,1403552.16,1624142.99,8667800.9,19094358.38,13949336.43,2891502.24,7479105.17,0.0,61614325.27
734,6504527.0,2876912.6,1799628.87,0.0,1717244.07,18735500.89,3620187.63,4154205.75,-90281.09,39317925.72
735,6504527.0,3532805.45,2546971.45,1933096.47,2824209.76,25160717.38,5019812.64,5446189.89,0.0,52968330.04
736,6504527.0,3326895.63,1947552.47,0.0,1334316.3,19941775.5,3906533.1,4174625.92,-68098.06,41068127.86
737,6504527.0,1417048.68,1291675.11,0.0,15141942.4,11075708.6,2315152.85,5175592.91,0.0,42921647.54
738,6504527.0,1286838.2,1173158.02,0.0,8191994.0,10436181.2,2267357.27,4503465.59,0.0,34363521.29
739,6504527.0,2026946.38,1597087.94,0.0,0.0,16143635.68,3426421.97,5326086.48,-17275.63,35007429.83
740,6504527.0,2604567.78,1702346.74,0.0,534633.86,17489721.37,3425796.01,4030239.59,-51986.02,36239846.32
741,6504527.0,1406483.85,1177668.59,0.0,302174.01,12036444.04,2394951.61,4290330.3,-35343.61,28077235.78
742,6504527.0,3144690.88,2127304.53,11754239.03,0.0,21273045.25,4233855.25,5286302.25,0.0,54323964.18
743,6504527.0,2824245.29,1833464.58,0.0,1458355.79,18680832.38,3672737.59,3441838.73,-51898.66,38364102.69
744,6504527.0,2858175.16,1849935.82,0.0,1606685.16,18436559.16,3714985.29,5516110.01,-7980.17,40478997.44
745,6504527.0,602157.44,187528.53,0.0,8998.61,5438772.19,1313948.9,1471816.91,0.0,15527749.58
746,6504527.0,1141749.49,1343935.47,0.0,54306979.27,9389545.21,1954802.08,4190506.24,-100045.32,78731999.43
747,6504527.0,1388715.0,1604713.35,7891670.25,18587479.15,13800324.66,2798537.3,7723772.89,0.0,60299739.59
748,6504527.0,1384888.8,873308.69,1527333.32,664534.62,13406651.86,2748153.95,4602721.35,0.0,31712119.6
749,6504527.0,2002469.41,1903083.63,0.0,67476013.17,13279096.59,2823138.18,5072508.27,-59070.77,99001765.48
750,6504527.0,2168841.38,1271049.12,0.0,895592.8,13219278.11,2712134.45,3389543.0,-60253.59,30100712.26
751,6504527.0,1986847.09,1674815.37,0.0,4537238.0,16222978.74,3382540.45,5967555.9,-528.49,40275974.07
752,6504527.0,1943769.16,878936.82,0.0,6041.52,9586788.06,1939913.13,1765638.37,-79784.11,22545829.95
753,6504527.0,3099109.62,2423538.23,0.0,1193869.46,24349346.96,5313194.63,4142553.93,-26695.67,46999444.16
754,6504527.0,3688480.84,2545062.09,3002854.34,693365.68,32364131.6,6624114.22,5911630.86,0.0,61334166.63
755,6504527.0,3748725.61,2122812.02,0.0,154482.62,21598106.21,4242813.29,3530933.66,-39653.18,41862747.22
756,6504527.0,1717020.67,818903.54,0.0,20595.89,12776995.61,2569623.91,2261672.27,0.0,26669338.89
757,6504527.0,1333025.3,2361843.66,0.0,169728831.86,7463101.85,1724090.68,5829411.46,-64935.43,194879896.38
758,6504527.0,1277041.97,601033.33,0.0,22047.94,7015285.41,1429660.32,1846313.12,-100677.93,18595231.16
759,6504527.0,2463602.87,1249419.43,0.0,1302021.03,17158211.38,3772073.03,2645637.4,0.0,35095492.15
760,6504527.0,2108990.63,2421496.24,8072144.44,82869235.85,16892741.9,3496821.06,6442333.17,-51606.95,128756683.34
761,6504527.0,1014420.9,473327.12,28646655.44,680002.74,9598202.63,1894867.54,2973217.84,0.0,51785221.2
762,6504527.0,2160247.11,1412523.98,0.0,11148522.42,19618394.32,4079820.42,5714613.83,0.0,50638649.08
763,6504527.0,2602161.06,1433931.07,0.0,246937.39,14955939.46,3075582.64,2534231.03,-68003.27,31285306.39
764,6504527.0,1977913.42,1549105.26,0.0,1457072.75,15320244.39,3140630.89,3988776.41,-15869.02,33922401.1
765,6504527.0,2603843.22,1944576.33,8323318.57,0.0,19445763.28,4032587.8,5423265.57,0.0,48277881.76
766,6504527.0,1444938.67,898732.53,13251427.04,0.0,13900225.27,2938895.82,4133765.6,0.0,43072511.93
767,6504527.0,979252.21,886869.27,0.0,1676193.31,9074166.91,1776774.18,4423427.33,-60134.21,25261075.98
768,6504527.0,1138335.84,1379520.99,0.0,53484881.45,9341323.1,2005983.39,4299788.07,-77634.57,78076725.27
769,6504527.0,1256257.67,699858.9,0.0,93520.58,7551720.4,1602998.38,2293558.36,-58389.14,19944052.15
770,6504527.0,4152294.09,3092565.46,0.0,3124671.25,30445783.05,5988278.32,5894674.5,-1760.66,59201033.0
771,6504527.0,3339016.78,1216034.17,0.0,221828.69,18195520.35,3490744.93,3786388.66,0.0,36754060.57
772,6504527.0,1315257.4,1132808.37,0.0,6866461.46,10525308.51,2300475.23,4161359.06,0.0,32806197.02
773,6504527.0,2371304.53,1920915.11,0.0,2568365.76,18823803.42,4001384.56,5056406.66,0.0,41246707.05
774,6504527.0,1249781.9,1568568.64,0.0,68441516.78,9674710.95,2048023.83,5642737.08,-32772.2,95097093.97
775,6504527.0,1514011.32,993846.34,0.0,56664.69,10034049.17,2064203.69,2660862.15,-11063.02,23817101.34
776,6504527.0,2175544.29,1179405.97,0.0,345413.9,12814115.95,2587730.79,2099104.08,-114224.74,27591617.23
777,6504527.0,2273526.07,1515439.56,0.0,409724.55,15134723.37,3056079.88,4428020.82,-4704.34,33317336.91
778,6504527.0,1433459.04,1709928.87,7511582.53,22671265.98,14320035.95,2933073.15,7683220.72,0.0,64767093.25
779,6504527.0,1603700.6,2354458.24,3861650.77,148863176.47,10787460.79,2312640.68,5613280.67,-86823.7,181814071.54
780,6504527.0,944517.78,1065289.49,17542757.61,7541191.62,9429039.26,1930514.79,4410001.92,0.0,49367839.48
781,6504527.0,2808538.32,1582559.8,0.0,9355982.54,21695669.1,4420002.6,5092002.27,0.0,51459281.62
782,6504527.0,939196.23,962345.27,38363223.63,1567493.36,9343310.51,1820144.02,4012847.7,0.0,63513087.73
783,6504527.0,2854186.81,1926110.03,0.0,989822.63,19637682.33,4141641.93,4463020.36,-49540.61,40467450.48
784,6504527.0,897733.28,399616.85,0.0,21589855.88,6566044.53,1487234.03,3102110.63,0.0,40547122.21
785,6504527.0,2659154.71,2370852.98,6661271.63,4350986.85,23199845.04,4803770.9,6063076.76,0.0,56613485.87
786,6504527.0,1105265.13,579818.78,29435053.89,5096832.82,9755697.07,2114369.9,3548364.95,0.0,58139929.55
787,6504527.0,1828797.04,968681.74,0.0,539099.19,10247976.46,2103862.99,2091630.81,-67282.61,24217292.63
788,6504527.0,813531.15,200441.76,0.0,59471.83,5481442.27,1323695.59,1333270.76,0.0,15716380.36
789,6504527.0,2579901.57,1273861.31,0.0,133056.97,13628113.33,2763795.11,2321736.7,-90505.62,29114486.37
790,6504527.0,1277012.55,1013834.98,0.0,143108.57,10561086.51,2245718.74,3473778.15,-47563.59,25171502.91
791,6504527.0,1673555.99,1342808.28,0.0,370242.69,13613783.09,2710321.5,4814319.43,-32255.81,30997302.17
792,6504527.0,986596.39,580921.94,0.0,1554814.54,6170646.69,1246233.14,1650150.02,-91686.24,18602203.49
793,6504527.0,1592976.4,2326724.51,9119010.95,142769459.77,9614625.92,1985148.97,5410072.38,0.0,179322545.89
794,6504527.0,1094245.91,2034963.65,0.0,133231815.58,8636942.2,1868026.85,6228960.88,-57077.51,159542404.56
795,6504527.0,1620628.43,1915705.87,0.0,69833460.41,12613416.84,2591545.31,5276189.89,0.0,100355473.75
796,6504527.0,3676455.39,2449422.03,10335128.79,2773052.05,31227212.05,6328855.2,6788781.78,0.0,70083434.29
797,6504527.0,1755500.43,1629931.71,0.0,1176914.96,16523027.06,3483214.45,6084133.33,-32860.41,37124388.53
798,6504527.0,2522860.38,1381191.26,0.0,1521314.44,19963952.7,3941544.19,4250428.58,0.0,40085818.54
799,6504527.0,1102337.84,1228886.34,32304528.05,10455065.19,10992517.24,2154113.9,4721419.0,0.0,69463394.56
800,6504527.0,2901913.09,1890089.95,0.0,671462.77,18858937.41,3877568.46,3358851.37,-1947.59,38061402.46
801,6504527.0,1374094.73,1612451.17,0.0,62388994.63,10492834.57,2064228.53,4891992.49,-53215.04,89275908.08
802,6504527.0,1063993.58,370165.09,0.0,206733.08,7500757.91,1631561.83,1442014.96,0.0,18719753.45
803,6504527.0,1945178.4,1263752.02,989226.56,14790317.19,17831943.47,3722424.76,5223546.28,0.0,52270915.69
804,6504527.0,1503793.27,1430426.94,0.0,58027204.48,9449968.82,1873909.62,4836414.83,-107596.7,83518648.26
805,6504527.0,1469586.0,675764.3,0.0,0.0,13322392.03,2716254.14,3520464.44,0.0,28208987.91
806,6504527.0,2631985.11,1421726.92,0.0,604737.69,20949921.75,4088561.23,4360209.1,0.0,40561668.81
807,6504527.0,1852244.49,1469718.83,0.0,518485.37,14578292.02,3050939.2,5802467.34,-7275.85,33769398.41
808,6504527.0,1353872.71,1182543.44,0.0,1045582.02,11645215.29,2417789.31,4420116.23,0.0,28569646.01
809,6504527.0,1895939.52,2035701.95,3624261.59,78577874.99,13641147.06,2663805.35,5356900.5,-43237.69,114256920.27
810,6504527.0,2129340.37,988410.03,0.0,1682179.07,16299763.67,3497476.58,3711604.49,0.0,34813301.22
811,6504527.0,1256768.07,2242795.58,0.0,161712331.78,7700308.0,1747158.33,5105676.61,-235761.88,186033803.5
812,6504527.0,2402429.37,2072370.36,0.0,283919.13,21022215.03,4286314.49,5253162.82,-31853.95,41793084.25
813,6504527.0,1317273.61,994527.76,0.0,51747985.11,7698888.9,1735570.36,4904920.44,-302922.29,74600770.9
814,6504527.0,1832934.81,889619.97,0.0,6933050.95,15110739.34,3144323.59,3891549.25,0.0,38306744.91
815,6504527.0,1667139.2,1934630.89,0.0,73485155.41,12594725.32,2585528.42,5097485.9,-9206.12,103859986.02
816,6504527.0,2450214.29,1298704.17,0.0,385828.3,19869522.73,4050967.87,4979410.15,0.0,39539174.51
817,6504527.0,3415625.75,2143935.31,2116995.95,116020.54,28421566.85,5749413.45,5405772.85,0.0,53873857.7
818,6504527.0,1703855.65,939697.44,0.0,973449.84,9604037.52,1959734.85,1452507.5,-36288.91,23101520.89
819,6504527.0,924645.22,1104735.21,11484693.48,55444943.6,7154233.97,1566167.66,3247847.41,-84468.84,87347324.71
820,6504527.0,1986990.8,1676917.08,0.0,476731.15,16843652.62,3537105.46,4724769.5,-11398.91,35739294.7
821,6504527.0,1511676.24,997307.04,0.0,685643.25,10610091.02,2214181.11,2179641.7,-71460.87,24631606.51
822,6504527.0,2614231.2,1733689.41,0.0,1953370.77,17247131.65,3343087.35,3836989.29,-13843.23,37219183.44
823,6504527.0,1023174.78,597852.28,47057913.55,2789335.42,10231747.79,1933229.21,3491433.96,0.0,73629214.0
824,6504527.0,2106079.57,1764930.37,0.0,1460372.19,17419098.21,3501532.03,5192382.45,-30030.1,37918891.72
825,6504527.0,1769184.76,1367842.42,0.0,119137.71,13782874.68,2947631.96,4403282.1,-14848.89,30879631.74
826,6504527.0,3296102.27,1912882.49,4260842.45,103140.38,26115799.74,5291772.28,5425363.86,0.0,52910430.46
827,6504527.0,1223300.79,1116020.07,0.0,8026084.48,10221851.08,2167197.29,4840826.75,0.0,34099807.45
828,6504527.0,2582788.59,2123813.55,12189667.58,498051.04,21182665.9,4384198.34,5494441.37,0.0,54960153.37
829,6504527.0,2455029.18,2214580.44,1660588.01,179231.43,22110649.37,4511769.95,6644225.19,0.0,46280600.56
830,6504527.0,2549726.61,1664592.93,335311.57,4553042.17,23104099.46,4824956.91,5722544.46,0.0,49258801.11
831,6504527.0,1502887.96,866596.98,25009375.04,1458574.78,13039717.03,2922725.56,3717767.82,0.0,55022172.17
832,6504527.0,1710003.79,1068622.33,0.0,13043894.23,15881427.16,3308318.47,5714846.83,0.0,47231639.81
833,6504527.0,1202555.44,392707.06,0.0,0.0,8529381.4,1681077.29,1688156.85,0.0,19998405.04
834,6504527.0,1826932.57,2294060.87,6548673.34,80732127.52,15754285.58,3369094.2,6326853.39,-63726.07,123292828.38
835,6504527.0,2053273.31,1912234.92,4203408.03,7620920.59,18234174.31,3779180.57,6009664.07,0.0,50317382.8
836,6504527.0,2893070.55,2675654.91,7391825.12,10126181.98,25236711.26,5209045.38,6973829.96,0.0,67010846.16
837,6504527.0,1944176.94,3079984.82,1779718.17,195994712.76,12569228.32,2589470.14,5783266.93,-37662.64,230207422.45
838,6504527.0,2617684.38,2214900.64,0.0,1063172.91,21812183.02,4320651.0,6407528.19,-4953.9,44935693.23
839,6504527.0,3385276.39,2124789.92,3372480.55,260906.42,28192237.44,5795130.76,5256129.64,0.0,54891478.13
840,6504527.0,1609643.39,950659.22,0.0,9199676.0,15356914.1,3148150.56,5133524.05,0.0,41903094.32
841,6504527.0,1343472.27,1155336.61,0.0,7721459.15,10518018.35,2285597.12,4419710.02,0.0,33948120.52
842,6504527.0,3212937.36,2202656.85,0.0,574296.68,22253149.35,4430957.43,4377651.98,-31392.67,43524783.98
843,6504527.0,2035649.51,1615313.87,0.0,0.0,16802668.07,3428279.39,4520715.59,-64952.94,34842200.49
844,6504527.0,1982251.02,1915518.96,0.0,69073278.4,13086598.91,2702538.83,5283455.47,-46311.74,100501856.85
845,6504527.0,1547576.62,1902918.55,32249219.91,27243130.63,15475766.19,3169177.6,7767516.71,0.0,95859833.23
846,6504527.0,2477535.75,1568926.75,0.0,43160034.2,12171376.82,2379300.52,2626981.63,-56063.44,70832619.23
847,6504527.0,1894230.84,1485041.97,0.0,367991.87,14862800.99,3210018.15,4598130.46,-14840.71,32907900.59
848,6504527.0,3536239.34,2651895.81,3491838.12,1259117.49,26379758.92,5249380.04,5298673.99,0.0,54371430.72
849,6504527.0,2368317.19,1231388.86,0.0,158811.27,19280285.0,3880766.9,4545274.83,0.0,37969371.04
850,6504527.0,4353897.14,2841214.07,7822115.8,3689586.13,28025579.99,5667888.9,5565250.01,0.0,64470059.03
851,6504527.0,2709989.61,2660413.94,19982318.33,11689333.23,25194034.61,5142272.63,6417088.98,0.0,80299978.33
852,6504527.0,2053189.19,1078148.46,0.0,5997808.77,17105365.74,3500990.49,4505306.05,0.0,40745335.69
853,6504527.0,1248289.29,505090.46,0.0,442588.75,9596255.77,1956161.34,2110955.07,0.0,22363867.67
854,6504527.0,1100563.13,378702.17,0.0,82119.3,7810494.8,1647300.66,1736862.34,0.0,19260569.4
855,6504527.0,2011231.41,1739342.36,782266.88,3903582.41,16804666.09,3503909.29,6710088.57,0.0,41959614.01
856,6504527.0,2890929.34,2117809.36,4981497.48,8393363.42,27221904.48,5611192.85,6387145.0,0.0,64108368.92
857,6504527.0,1459124.21,1543830.64,0.0,63429841.45,10253743.09,2219875.72,4974077.43,-92333.25,90292686.28
858,6504527.0,924588.06,854199.33,9152635.8,2525886.64,8245377.2,1592830.21,4415747.98,0.0,34215792.22
859,6504527.0,2683410.38,1981329.87,0.0,15486337.14,24834586.83,5088091.48,6705126.13,0.0,63283408.82
860,6504527.0,2718463.58,1872059.1,0.0,2013487.37,19385631.15,3754855.59,4015195.48,-88279.2,40175940.07
861,6504527.0,1881392.32,624813.95,0.0,606611.95,6614581.6,1404080.13,818104.58,-45920.57,18408190.95
862,6504527.0,2567068.29,1993811.35,0.0,1924065.11,19890080.56,4003281.59,5322135.9,-17560.05,42187409.75
863,6504527.0,887211.23,363377.35,0.0,341469.41,7613829.46,1641200.96,1738329.61,0.0,19089945.01
864,6504527.0,2528033.03,2296457.02,478532.67,75845214.08,17316642.61,3611570.98,5590113.74,-132513.5,114038577.62
865,6504527.0,1663422.86,913141.39,0.0,981085.98,15157621.37,3130424.19,3948309.52,0.0,32298532.32
866,6504527.0,3050486.3,1881617.11,0.0,1446548.82,25611696.4,5098163.98,5053601.54,0.0,48646641.15
867,6504527.0,689799.25,665121.09,0.0,28306077.71,5006968.54,1013122.58,2752835.66,-122441.69,44816010.13
868,6504527.0,1140917.91,1218851.92,0.0,44335888.97,9668972.56,1968100.35,3494288.03,-166370.03,68165176.71
869,6504527.0,1730214.2,1975798.99,843678.05,68983300.75,13850262.21,2725496.51,5422243.33,-82201.74,101953319.3
870,6504527.0,1337181.2,1951375.88,0.0,85049414.77,11527952.84,2469984.62,6273784.85,0.0,115114221.16
871,6504527.0,2500198.44,2225562.41,0.0,55665279.11,17444058.55,3383942.79,3841199.92,-56755.99,91508012.23
872,6504527.0,3169640.81,2214308.69,0.0,697052.56,22429755.99,4501861.71,4666548.76,-33584.04,44150111.48
873,6504527.0,1012267.52,377245.62,0.0,36374.87,7860410.88,1763549.95,1654149.6,0.0,19208525.44
874,6504527.0,1462443.81,1788776.29,0.0,72646781.9,11169823.69,2372641.49,5273028.06,0.0,101218022.24
875,6504527.0,3727310.24,2340366.45,0.0,358988.88,23557154.41,4733043.42,4849303.16,-18693.13,46052000.42
876,6504527.0,1345627.63,734644.52,0.0,323553.0,8093240.28,1612572.16,1651922.13,-78003.83,20188082.89
877,6504527.0,2587693.59,2393253.19,5094368.35,922198.74,23817911.53,4783108.48,7185672.32,0.0,53288733.21
878,6504527.0,1171424.24,742488.39,0.0,561917.51,7217174.7,1459247.8,2885187.26,0.0,20541966.9
879,6504527.0,3086913.8,1571176.65,0.0,5249290.6,22069541.55,4539893.85,4581217.93,0.0,47602561.37
880,6504527.0,1432022.84,748596.64,0.0,0.0,12398866.38,2587230.92,3333807.41,0.0,27005051.19
881,6504527.0,1433161.36,1090994.17,0.0,297353.92,10804297.85,2204645.88,3962047.96,-427.11,26296601.03
882,6504527.0,1053302.28,1237366.52,1361323.01,22024137.44,9976201.73,2055475.86,6013145.2,0.0,50225479.03
883,6504527.0,1554273.76,1012334.2,0.0,1257888.5,10558691.4,2174137.13,2586485.2,-55157.1,25593180.09
884,6504527.0,1371463.82,887791.68,0.0,0.0,9612269.21,1966719.25,2395072.7,-73435.25,22664408.41
885,6504527.0,3253940.3,2808656.07,2537815.16,73249.32,28059484.57,5874556.18,6210190.17,0.0,55322418.77
886,6504527.0,2432206.29,1424567.76,0.0,0.0,21166183.73,4170920.96,5231220.97,0.0,40929626.72
887,6504527.0,2279067.32,2108552.91,0.0,477410.45,21109694.23,4251931.44,6119215.45,-6372.87,42844025.91
888,6504527.0,3529978.76,2051613.33,0.0,281927.48,20630580.72,4294547.95,3403072.17,-18506.71,40677740.69
889,6504527.0,1957781.64,1686887.69,0.0,530770.25,17105041.42,3575990.9,5725287.76,-30243.19,37056043.46
890,6504527.0,1753536.37,752760.36,0.0,172217.2,12756720.86,2579521.67,2854540.09,0.0,27373823.55
891,6504527.0,858987.59,803567.39,28842318.94,3643293.42,7285946.17,1562714.1,4012024.47,0.0,53513379.08
892,6504527.0,2060809.34,1078176.83,0.0,333126.16,15807840.79,3262406.46,2845760.39,0.0,31892646.97
893,6504527.0,1484608.57,825765.85,6433016.17,1778868.37,12902924.03,2712195.51,4005641.31,0.0,36647546.81
894,6504527.0,3055715.15,2247055.87,0.0,1890906.7,22623919.15,4545520.97,4677324.31,-33195.63,45511773.53
895,6504527.0,1369932.69,1605658.36,5173409.37,19081150.58,13665719.92,2784677.35,7509682.98,0.0,57694758.26
896,6504527.0,2447550.57,2246602.49,0.0,68559943.18,16510288.54,3210212.11,4990653.77,-54998.67,104414778.99
897,6504527.0,1420215.46,1137356.24,0.0,6968956.86,10558804.24,2282053.7,4124982.76,0.0,32996896.26
898,6504527.0,2054763.67,1291920.52,0.0,267270.32,13043187.55,2681297.42,3242742.91,-21752.14,29063957.24
899,6504527.0,2031617.59,1713485.34,0.0,1924089.78,17119918.68,3278410.49,5097801.98,-12225.81,37657625.05
900,6504527.0,1293950.01,1812438.0,0.0,76231193.76,10880485.43,2250311.99,6880168.02,0.0,105853074.22
901,6504527.0,3770887.13,2535115.53,0.0,390458.39,25647046.97,5378343.85,4146645.44,-35706.42,48337317.89
902,6504527.0,3033328.92,2133198.92,0.0,2596726.74,21377363.62,4277407.7,4547485.07,-34614.34,44435423.63
903,6504527.0,2584797.65,1562109.93,0.0,0.0,16304785.74,3185789.86,3796163.93,-68368.65,33869805.47
904,6504527.0,1227934.39,636890.12,0.0,1325921.1,6186592.19,1209852.96,2193629.52,0.0,19285347.27
905,6504527.0,1931687.55,2077597.01,0.0,67525033.1,15883439.31,3180592.69,5158032.35,-134242.5,102126666.52
906,6504527.0,3235380.12,1581141.11,0.0,312852.94,15828082.63,3236740.23,2914905.95,-4232.24,33609397.74
907,6504527.0,2072232.84,947773.09,0.0,516110.36,15588310.03,3138278.51,3369039.09,0.0,32136270.92
908,6504527.0,3212950.31,2334919.15,7447207.46,1241192.08,30285044.24,6198110.16,6692681.4,0.0,63916631.79
909,6504527.0,1434740.08,1159530.9,0.0,4964161.53,11014936.44,2311138.55,4356197.23,0.0,31745231.74
910,6504527.0,3391704.5,2622013.53,0.0,1809311.15,26628575.1,5272075.83,4818070.11,-60839.71,50985437.51
911,6504527.0,2237996.55,1353077.36,10448973.86,13621501.73,18963349.81,4037926.49,5708127.34,0.0,62875480.13
912,6504527.0,996486.0,1014943.35,32508782.52,1344503.07,9652446.6,1941637.54,4552582.77,0.0,58515908.86
913,6504527.0,1354514.93,1756005.13,0.0,130500286.05,5085039.15,1113196.06,4345212.95,-67037.7,150591743.58
914,6504527.0,1510933.22,809057.35,22630282.9,0.0,13003473.55,2761154.74,3815737.75,0.0,51035166.51
915,6504527.0,2579158.53,2135305.22,0.0,69677152.81,15437254.26,3097177.62,4989244.37,-59919.88,104359899.94
916,6504527.0,1064116.04,1181925.97,0.0,17439349.8,9414744.28,2007386.45,6234112.98,0.0,43846162.52
917,6504527.0,891768.6,981992.12,8752612.6,5445361.75,8917685.98,1821056.92,4928653.26,0.0,38243658.22
918,6504527.0,3712881.14,2406590.74,0.0,1421902.22,24223546.61,4842614.51,5529403.77,-27105.83,48614360.15
919,6504527.0,1666489.99,1179098.11,0.0,139664.78,12541192.32,2445524.67,4233235.98,-80183.74,28629549.11
920,6504527.0,1777939.53,2936158.41,9072262.26,244388789.8,8324761.13,1803018.51,6445087.64,-269285.16,280983259.13
921,6504527.0,1204059.84,711422.6,2341760.68,341101.46,11901040.01,2566096.85,3638877.11,0.0,29208885.55
922,6504527.0,3325684.16,1989016.97,8098598.82,462476.66,26744318.2,5192708.65,5695446.64,0.0,58012777.12
923,6504527.0,4363540.21,2419428.26,0.0,368374.34,24596697.31,4845959.67,5006067.78,-43618.45,48060976.12
924,6504527.0,1432547.98,827298.04,8177608.52,0.0,13185880.42,2742464.42,4035744.02,0.0,36906070.39
925,6504527.0,1088087.36,592418.86,0.0,52454.12,6720009.47,1478398.27,2389012.41,-81521.02,18743386.47
926,6504527.0,2564459.11,1623255.89,0.0,708574.25,22995738.97,4790830.61,5715505.64,0.0,44902891.46
927,6504527.0,897391.26,548324.97,0.0,9241393.1,8882833.52,1896013.66,3602218.6,0.0,31572702.11
928,6504527.0,837067.54,1248347.21,0.0,62169203.74,5833100.1,1133344.41,5623686.49,0.0,83349276.49
929,6504527.0,1675511.29,1214941.66,0.0,1806389.88,11928067.42,2419943.05,4325308.19,0.0,29874688.5
930,6504527.0,2528187.5,1981162.03,0.0,383187.42,20000894.5,4219674.54,4991180.02,-21607.43,40587205.6
931,6504527.0,1412171.55,1851283.68,0.0,76085171.85,11556978.84,2496765.64,5765558.69,0.0,105672457.25
932,6504527.0,1025067.57,577353.62,12839771.64,14392557.13,8965103.25,2027306.51,3242248.91,0.0,49573935.64
933,6504527.0,3239869.78,2389184.71,0.0,1726530.43,23899338.32,4721484.05,5228280.93,-12519.42,47696695.8
934,6504527.0,197219.77,141200.27,0.0,1149939.34,986935.04,204890.54,1650727.81,0.0,10835439.77
935,6504527.0,1311738.04,857363.07,11616770.68,4074420.25,12620230.1,2728976.07,4240784.2,0.0,43954809.41
936,6504527.0,2433771.1,2635029.97,0.0,75523409.79,19826269.38,4052775.91,6037727.07,-74041.18,116939469.04
937,6504527.0,1352620.22,616087.65,0.0,486639.79,7023294.68,1480078.12,1765106.7,-91423.45,19136930.71
938,6504527.0,2897708.27,2188152.94,10251275.77,0.0,21881529.43,4326599.12,5576221.75,0.0,53626014.27
939,6504527.0,1997050.29,1131472.39,0.0,943498.21,11267220.76,2131125.91,3472798.13,-5313.08,27442379.61
940,6504527.0,3078713.49,1830062.2,0.0,245871.5,18782297.01,3731133.05,3819556.89,-51585.9,37940575.23
941,6504527.0,3119949.13,2369610.97,452454.42,1361393.05,23523197.02,4683161.61,5432319.93,0.0,47446613.13
942,6504527.0,1634816.95,1495155.36,0.0,4352148.32,14400019.93,2998286.36,5681840.61,0.0,37066794.53
943,6504527.0,1437633.2,647364.42,0.0,426862.57,12564829.25,2715654.35,3293738.46,0.0,27590609.26
944,6504527.0,1516317.93,1579170.7,23164971.96,18066502.76,13679506.96,3023484.81,6561401.06,0.0,74095883.18
945,6504527.0,3149112.12,2278886.55,4577356.91,0.0,22788865.48,4664199.71,5326363.82,0.0,49289311.6
946,6504527.0,3139117.08,3709228.97,5057929.0,151316891.09,23867405.12,4988385.04,5645566.82,-66672.29,204162377.84
947,6504527.0,1188244.39,885071.9,0.0,200679.49,8776539.08,1890407.8,3881761.3,0.0,23327230.97
948,6504527.0,1382609.97,957101.74,0.0,482950.38,10148342.7,2104747.43,2880703.82,-69106.57,24391876.47
949,6504527.0,2731900.02,1448596.71,0.0,5357384.91,20892518.32,4315257.54,5012294.95,0.0,46262479.47
950,6504527.0,1198765.0,1260097.68,0.0,13628933.37,10517664.94,2361919.72,5250185.35,0.0,40722093.05
951,6504527.0,1024432.71,1052695.54,0.0,12808495.01,9071861.62,1850141.88,5428068.93,0.0,37740222.69
952,6504527.0,2591264.13,1685272.93,0.0,872328.68,23660510.66,4796750.54,6476652.14,0.0,46587306.08
953,6504527.0,3058574.92,2142709.88,0.0,753445.38,21685408.42,4494191.86,3930866.59,-45136.85,42524587.21
954,6504527.0,3772937.56,2214450.58,0.0,397647.31,22475866.1,4517641.44,4720056.96,-44440.49,44558686.46
955,6504527.0,1223578.52,1315997.29,0.0,13351609.75,11273640.27,2462607.09,6061639.25,0.0,42193599.17
956,6504527.0,3116740.56,2342764.46,0.0,1601848.99,23301685.04,4739830.14,5195097.89,-19267.36,46783226.72
957,6504527.0,2713327.29,1439590.18,0.0,251755.71,21327941.92,4317142.93,5294335.15,0.0,41848620.18
958,6504527.0,2090312.26,1383770.55,0.0,38789.62,14335068.82,2949516.45,3524661.61,-50165.17,30776481.14
959,6504527.0,2881761.99,1592350.83,0.0,1136235.3,17152001.82,3350907.3,2635994.75,-137158.55,35116620.44
960,6504527.0,1564029.6,727259.44,0.0,1546760.16,6854559.07,1491092.15,1448863.28,0.0,20137090.7
961,6504527.0,1416971.45,915729.79,36875391.62,1254090.68,13960692.22,2871119.65,4100490.02,0.0,67899012.44
962,6504527.0,2686415.68,1407993.89,0.0,3910643.49,15327903.9,2961889.23,3051958.06,-172545.63,35678785.63
963,6504527.0,1455703.32,1213033.82,0.0,1145632.98,12342208.22,2616700.71,3210076.67,-33773.44,28454109.3
964,6504527.0,2042037.31,1502501.48,0.0,13174561.83,20008898.22,4006260.22,6278977.07,0.0,53517763.13
965,6504527.0,2880037.42,2360619.09,14617668.43,13988537.45,28733921.47,5845186.72,7414182.92,0.0,82344680.5
966,6504527.0,1464475.24,1580857.23,658394.06,17969840.61,13583910.05,2991345.11,6743335.64,0.0,51496684.94
967,6504527.0,2586267.73,2555964.49,2504316.09,78272964.66,18694586.58,3625876.77,5337009.63,-33827.84,120047685.12
968,6504527.0,1912306.71,2024502.92,0.0,71644236.97,13978699.56,2894618.85,5261305.06,-47310.02,104172887.04
969,6504527.0,1515802.38,1625177.78,0.0,57089031.19,12006433.94,2452557.2,4459987.1,-114905.43,85538611.16
970,6504527.0,974746.63,891376.64,0.0,1079372.4,9059404.27,1885456.33,4004706.74,-40795.71,24358794.29
971,6504527.0,2576944.64,1610127.69,0.0,4161848.74,22686980.57,4692011.41,5909021.54,0.0,48141461.6
972,6504527.0,1920485.33,1308784.4,0.0,16878373.5,17858035.61,3684759.11,6437374.49,0.0,54592339.45
973,6504527.0,3423327.46,2802388.84,0.0,4851070.5,27222983.58,5540578.12,5585392.87,-2340.82,55927927.56
974,6504527.0,1911710.62,2166178.89,0.0,72175361.1,15484212.05,3278331.76,5546456.86,-53167.42,107013610.85
975,6504527.0,930360.67,1602051.62,0.0,119308865.76,4986514.61,1144774.76,5309783.87,-302168.76,139484709.53
976,6504527.0,1257831.86,1605844.37,0.0,61254175.67,11475400.66,2431766.57,4649224.28,-108877.24,89069893.18
977,6504527.0,3621054.72,2452961.32,7695151.16,776567.52,31499932.86,6366304.39,5992281.61,0.0,64908780.58
978,6504527.0,3153168.82,2490812.75,0.0,2268678.14,24576674.44,5012449.29,5768852.3,-6792.14,49768370.61
979,6504527.0,1299785.75,1474354.17,0.0,21222130.01,11934680.24,2572436.58,7711093.16,0.0,52719006.92
980,6504527.0,931169.04,424284.13,0.0,1274478.7,8924537.2,1863216.9,2908893.52,0.0,22831106.49
981,6504527.0,2504729.45,1188513.41,0.0,1365192.34,17088547.65,3713066.05,3020097.52,0.0,35384673.42
982,6504527.0,3589354.51,2480796.01,856193.48,2548878.53,31167727.82,6391962.35,5871555.5,0.0,59410995.21
983,6504527.0,785027.02,957224.22,5020130.96,56448368.03,5765742.09,1167428.5,3432562.19,-98421.55,79982588.48
984,6504527.0,1670659.97,796079.46,0.0,519288.77,13888758.97,2931241.19,3245573.33,0.0,29556128.69
985,6504527.0,1017194.74,332411.25,0.0,358712.32,7106857.29,1542145.5,1429936.53,0.0,18291784.63
986,6504527.0,2501114.36,1322555.69,0.0,114133.68,14392622.34,3000611.09,2075438.89,-119301.88,29791701.16
987,6504527.0,3433504.98,2129979.31,0.0,133110.87,21639730.95,4346736.38,4781965.92,-34932.77,42934622.65
988,6504527.0,3225133.05,2433448.94,12221416.9,1098218.52,24220950.43,4891682.7,5661647.99,0.0,60257025.52
989,6504527.0,2682718.31,2681735.92,7454916.23,78545122.75,19666442.69,3922075.7,5673545.66,-4947.95,127126136.31
990,6504527.0,1264870.18,776653.52,0.0,40766.29,8449509.2,1756367.61,2135620.5,-69804.3,20858510.0
991,6504527.0,3216296.53,2009806.77,0.0,362727.47,20932391.66,4149490.07,3981628.88,-86722.77,41070145.6
992,6504527.0,957376.18,954194.84,0.0,4483215.88,8815618.03,1823572.68,5173282.87,0.0,28711787.48
993,6504527.0,902481.31,524153.84,32720527.04,8393471.97,8975533.17,1745230.15,3040993.2,0.0,62806917.67
994,6504527.0,1812753.79,854166.0,0.0,1373555.03,14880906.13,3082081.14,3902253.52,0.0,32410242.61
995,6504527.0,1430853.78,1991312.47,0.0,79508671.85,12500450.85,2586751.98,5738807.74,0.0,110261375.65
996,6504527.0,1417326.0,631036.89,33391041.15,0.0,11223268.89,2459470.17,3928120.87,0.0,59554790.98
997,6504527.0,2592518.22,1698521.88,0.0,824095.88,16756420.4,3403788.43,3941613.35,0.0,35721485.16
998,6504527.0,3648334.42,2013357.26,0.0,617054.18,20693308.58,4119782.5,3894657.39,-66658.38,41424362.95
999,6504527.0,1551810.93,976414.44,0.0,0.0,9815521.75,2134585.9,4172255.65,-5137.73,25149977.94
1000,6504527.0,2183494.48,1302801.7,0.0,710573.6,13593330.26,2701445.41,3110531.18,-66252.53,30040451.1
1001,6504527.0,1296066.78,1691576.95,0.0,60135017.59,11574374.84,2266509.12,5414243.3,-38058.84,88844256.73
1002,6504527.0,970240.12,1116183.43,0.0,12750077.88,9531424.99,1981677.16,5442430.54,0.0,38296561.11
1003,6504527.0,2166145.11,1195800.71,0.0,533348.03,12638870.82,2642916.97,2497520.39,-81109.72,28098019.31
1004,6504527.0,1472484.09,953942.43,16566736.2,0.0,14452324.33,2996156.05,4488176.17,0.0,47434346.29
1005,6504527.0,1387628.96,1088182.08,0.0,998423.44,11194985.67,2319157.16,2952129.51,-39180.49,26405853.33
1006,6504527.0,2428129.19,2303351.52,0.0,74745141.26,16421897.17,3259878.77,4984887.25,-31890.6,110615921.56
1007,6504527.0,2527902.93,1557548.93,0.0,460484.61,15509195.6,3104274.33,5273034.45,0.0,34936967.86
1008,6504527.0,1069193.32,1201484.02,0.0,46578113.03,7777194.04,1634982.96,4011437.51,-45422.6,68731509.28
1009,6504527.0,2919551.47,1871140.34,0.0,762517.86,18830347.64,3758889.99,3799168.09,-20972.88,38425169.51
1010,6504527.0,1506106.53,987158.19,31410484.08,594649.06,14564673.74,3121793.81,4407541.49,0.0,63096933.91
1011,6504527.0,1369345.58,736239.5,0.0,1714954.51,12112572.82,2370632.09,3821161.62,0.0,28629433.11
1012,6504527.0,1430910.04,1150034.64,0.0,3561514.17,11065876.86,2413782.95,4096296.53,0.0,30222942.18
1013,6504527.0,871174.39,1301248.4,24577546.82,54975138.11,8711743.93,1703227.11,4571806.99,-76750.46,103139662.3
1014,6504527.0,1430609.99,742272.51,0.0,10126765.53,13259273.96,2688400.0,4456261.94,0.0,39208110.93
1015,6504527.0,2084621.76,2077964.17,0.0,6462108.07,20257914.88,4004384.87,7499819.44,-33829.06,48857511.14
1016,6504527.0,2043599.44,2638034.18,8416563.5,150367007.61,12659449.87,2507945.52,5961984.88,-16523.01,191082588.99
1017,6504527.0,1889023.74,1396379.34,0.0,953017.21,14108243.53,2807151.65,3712139.71,-26034.56,31344447.62
1018,6504527.0,2870503.36,2227485.2,0.0,1036956.32,22115344.41,4627598.92,5916593.14,-2842.61,45296165.74
1019,6504527.0,2460141.34,1330766.45,0.0,305963.73,13790024.05,2813206.22,2465691.46,-59545.71,29610774.54
1020,6504527.0,2724912.97,1749967.72,0.0,765209.32,18127451.85,3688798.63,4124174.59,-68854.09,37616188.0
1021,6504527.0,1147829.7,1206986.55,0.0,13846309.27,10528595.03,2267182.01,5547837.15,0.0,41049266.7
1022,6504527.0,2657205.6,1123369.66,0.0,7489.21,11913957.16,2469079.47,2007997.43,-68302.89,26615322.65
1023,6504527.0,2080649.45,3363382.21,8218672.24,220310222.89,14170439.66,2925714.51,5697184.16,-85395.09,263185397.01
1024,6504527.0,3187433.15,2239948.14,0.0,1635200.87,22943953.15,4517571.03,4588838.92,-72034.23,45545438.04
1025,6504527.0,488441.28,304872.52,14202430.24,17969269.45,4884412.84,976013.15,2484308.45,0.0,47814274.95
1026,6504527.0,843989.13,402330.96,0.0,6498525.25,7960570.22,1724909.58,2988013.64,0.0,26922865.79
1027,6504527.0,1340196.68,694364.26,0.0,719576.69,11113600.4,2471736.96,2655220.32,0.0,25499222.3
1028,6504527.0,3071506.1,2671120.99,0.0,77813878.77,20213829.8,4206628.45,5660986.96,-79528.57,120062949.51
1029,6504527.0,1737760.44,1677334.82,0.0,63978385.73,11124728.06,2374147.5,4876876.32,-34981.17,92238778.7
1030,6504527.0,1884601.8,1091027.03,7072653.05,9553770.78,16818415.1,3583732.44,4871086.22,0.0,51379813.42
1031,6504527.0,3713475.12,2421306.35,0.0,1483634.7,24387263.98,4850598.36,5150936.49,-31294.36,48480447.64
1032,6504527.0,2966792.52,1767552.42,0.0,1835216.25,18039012.83,3536902.33,3679489.73,-58169.12,38271323.95
1033,6504527.0,2997786.08,2078668.57,0.0,380450.49,20936092.39,4310227.47,4549857.96,-18093.5,41739516.46
1034,6504527.0,1050592.93,460680.15,663932.1,13431771.08,8575173.47,1709804.76,3247580.58,0.0,35644062.07
1035,6504527.0,3523567.5,2416499.12,0.0,1103817.24,23975330.21,4850428.22,5110588.86,-1326.05,47483432.1
1036,6504527.0,4778177.38,4022802.5,14755845.93,103460.04,40189781.7,8229382.84,5852000.47,0.0,84435977.86
1037,6504527.0,2762858.07,1858991.18,0.0,1195277.18,19426669.31,3740150.88,4021773.23,-95726.85,39414519.99
1038,6504527.0,2282772.23,1191394.39,0.0,386765.04,18912015.36,3715103.94,4708854.7,0.0,37701432.66
1039,6504527.0,1897237.04,1593222.0,0.0,632609.74,15794878.05,3335724.67,6146749.24,0.0,35904947.75
1040,6504527.0,824955.08,1337222.06,27846173.95,62407631.25,8064764.05,1623999.32,4817263.81,-34014.31,113392522.21
1041,6504527.0,3214916.2,2162005.8,0.0,491226.67,22352532.71,4512391.06,4228310.32,-77578.64,43388331.11
1042,6504527.0,1099938.0,1178305.79,0.0,17158468.0,9438205.6,2104305.82,5475564.29,0.0,42959314.49
1043,6504527.0,2665772.76,1674854.9,0.0,377055.18,17190134.15,3386033.67,3822319.25,-48660.2,35572036.7
1044,6504527.0,1538169.07,643063.66,0.0,106713.83,11452517.04,2328331.96,2245450.43,0.0,24818773.0
1045,6504527.0,1755448.27,1309691.25,0.0,169159.84,13585408.51,2791696.01,4228647.63,-55102.49,30289476.02
1046,6504527.0,1041154.43,653559.72,33848749.07,8960982.88,10273211.89,2068231.11,3472861.74,0.0,66823277.83
1047,6504527.0,1125473.92,584027.47,6638800.84,4041448.47,10469620.12,2145169.86,3325748.68,0.0,34834816.37
1048,6504527.0,912290.05,370983.78,0.0,2294212.91,8151071.49,1709086.38,3056129.55,0.0,22998301.16
1049,6504527.0,2480346.49,2163778.12,0.0,277097.34,21762762.62,4518118.57,5587401.76,-20677.0,43273354.9
1050,6504527.0,2382131.36,1330888.41,0.0,429772.06,14621398.37,3069083.13,2500542.4,-137080.64,30701262.08
1051,6504527.0,1362784.97,1156286.28,0.0,8561971.99,10177612.81,2200872.32,4709925.99,0.0,34673981.35
1052,6504527.0,2818755.45,1790276.38,0.0,1687811.11,18315429.8,3533436.19,4439538.72,-59461.06,39030313.59
1053,6504527.0,1484057.96,1638908.48,2992436.75,16911447.69,14284755.34,2947170.62,7648047.57,0.0,54411351.41
1054,6504527.0,2728628.51,2116079.22,2755631.27,444229.48,21123978.36,4260497.23,5984548.02,0.0,45918119.09
1055,6504527.0,1002398.07,389424.93,29109423.45,13516118.68,7295507.55,1579767.35,2740499.78,0.0,62137666.82
1056,6504527.0,3397261.58,2264149.5,0.0,785712.39,22588567.52,4634811.59,4990739.34,-15591.67,45150177.24
1057,6504527.0,2281770.67,1100006.64,0.0,463916.3,16123252.93,3308401.41,2935968.02,0.0,32717842.97
1058,6504527.0,3466549.56,2988590.95,6195077.7,287275.57,29779719.88,5989467.37,6388481.63,0.0,61599689.66
1059,6504527.0,2842015.83,2421929.88,0.0,1836045.37,24055884.51,4900505.95,5660722.52,-631.41,48220999.66
1060,6504527.0,1904377.45,1147009.04,0.0,0.0,11745916.99,2467336.96,3613056.72,-27582.66,27354641.5
1061,6504527.0,673122.68,276920.29,0.0,10956.08,5641703.19,1358562.77,1549034.78,0.0,16014826.79
1062,6504527.0,3550106.9,2879678.26,0.0,2335686.88,28774599.75,5798125.03,4682970.24,-24270.08,54501423.99
1063,6504527.0,3869097.55,3180824.39,83651.14,1954103.82,31420612.6,6642184.18,5852466.48,-6946.83,59500520.33
1064,6504527.0,2075680.91,2758631.74,0.0,134145740.91,15948923.92,3330211.7,5409027.88,-80102.5,170092641.57
1065,6504527.0,1802829.99,576012.54,0.0,127947.76,10029415.59,2107483.57,1731469.59,0.0,22879686.04
1066,6504527.0,748260.22,1017997.01,4949845.52,54077523.42,7120940.8,1578440.94,3480143.68,-162338.23,79315340.36
1067,6504527.0,1462793.19,1457987.11,0.0,16125541.17,12694593.74,2628043.12,5876667.04,0.0,46750152.36
1068,6504527.0,833952.64,573960.68,0.0,741878.56,5484048.99,1219105.87,2639977.21,0.0,17997450.95
1069,6504527.0,1476881.06,1152483.44,38251877.7,10707430.02,14757735.94,3041161.87,4894134.35,0.0,80786231.39
1070,6504527.0,1028690.4,2201872.46,0.0,185768240.21,5356919.92,1108363.25,6323001.37,-293780.49,207997834.12
1071,6504527.0,1964127.31,614567.01,0.0,486122.52,11571069.23,2454955.82,2447153.17,0.0,26042522.06
1072,6504527.0,2916243.15,812670.04,0.0,1265903.95,11441519.48,2264327.21,2399451.18,0.0,27604642.01
1073,6504527.0,1022606.69,812562.42,0.0,2700101.65,7809948.55,1727951.46,3668540.06,0.0,24246237.84
1074,6504527.0,1961726.71,1782364.9,0.0,68943375.91,11594283.77,2292076.97,5066228.59,-36214.76,98108369.09
1075,6504527.0,2735353.77,1938732.11,0.0,8048876.88,25532273.38,5186664.58,6286844.75,0.0,56233272.46
1076,6504527.0,3271759.16,2374114.36,1485957.95,1379721.33,23541352.62,4830299.19,5518438.16,0.0,48906169.76
1077,6504527.0,2334649.63,1804717.65,0.0,617900.13,18129071.83,3811584.0,5262098.71,-14852.98,38449695.97
1078,6504527.0,1634861.46,970252.29,0.0,11155616.96,15173231.19,3127122.54,5051935.95,0.0,43617547.39
1079,6504527.0,1445125.37,974049.93,12234404.99,1628060.32,14278821.62,2968668.21,4187770.3,0.0,44221427.75
1080,6504527.0,1208760.75,1556020.24,0.0,72107345.08,9220667.81,2012829.8,5675739.13,-13318.16,98272571.64
1081,6504527.0,2032976.92,1121936.69,884568.81,6823764.27,17225851.59,3538196.01,5521936.73,0.0,43653758.01
1082,6504527.0,1387400.74,1167840.53,0.0,42233.17,12206511.38,2392537.81,3606875.69,-53812.09,27254114.23
1083,6504527.0,1416495.15,1438246.76,0.0,12102331.38,12999442.59,2659157.27,5685737.7,0.0,42805937.85
1084,6504527.0,1235060.95,3100495.0,9648607.35,259243227.14,8755552.36,1942667.13,6483665.99,-217584.09,296696218.82
1085,6504527.0,1923429.25,1088161.36,0.0,219970.19,11577402.94,2554480.35,2393993.57,-72182.47,26189782.17
1086,6504527.0,2573896.67,2691684.47,0.0,126837644.39,15341499.43,3159128.99,5268614.77,-49007.29,162327988.43
1087,6504527.0,1181334.23,2570369.78,0.0,183754924.36,8532569.45,1860303.39,5907253.16,-223667.1,210087614.27
1088,6504527.0,2022225.23,1561464.55,0.0,505839.9,15491490.05,3099256.56,5057692.91,-6382.5,34236113.71
1089,6504527.0,959379.78,537253.64,4519144.51,14440563.63,8866024.95,1896824.64,3318271.13,0.0,41041989.26
1090,6504527.0,1034763.43,1539448.88,0.0,71781383.57,9003671.29,1963403.75,5645420.16,-8984.11,97463633.96
1091,6504527.0,910608.65,1427301.23,44219006.47,62249110.44,9042414.73,1777290.01,5150463.32,-12612.19,131268109.66
1092,6504527.0,1716589.49,858720.65,0.0,520728.24,10047829.48,2119558.23,1678211.23,-155628.07,23290536.26
1093,6504527.0,2829690.34,2188641.27,8731172.41,11351339.25,27511042.32,5634624.69,7214459.61,0.0,71965496.89
1094,6504527.0,2987489.36,1636639.07,909010.05,3040271.27,22817674.71,4657406.8,5248753.55,0.0,47801771.81
1095,6504527.0,1014522.69,407001.68,0.0,62067.19,8959974.11,1885441.21,2735322.0,0.0,21568855.89
1096,6504527.0,3096998.89,2393553.12,0.0,1306187.52,24226673.96,4497677.18,3709791.8,-38760.16,45696649.32
1097,6504527.0,1468621.53,838708.17,3749913.93,0.0,13299981.69,2829071.96,3889970.2,0.0,32580794.47
1098,6504527.0,1911036.89,1265920.83,4337360.28,14283920.82,17707848.39,3689132.2,5807481.91,0.0,55507228.32
1099,6504527.0,3765913.37,2775442.61,12277005.92,1505888.8,27385604.48,5378272.37,5266244.43,0.0,64858898.99
1100,6504527.0,1375169.91,937987.71,0.0,323110.43,10199723.98,2151780.81,3358390.2,-93928.26,24756761.79
1101,6504527.0,3835211.97,2251972.08,0.0,693932.62,22503572.66,4603621.68,4609965.48,-9495.53,44993307.97
1102,6504527.0,878944.89,475176.02,0.0,17490535.44,7768247.66,1540725.32,3346302.9,0.0,38004459.23
1103,6504527.0,1368682.68,1243321.78,0.0,9410175.14,11249899.22,2360728.68,4622091.93,0.0,36759426.44
1104,6504527.0,963511.64,549639.14,0.0,11404094.11,8938871.41,2013741.01,3345334.04,0.0,33719718.35
1105,6504527.0,2922784.92,2475357.26,0.0,76752351.42,18474515.2,3665017.72,5170393.34,-74041.65,115890905.22
1106,6504527.0,1136531.74,519069.85,4226206.44,6331617.39,9657690.2,1995163.62,3345731.59,0.0,33716537.83
1107,6504527.0,1177450.89,711835.67,38383040.24,15010150.11,10610710.22,2037301.25,3463674.0,0.0,77898689.37
1108,6504527.0,1199749.67,1641814.73,0.0,63594642.64,10680632.52,2301980.56,4847467.5,-17112.11,90753702.51
1109,6504527.0,1016863.72,824774.9,0.0,2732015.44,7809559.68,1711087.14,3878766.5,0.0,24477594.38
1110,6504527.0,2483984.32,1596104.53,773979.61,1515585.93,22425918.67,4721832.53,6221255.89,0.0,46243188.48
1111,6504527.0,2238989.08,2820367.54,0.0,147796076.19,15028234.76,3077281.08,5580661.86,-36910.7,183009226.8
1112,6504527.0,961580.33,557583.39,0.0,41028.68,5665593.93,1190362.42,2431044.94,-10492.6,17341228.09
1113,6504527.0,2795814.5,1777431.84,0.0,701077.55,18672057.73,3569070.79,3868001.0,-97895.57,37790084.83
1114,6504527.0,1791136.91,1460912.89,0.0,203864.58,14685649.04,3100083.0,5447877.0,-9341.46,33184708.98
1115,6504527.0,1244824.49,707847.38,0.0,45349.1,11974610.8,2627710.57,4169452.55,0.0,27274321.89
1116,6504527.0,846865.96,874119.4,0.0,3522195.12,8329405.39,1740766.04,4263724.08,0.0,26081603.0
1117,6504527.0,993558.39,911376.67,0.0,1497876.53,8651355.14,1843717.37,4379216.32,-9126.88,24772500.54
1118,6504527.0,1880714.39,1729560.69,0.0,4296966.14,16713019.83,3482232.43,6061966.31,0.0,40668986.79
1119,6504527.0,1317977.92,681873.27,0.0,551470.46,12138831.65,2428718.42,3254420.71,0.0,26877819.43
1120,6504527.0,1396192.93,583263.44,0.0,574620.22,11648154.42,2512397.71,2636437.92,0.0,25855593.64
1121,6504527.0,3102606.01,1608368.74,173858.45,0.0,23108787.36,4581154.51,5240534.47,0.0,44319836.54
1122,6504527.0,3644425.03,2440339.32,0.0,567184.5,24298847.49,4808866.54,4809963.27,-6506.83,47067646.32
1123,6504527.0,1322141.86,727210.1,1429979.22,1623293.85,12005540.97,2631848.12,3620880.34,0.0,29865421.46
1124,6504527.0,1509994.08,1592419.62,0.0,55025062.54,11241746.45,2327215.31,3786412.53,-50900.76,81936476.78
1125,6504527.0,911916.46,930532.95,47043127.12,1259071.02,9044095.0,1756362.03,3924049.34,0.0,71373680.92
1126,6504527.0,2538422.29,1741104.37,0.0,301930.2,17706607.57,3614938.9,4132679.48,-40717.04,36499492.78
1127,6504527.0,1403229.93,1384109.37,0.0,59175090.3,9272136.21,1946599.19,5034564.37,-128418.17,84591838.2
1128,6504527.0,3195313.07,2050900.14,0.0,0.0,20936648.1,4141814.38,4524853.76,-42764.67,41311291.78
1129,6504527.0,1241608.33,3230668.64,13682079.62,237255019.44,10207416.25,2290363.11,5717687.23,0.0,280129369.61
1130,6504527.0,3004238.65,2212492.55,0.0,626364.06,22242377.03,4515270.13,5050976.48,-17229.75,44139016.15
1131,6504527.0,1335350.55,1224595.08,0.0,9002532.61,11170794.58,2371960.05,4781181.39,0.0,36390941.26
1132,6504527.0,1093726.96,649301.76,14987266.27,9377717.24,10160447.68,2074523.14,3768601.52,0.0,48616111.55
1133,6504527.0,1987252.51,1651982.12,0.0,1444547.84,16520197.58,3372933.68,5217898.66,-21310.88,36678028.52
1134,6504527.0,2567900.68,1954433.42,0.0,249441.87,19490470.3,4196668.8,5713158.73,-1770.2,40674830.59
1135,6504527.0,2205690.54,1755190.16,0.0,1199161.41,17304565.37,3613717.05,4841860.17,-6599.5,37418112.2
1136,6504527.0,2117937.16,1430959.81,3020587.6,15286453.19,19578281.21,3961355.08,6020314.48,0.0,57920415.53
1137,6504527.0,1751441.07,1396417.01,0.0,178527.45,14377687.01,2861043.11,3853765.24,-42831.17,30880576.74
1138,6504527.0,1954765.56,1470685.82,0.0,411567.16,14836033.94,3077005.05,4360044.86,-22850.58,32591778.8
1139,6504527.0,990618.55,573955.26,0.0,303096.01,6427434.0,1274603.39,1609545.16,-72527.55,17611251.83
1140,6504527.0,1594385.76,1362574.73,0.0,5582488.19,12784897.28,2715853.13,5394923.47,0.0,35939649.57
1141,6504527.0,1093022.45,645901.24,1293717.85,7296720.63,10386371.46,2334447.62,3572817.02,0.0,33127525.27
1142,6504527.0,2143810.15,1459569.64,0.0,1592844.44,14402383.44,2610052.38,2522417.05,-11127.17,31224476.94
1143,6504527.0,1520497.83,1079091.55,0.0,0.0,10871631.25,2268860.07,3682987.53,-8071.57,25919523.66
1144,6504527.0,1697733.4,1268505.46,0.0,342072.85,12870108.84,2602754.47,3591207.51,-21974.18,28854935.35
1145,6504527.0,2676644.54,1852940.13,0.0,469830.07,18963379.93,3731998.77,3419322.93,-49810.35,37568833.02
1146,6504527.0,1364196.15,1668324.12,0.0,68413598.01,10287331.59,2139296.08,5157683.98,0.0,95534956.92
1147,6504527.0,1225771.55,1052859.98,0.0,2955564.99,9954377.34,1914637.78,5108923.07,-3779.18,28712882.53
1148,6504527.0,934172.68,615743.37,0.0,0.0,7123169.89,1449187.84,2231013.25,-96573.62,18761240.42
1149,6504527.0,3861590.32,1745448.78,2928826.76,560109.93,24272546.82,4782121.84,5302719.53,0.0,49957890.99
1150,6504527.0,633748.3,1786540.24,3450729.65,134534418.36,5732376.47,1265890.14,6084917.24,-43824.96,159949322.44
1151,6504527.0,2011382.32,1080760.59,0.0,505794.16,11490657.95,2377524.49,2448320.05,-80594.36,26338372.19
1152,6504527.0,1470804.37,3487213.52,6458117.93,261520896.65,11445068.65,2298940.08,5891429.88,-126890.35,298950107.73
1153,6504527.0,1394459.6,1441290.85,0.0,7099045.92,13504528.88,2697221.46,5808215.38,0.0,38449289.09
1154,6504527.0,1347756.93,908667.96,0.0,128087.59,9039332.87,1898037.98,3838325.95,0.0,23664736.29
1155,6504527.0,2191881.61,1494459.18,0.0,284524.98,15587448.94,3153549.93,3160945.19,-74394.07,32302942.75
1156,6504527.0,3145962.55,2191376.74,0.0,400508.48,21863716.43,4480697.83,4841992.64,-980.29,43427801.38
1157,6504527.0,1778529.95,1563979.66,8946957.6,4085193.16,15144658.73,3138308.14,5637526.45,0.0,46799680.7
1158,6504527.0,1796242.9,1799537.72,1780033.87,65550322.48,12194503.72,2191389.08,4931737.79,-69150.53,96679144.04
1159,6504527.0,2228703.68,1463648.18,6685248.46,14126432.33,20010025.27,4163029.21,5702235.06,0.0,60883849.18
1160,6504527.0,1258616.5,1157166.06,0.0,59242771.6,6915843.94,1422809.9,4879467.69,-117067.19,81264135.5
1161,6504527.0,3641025.37,3364495.64,5564236.21,4527028.03,32834781.16,6615897.95,6283818.27,0.0,69335809.61
1162,6504527.0,4062387.35,3323616.54,0.0,4921401.1,32231790.21,6058199.54,6318000.02,-2416.4,63417505.36
1163,6504527.0,2325028.64,1858875.69,2185391.07,6998807.26,17770508.83,3714697.43,5891876.27,0.0,47249712.17
1164,6504527.0,1731255.69,748714.02,0.0,2238734.93,13534732.82,2878275.93,3834515.01,0.0,31470755.4
1165,6504527.0,2043639.28,1799795.1,0.0,0.0,18028122.58,3615806.08,5549757.87,-3017.15,37538630.76
1166,6504527.0,2205223.48,2204023.22,0.0,75606739.59,15737558.38,3310475.44,5451660.34,-57916.54,110962290.92
1167,6504527.0,3867823.41,2387588.62,0.0,732597.38,23822335.22,4777548.03,5009223.85,-4202.97,47097440.54
1168,6504527.0,1216616.21,579271.45,33173665.12,0.0,10705614.45,2220091.62,3237824.31,0.0,57637610.16
1169,6504527.0,1094200.17,1499756.77,0.0,61629630.02,9628574.09,1891632.24,5895846.21,-97526.83,88046639.68
1170,6504527.0,686036.28,200732.53,0.0,781021.11,5210537.35,1251891.49,1258876.27,0.0,15893622.02
1171,6504527.0,1608702.96,707651.88,0.0,2025.07,7075770.21,1538414.29,3903446.97,0.0,21340538.38
1172,6504527.0,1320752.3,1125037.05,0.0,7326450.15,10223625.33,2015702.01,4851848.12,0.0,33367941.96
1173,6504527.0,1101755.53,989651.1,0.0,6392715.8,8858212.14,1995420.49,4262463.45,0.0,30104745.52
1174,6504527.0,2109688.55,898390.79,0.0,193088.7,13923869.11,2835304.71,2394855.43,0.0,28859724.27
1175,6504527.0,1416709.73,1150528.55,0.0,485156.4,11451211.17,2317021.65,4225994.95,0.0,27551149.45
1176,6504527.0,3410466.94,2418132.88,0.0,1018861.41,24379461.23,4904826.03,4735219.2,-25534.65,47345960.04
1177,6504527.0,1975369.24,2208788.87,0.0,72465247.61,16319412.63,3290593.96,5861903.0,-74608.35,108551233.95
1178,6504527.0,859277.84,1165431.03,0.0,51665964.31,7463314.26,1614233.82,4259654.85,-86507.11,73445896.0
1179,6504527.0,1048759.85,475427.64,0.0,331246.48,9240736.52,1994112.42,2503104.13,0.0,22097914.04
1180,6504527.0,1222184.04,1609292.4,0.0,72775743.91,9485075.22,2126027.21,5734373.15,0.0,99457222.94
1181,6504527.0,961836.56,1520324.2,27851777.45,65422267.48,9546724.21,1954497.58,4778514.73,-29160.32,118511308.89
1182,6504527.0,1672394.27,1474648.92,0.0,46609414.11,11974718.39,2646532.02,3938600.62,-150394.45,74670440.88
1183,6504527.0,2730674.69,2090917.63,5049941.85,510723.18,20721565.33,4145305.66,5439949.75,0.0,47193605.09
1184,6504527.0,3131844.12,2752462.28,878483.68,76126355.88,21138504.95,4241267.53,5286235.6,-65553.0,119994128.04
1185,6504527.0,1899791.15,1877776.86,0.0,64978977.99,13818486.27,2884590.6,5406912.11,-127658.56,97243403.44
1186,6504527.0,1796530.18,2803167.08,3755540.83,205927611.21,10511442.12,2237795.75,5518708.82,-188302.07,238867020.92
1187,6504527.0,1127267.95,1252446.56,0.0,17729972.14,10147885.9,2288348.25,5839854.74,0.0,44890302.54
1188,6504527.0,875592.36,305767.84,0.0,2503912.14,7497030.02,1567494.42,2509691.37,0.0,21764015.16
1189,6504527.0,1084395.43,761573.27,34643959.71,12359110.38,10843954.31,2093872.61,4303790.1,0.0,72595182.81
1190,6504527.0,2739892.99,1425606.19,0.0,53360.88,20755979.25,4105997.82,3917346.73,0.0,39502710.87
1191,6504527.0,982900.63,517914.85,9278327.19,5492618.23,9665097.0,1957717.86,3192864.88,0.0,37591967.65
1192,6504527.0,2709411.67,1434560.36,0.0,1689905.08,20623965.35,4126240.82,4586496.28,0.0,41675106.56
1193,6504527.0,1427630.36,1495921.09,2785449.77,11638437.34,13626741.12,2739974.36,6616249.5,0.0,46834930.54
1194,6504527.0,2078396.75,1575018.78,20258955.13,14879939.04,20783967.46,4183176.29,7065452.47,0.0,77329432.92
1195,6504527.0,3411242.22,2442600.99,0.0,1507866.33,24833371.86,5199573.12,4173188.72,-68470.2,48003900.05
1196,6504527.0,1391130.07,1010978.79,0.0,545194.9,10060991.52,2176668.97,3637014.18,-15273.14,25311232.29
1197,6504527.0,2183959.13,1858800.31,0.0,2529836.45,18810007.0,3857252.21,5076790.12,-77581.12,40743591.11
1198,6504527.0,2225269.36,1458553.14,0.0,692357.86,15041017.83,2978073.63,3697211.32,-54226.37,32542783.77
1199,6504527.0,1892514.09,2094914.23,0.0,66958229.61,15483277.5,3361642.05,4741503.71,-66998.22,100969609.97
1200,6504527.0,1508096.41,820545.66,0.0,1722267.61,14491163.31,3051019.06,3752685.0,0.0,31850304.06
1201,6504527.0,1051525.46,1001794.21,0.0,37174703.27,7228840.96,1644585.89,3112585.14,-71811.87,57646750.06
1202,6504527.0,2803172.57,2653864.24,3857976.5,5697774.26,25738872.69,5235280.33,6648344.2,0.0,59139811.8
1203,6504527.0,2369203.8,989622.75,0.0,648752.81,9969352.34,2073747.92,2447290.43,-13809.5,24988687.56
1204,6504527.0,1072497.25,783953.98,60831419.33,14649431.97,10724972.51,2082762.92,4471186.91,0.0,101120751.88
1205,6504527.0,1373018.73,650220.51,0.0,461304.01,11071614.12,2360465.01,2632478.25,0.0,25053627.64
1206,6504527.0,1234529.22,1909787.17,8474134.61,131929740.36,7662938.04,1648272.11,5473816.69,-111790.35,164725954.84
1207,6504527.0,660383.09,589348.14,0.0,24519908.7,5019714.67,1055769.66,2653109.98,-176688.6,40826072.65
1208,6504527.0,1353397.55,2348232.45,0.0,198884423.13,6062194.23,1332548.57,6147752.99,-287539.37,222345536.56
1209,6504527.0,2435699.44,2193046.73,0.0,64637345.95,17057750.89,3326931.7,4550392.61,-130746.46,100574947.86
1210,6504527.0,1350944.3,960507.26,0.0,569705.08,10132173.07,2117216.16,2096799.73,-66755.59,23665117.01
1211,6504527.0,873538.32,982044.76,0.0,43276712.4,6925153.81,1549634.24,3357246.98,-115931.03,63352926.48
1212,6504527.0,1495409.94,806342.34,0.0,15563510.08,13252367.29,2708067.29,4605248.15,0.0,44935472.08
1213,6504527.0,1277697.75,1335667.12,0.0,14405369.85,11630312.03,2386366.53,5657311.27,0.0,43197251.56
1214,6504527.0,3237240.39,1988623.17,0.0,823753.56,20211322.02,4139483.4,3522898.92,-43396.99,40384451.46
1215,6504527.0,2073528.21,2088994.64,2843583.47,11546542.74,19540011.25,3998604.0,6661578.87,0.0,55257370.17
1216,6504527.0,3610305.81,1687715.49,0.0,836328.31,17448873.56,3524815.42,3228816.03,-65494.78,36775886.84
1217,6504527.0,3318371.33,2176022.15,0.0,362674.38,21849605.62,4475999.96,4065381.95,-14812.1,42737770.3
1218,6504527.0,962936.66,910353.78,0.0,47179895.71,6267688.01,1389001.11,4693932.05,-228198.95,67680135.37
1219,6504527.0,928043.32,1409880.23,0.0,66230674.36,8021848.28,1686251.1,6011524.11,-61829.41,90730918.98
1220,6504527.0,2984322.77,1971994.04,0.0,1365398.12,20066119.4,3877644.28,4306569.12,-49712.79,41026861.94
1221,6504527.0,1688474.96,1811243.78,0.0,72452436.71,11258317.21,2236879.73,5292936.56,0.0,101244815.96
1222,6504527.0,983229.85,988912.27,0.0,7826025.28,9029725.65,1872433.85,4445948.68,0.0,31650802.57
1223,6504527.0,3997621.83,2584510.9,0.0,2586788.68,25401442.97,5168980.29,5390689.28,-8377.69,51626183.25
1224,6504527.0,2982424.53,1529366.93,0.0,961615.94,21075621.21,4140984.23,3579372.56,0.0,40773912.4
1225,6504527.0,1306242.37,589708.86,0.0,647713.54,5657665.43,1229346.17,2402214.89,0.0,18337418.26
1226,6504527.0,795247.74,974516.81,0.0,58020935.24,4704650.7,916699.78,3692063.26,-111096.32,75497544.21
1227,6504527.0,2507304.55,1827241.29,0.0,56247.77,18538710.68,3705053.73,4205666.89,-28083.8,37316668.12
1228,6504527.0,2768906.17,2089630.86,0.0,8795389.56,26705066.73,5291275.57,7200194.68,0.0,59354990.57
1229,6504527.0,1481134.03,1717359.2,0.0,59042416.5,12436874.58,2431460.66,4534389.79,-96537.74,88051624.04
1230,6504527.0,1796660.1,1262254.81,0.0,2153231.65,12075838.53,2414610.22,3855893.86,0.0,30063016.18
1231,6504527.0,1739440.18,817171.97,0.0,216719.28,14100550.57,2974828.69,3281547.4,0.0,29634785.08
1232,6504527.0,2742280.41,1822623.69,0.0,777751.03,19187079.58,3817061.95,4312218.0,-102529.58,39061012.06
1233,6504527.0,2930526.54,2805645.68,0.0,72606150.08,21870792.16,4323822.32,5348504.64,-64611.15,116325357.26
1234,6504527.0,1666242.3,1146427.61,0.0,156413.33,12140909.03,2563371.36,3578775.3,-70322.0,27686343.94
1235,6504527.0,957523.08,477293.64,48308414.87,1183760.46,9248266.98,1797626.22,2938865.61,0.0,71416277.87
1236,6504527.0,1801734.0,1589918.38,0.0,1945734.03,15457134.02,3184984.99,5453538.06,0.0,35937570.47
1237,6504527.0,1293444.77,505337.63,0.0,788994.02,10251928.13,2171007.02,2549196.3,0.0,24064434.87
1238,6504527.0,953567.05,2139197.26,0.0,180566603.39,4836446.74,1102758.11,6567209.22,-223403.2,202446905.56
1239,6504527.0,805903.62,1018071.64,7358215.81,54947136.35,6286600.05,1204886.59,3848588.29,-91916.5,81882012.85
1240,6504527.0,1475173.3,885665.62,0.0,208240.81,9197469.61,1853768.57,1551245.59,-37923.87,21638166.64
1241,6504527.0,914457.11,971452.72,0.0,6746467.08,8779202.24,1814359.02,4962431.09,0.0,30692896.26
1242,6504527.0,3892085.96,2792228.61,8498428.23,1475029.51,34461456.0,6965286.22,6508879.91,0.0,71097921.43
1243,6504527.0,2792128.26,1136810.68,0.0,2902540.68,18018685.53,3662464.88,4281059.29,0.0,39298216.32
1244,6504527.0,2314366.11,1479807.09,0.0,0.0,14955195.65,3005758.56,4335486.49,-15712.48,32579428.42
1245,6504527.0,2373501.82,1638150.44,0.0,952298.6,16830909.64,3492983.9,3255536.07,-54894.26,34993013.21
1246,6504527.0,2882680.26,1980198.63,0.0,738307.91,19805111.22,3907669.46,5292183.37,-8474.71,41102203.13
1247,6504527.0,1433947.27,609985.83,0.0,4277.23,10511981.81,2023918.96,2159980.06,0.0,23248618.17
1248,6504527.0,1212254.16,763140.21,0.0,2775622.5,11860265.17,2618002.1,4670117.77,0.0,30403928.91
1249,6504527.0,2214701.04,1794567.04,12568972.92,0.0,17945670.4,3557168.28,5399653.12,0.0,49985259.81
1250,6504527.0,1722824.69,1768443.13,0.0,82773360.87,10351867.81,2209006.79,3201834.06,-51987.52,108479876.83
1251,6504527.0,1375519.51,853724.66,0.0,1391551.32,8440162.25,1847295.27,4529475.44,-5271.92,24936983.54
1252,6504527.0,1771316.74,1599442.8,0.0,2675070.25,15755087.33,3358982.84,6032764.7,-17690.61,37679501.06
1253,6504527.0,1358017.84,1288820.26,0.0,11434134.46,10996399.93,2336328.55,5251584.67,0.0,39169812.71
1254,6504527.0,2352679.0,2031721.64,0.0,66093723.35,15598934.91,3159122.38,4525462.27,-129726.47,100136444.08
1255,6504527.0,1366830.34,1193796.99,0.0,6630701.48,11162758.0,2341115.31,4438292.5,0.0,33638021.62
1256,6504527.0,2683965.32,1730648.01,0.0,1778476.92,24088788.46,5026806.73,5465964.43,0.0,47279176.88
1257,6504527.0,1842831.69,1785159.35,0.0,6926457.75,16855109.4,3525026.22,6216758.19,0.0,43655869.59
1258,6504527.0,1653089.87,1182795.48,0.0,1109059.81,12025572.08,2462017.51,3176081.34,-39399.83,28073743.26
1259,6504527.0,2676188.11,3497246.75,10913777.06,153664214.23,21355105.67,4397914.54,5400514.2,-43283.82,208366203.76
1260,6504527.0,1819213.56,1473315.73,0.0,52205434.58,10718907.71,2146417.44,3431472.57,-90638.74,78208649.85
1261,6504527.0,1340875.98,751488.05,0.0,624778.46,7943556.86,1650530.36,2931349.64,-50097.34,21697009.02
1262,6504527.0,2326960.14,1302249.66,0.0,436563.72,13107189.5,2495388.02,2514741.22,-12776.59,28674842.67
1263,6504527.0,3195949.45,1844828.41,0.0,706636.5,18844187.19,3755084.44,3790484.14,-46431.32,38595265.81
1264,6504527.0,810604.84,711453.98,0.0,2563890.72,6566342.91,1228507.81,4255276.22,-13721.61,22626881.87
1265,6504527.0,1171168.9,354697.49,0.0,232859.05,7395045.18,1693900.78,1563126.07,0.0,18915324.48
1266,6504527.0,2833714.09,2771832.55,0.0,76032302.77,21389212.2,4379579.6,5811352.8,-64792.8,119657728.21
1267,6504527.0,3619137.54,1867671.35,0.0,431786.22,19246869.99,3964905.98,3777624.31,-61848.04,39350674.35
1268,6504527.0,1936662.55,1400224.76,0.0,147472.83,14135220.26,2969188.21,5243686.92,-18748.51,32318234.02
1269,6504527.0,1254955.75,834111.57,0.0,814398.42,9572365.61,1979625.72,2329859.36,-132223.53,23157619.89
1270,6504527.0,1866562.34,1844085.31,0.0,61908804.96,13436217.36,2702368.58,4413029.67,-87298.59,92588296.62
1271,6504527.0,2129382.61,2266237.52,0.0,72852049.53,16489210.2,3465406.09,5602834.36,-72984.36,109236662.95
1272,6504527.0,524566.26,0.0,0.0,0.0,1219481.79,306774.52,0.0,-121948.18,8433401.39
1273,6504527.0,1137557.7,1000952.6,0.0,789781.8,9832899.38,2267486.0,4543031.25,-228.38,26076007.36
1274,6504527.0,1673121.55,1093682.05,0.0,96483.77,11039479.27,2294213.55,3009379.65,-11065.45,25699821.38
1275,6504527.0,3794601.37,2282296.9,0.0,2298974.08,29623989.13,5943612.13,5260251.8,0.0,55708252.4
1276,6504527.0,2733231.65,1691245.32,0.0,3687002.25,23480487.2,4863036.37,5805074.59,0.0,48764604.39
1277,6504527.0,3249736.26,2175177.43,10108635.11,0.0,21751774.28,4311559.48,5368275.54,0.0,53469685.09
1278,6504527.0,2218312.76,2022329.85,1441225.0,0.0,20223298.5,4084440.37,6272383.63,0.0,42766517.11
1279,6504527.0,1827212.97,1282482.75,0.0,1507163.88,12891189.55,2564101.58,4087947.99,-21338.93,30643286.79
1280,6504527.0,1440619.75,876822.34,5438683.15,1083099.93,13529639.21,2840315.6,4522072.29,0.0,36235779.27
1281,6504527.0,2006893.17,1311653.08,0.0,10283925.05,18590046.88,3902653.46,4942614.41,0.0,47542313.06
1282,6504527.0,1134455.47,569420.26,27989105.17,3953939.45,10331156.52,2166732.37,3025548.14,0.0,55674884.39
1283,6504527.0,2805841.97,2750176.2,4601402.98,76832107.11,20806214.83,4206395.04,5312981.68,-32955.28,123786691.54
1284,6504527.0,2504848.08,2312328.68,0.0,65502796.61,17782306.99,3558194.75,4480477.8,-81600.68,102563879.23
1285,6504527.0,2775162.26,2767145.5,0.0,76579959.89,20953786.71,4337519.26,5472241.72,-46580.69,119343761.64
1286,6504527.0,2073806.87,1092102.58,0.0,704169.46,11521290.55,2333676.36,2387666.55,-71656.45,26545582.91
1287,6504527.0,3414637.69,2490137.97,2998430.96,1050180.61,24785279.1,4842022.2,5597467.5,0.0,51682683.03
1288,6504527.0,1444472.65,2858096.86,5636579.02,220941501.79,9109530.64,1913637.07,6441473.83,-274182.59,254575636.27
1289,6504527.0,2604821.0,2395941.86,8425522.5,4079366.74,23482146.5,4720213.33,6578049.87,0.0,58790588.8
1290,6504527.0,2269822.58,2591069.12,2061041.03,79447171.43,18612787.14,3689613.39,5724176.88,-3642.67,120896565.9
1291,6504527.0,3819587.1,2489728.57,0.0,315492.44,25025665.45,5026645.27,5098359.76,-22277.8,48257727.79
1292,6504527.0,3094337.0,2051947.88,3991493.59,611754.02,27318447.91,5677748.23,5848654.81,0.0,55098910.45
1293,6504527.0,1365108.92,1380871.62,0.0,10891942.72,12406086.69,2477594.39,5503696.12,0.0,40529827.45
1294,6504527.0,1091677.16,629985.76,0.0,2815105.19,10512850.71,2284214.11,4504377.27,0.0,28342737.2
1295,6504527.0,1421163.01,1025181.58,0.0,0.0,10577915.19,2226496.03,3371387.44,-32609.94,25094060.31
1296,6504527.0,2335299.89,1961876.71,0.0,0.0,19845523.51,4131139.27,5366532.86,-22675.64,40122223.59
1297,6504527.0,902866.81,691564.4,0.0,380669.5,7630254.45,1576644.88,3145649.96,-85532.25,20746644.75
1298,6504527.0,2060369.14,1680530.02,0.0,15883.37,16986132.99,3524914.97,5728209.16,-18670.4,36481896.26
1299,6504527.0,870030.55,1354859.87,27597478.74,60187533.58,8700305.54,1697605.44,4942242.73,-40607.04,111813976.41
1300,6504527.0,1120245.77,697372.85,0.0,1339485.04,8142762.06,1840540.56,2628826.02,-166416.56,22107342.73
1301,6504527.0,1027700.95,853662.8,0.0,3087467.01,8191858.25,1772727.59,3993022.35,0.0,25430965.95
1302,6504527.0,1185911.26,1419587.28,0.0,63750447.71,9606810.01,2107603.38,5465728.47,-163538.38,89877076.72
1303,6504527.0,2066079.84,949855.83,0.0,238452.72,10582811.99,2157723.72,1947475.42,-110754.88,24336171.63
1304,6504527.0,3792046.44,2755269.18,0.0,1198683.28,27258395.64,5620320.99,5019887.61,-8170.69,52140959.45
1305,6504527.0,3423359.37,2077433.92,0.0,487169.32,21099624.01,4460327.52,4490724.31,-41504.28,42501661.18
1306,6504527.0,736803.44,333947.52,0.0,7560919.99,6642979.47,1453285.03,2741455.32,0.0,25973917.78
1307,6504527.0,1537682.88,813536.5,3934321.45,0.0,13048265.03,2779905.36,4122740.93,0.0,32740979.16
1308,6504527.0,2281100.42,1233891.21,0.0,550731.45,13529208.26,2877053.09,2013503.81,-127226.48,28862788.76
1309,6504527.0,1663688.61,1697240.04,0.0,54419834.57,12496524.64,2407738.82,4259196.11,-79446.33,83369303.46
1310,6504527.0,3174468.88,2536967.75,0.0,2187209.14,25311990.43,4993660.93,5922328.62,-36815.98,50594336.77
1311,6504527.0,2431122.32,1090782.96,0.0,2544574.76,17422658.65,3494123.27,3891466.59,0.0,37379255.53
1312,6504527.0,2055022.39,585663.37,0.0,202420.24,10282921.16,2083185.0,1788637.09,0.0,23502376.25
1313,6504527.0,1865431.39,1029183.27,0.0,5846354.34,16627387.84,3470832.69,4275437.13,0.0,39619153.65
1314,6504527.0,2482155.86,2240573.37,0.0,2367070.23,22297941.49,4632293.79,6552305.72,-15393.86,47061473.6
1315,6504527.0,2848788.43,1695645.39,0.0,613683.54,17341406.08,3441490.56,3170395.3,-47756.99,35568179.31
1316,6504527.0,1220683.18,1283771.68,24679.56,9921291.28,11736976.51,2248298.66,5530011.99,0.0,38470239.86
1317,6504527.0,1449943.59,1756565.38,23104119.85,24348155.27,14499435.9,3010083.31,8072446.15,0.0,82745276.45
1318,6504527.0,1518002.08,1550001.76,0.0,52949546.57,11061467.5,2212646.94,4104147.0,-71299.54,79829039.31
1319,6504527.0,1773379.31,1671848.63,0.0,56712104.5,11871055.09,2334176.18,4151649.45,-63476.36,84955263.8
1320,6504527.0,2879711.01,1530973.4,0.0,783296.49,15817361.86,3146046.08,2620309.04,-57865.55,33224359.32
1321,6504527.0,2065415.3,1562492.35,9410864.62,15665253.26,20654152.95,4169777.54,7191254.11,0.0,67223737.13
1322,6504527.0,2100692.2,1574026.62,19136001.4,15053464.32,20976381.73,4216253.85,6772055.64,0.0,76333402.76
1323,6504527.0,1369942.3,827858.58,0.0,4021759.39,7588368.71,1629972.0,3957842.22,0.0,25900270.2
1324,6504527.0,1414127.92,3595800.37,18901678.22,242527452.89,13354370.27,2827863.25,7576049.32,0.0,296701869.25
1325,6504527.0,2267809.09,2674639.31,0.0,124601713.38,16562471.33,3217842.88,5038806.11,-158588.11,160709220.98
1326,6504527.0,1300446.7,1453171.71,0.0,18744490.35,12182942.87,2554916.26,7200772.82,0.0,49941267.7
1327,6504527.0,1040549.21,505016.97,4286137.65,207944.52,9886204.3,2048885.31,3428691.66,0.0,27907956.62
1328,6504527.0,1450733.54,1416649.6,0.0,11106076.6,12880798.08,2609947.56,5792212.19,0.0,41760944.57
1329,6504527.0,1431576.91,623229.24,0.0,1123461.51,11528206.13,2392935.76,2816045.89,0.0,26419982.44
1330,6504527.0,2679972.17,3577381.27,1085283.37,149642766.52,22686177.45,4530672.12,5931274.62,-76675.54,196561378.98
1331,6504527.0,2797392.41,1625365.6,0.0,797089.74,16763717.89,3284062.1,2771738.09,-58855.76,34485037.08
1332,6504527.0,1888876.79,1027312.73,0.0,1054063.0,10857734.13,2188180.6,2272747.95,-68348.14,25725094.06
1333,6504527.0,2031831.97,1435938.68,0.0,11116008.6,19646434.71,3887236.1,6363175.18,0.0,50985152.24
1334,6504527.0,1504743.56,660529.17,0.0,327119.17,11397274.23,2358476.45,2944030.41,0.0,25696699.99
1335,6504527.0,1134714.0,1513699.34,0.0,67803827.22,9228434.7,1996567.18,5014583.55,-13020.65,93183332.35
1336,6504527.0,1321185.12,845145.53,27116746.37,2648558.94,12720912.3,2803826.12,4355062.71,0.0,58315964.08
1337,6504527.0,2926004.6,2259313.05,0.0,402180.95,22883844.73,4637124.09,4436638.17,-34352.76,44015279.82
1338,6504527.0,2186742.81,1319128.48,0.0,474326.94,20015459.63,4073991.81,5351422.33,0.0,39925599.0
1339,6504527.0,2471589.89,1429583.69,0.0,408950.82,15379266.61,3270689.43,2060011.38,-111535.63,31413083.18
1340,6504527.0,1540101.83,1421328.61,0.0,63327267.28,9257244.92,1885173.59,4965445.87,-129637.05,88771452.05
1341,6504527.0,2087335.66,1629226.19,0.0,643069.11,16426371.2,3294675.65,4741415.99,-19019.72,35307601.07
1342,6504527.0,1405745.49,1207770.11,0.0,5127891.79,11478186.41,2352946.21,4583802.27,0.0,32660869.28
1343,6504527.0,1534493.04,989669.19,0.0,388246.27,10326827.89,2091812.25,2657760.76,-47097.15,24446239.24
1344,6504527.0,3631341.26,2097218.03,0.0,578112.47,21429542.67,4156860.45,3720397.99,-50855.57,42067144.31
1345,6504527.0,2479635.73,1804109.5,0.0,1586598.1,18102563.86,3532096.13,4839226.73,-35185.35,38813571.7
1346,6504527.0,2339114.86,1685460.71,0.0,54852651.14,12491309.91,2461915.34,3774972.38,-80800.05,84029151.28
1347,6504527.0,3599551.45,2406721.49,7479397.02,797395.71,23979060.45,4851945.01,5158542.13,0.0,54777140.26
1348,6504527.0,3041138.1,1819200.1,0.0,321383.47,25098553.7,5179700.96,4808145.98,0.0,46772649.32
1349,6504527.0,628986.63,623364.27,0.0,26527040.08,4745560.36,929841.01,2731945.88,-131187.24,42560078.0
1350,6504527.0,2834655.56,1725725.76,0.0,1107442.25,18321385.18,3543858.51,3274148.61,-118409.28,37193333.58
1351,6504527.0,2114241.64,1801705.36,0.0,625904.96,18128740.55,3659847.98,5156271.13,-20634.55,37970604.07
1352,6504527.0,2903279.48,2069053.45,7763625.75,1178639.83,20607391.33,4153104.02,5467186.44,0.0,50646807.31
1353,6504527.0,2370240.56,2570819.55,1827173.64,78135409.76,18710541.26,3754644.5,5534944.49,-13643.4,119394657.35
1354,6504527.0,2640403.61,1789477.66,0.0,5770237.53,24020155.23,4956676.52,6218885.56,0.0,51900363.1
1355,6504527.0,2087391.54,1208087.85,0.0,23352300.2,10574310.1,2209879.65,1459158.25,-71370.31,47324284.28
1356,6504527.0,1477840.4,658773.98,0.0,1050224.98,12586287.91,2776296.53,3254574.07,0.0,28308524.87
1357,6504527.0,2311532.72,1204575.42,0.0,1622015.19,18600446.89,3694236.98,4212640.87,0.0,38149975.08
1358,6504527.0,1491030.29,439335.91,0.0,154149.08,8534646.6,1780326.3,1632901.4,0.0,20536916.58
1359,6504527.0,1178240.8,1058787.83,0.0,37237794.2,8985527.87,1877330.93,3323469.31,-209459.53,59956218.4
1360,6504527.0,1640822.27,1213964.5,0.0,27481.02,12228368.92,2541130.23,4397475.68,-9888.21,28543881.4
1361,6504527.0,2627734.94,1985967.81,0.0,345306.51,20045204.43,4174284.18,4198183.05,-23266.54,39857941.37
1362,6504527.0,3085002.22,2168825.38,0.0,1491165.31,22315968.94,4585315.34,4516029.47,-78348.32,44588485.35
1363,6504527.0,3138695.48,2099289.64,11857991.03,345764.15,20865086.95,4150673.64,5317287.39,0.0,54279315.28
1364,6504527.0,2070003.83,1584405.22,7203582.18,17276275.88,20700038.27,4180965.85,7340333.56,0.0,66860131.79
1365,6504527.0,2183811.79,1130896.39,0.0,441547.07,17046515.79,3496393.24,3183542.98,0.0,33987234.26
1366,6504527.0,793737.17,676249.79,0.0,119402.9,7382432.61,1636200.91,2947785.3,-66407.13,19993928.55
1367,6504527.0,1474584.81,971624.76,0.0,5082398.1,9122051.76,1862387.26,4344394.95,0.0,29361968.65
1368,6504527.0,2327082.01,1773452.2,428872.52,2747053.85,17421766.47,3461658.55,5408151.49,0.0,40072564.09
1369,6504527.0,591939.5,360406.04,37999497.56,13426133.62,5919394.95,1014076.23,2726958.17,0.0,68542933.07
1370,6504527.0,3070275.72,2131757.28,0.0,1031179.25,21746568.02,4348022.24,4846698.1,-53914.64,43625112.97
1371,6504527.0,894704.0,2526440.28,0.0,225489427.66,4486178.82,1010478.15,6444186.1,-114328.72,247241613.28
1372,6504527.0,1412630.03,941916.78,50362482.25,2069199.18,13974689.25,2818256.99,4355839.72,0.0,82439541.21
1373,6504527.0,2327961.18,2591177.04,5368377.99,76832107.11,19035534.79,3815352.39,5540587.95,-14886.44,122000739.0
1374,6504527.0,2683382.89,1654028.22,3392896.81,1269337.75,23377894.61,4781870.19,6834127.94,0.0,50498065.42
1375,6504527.0,1039468.6,373562.76,0.0,0.0,8648527.59,1830188.73,2600785.61,0.0,20997060.29
1376,6504527.0,3227120.36,2226081.68,0.0,1058060.67,22274726.8,4584581.69,4982436.68,-14279.43,44843255.45
1377,6504527.0,3237791.61,2364858.59,0.0,2244376.08,23482323.48,4581289.2,5293483.63,-8275.75,47700373.85
1378,6504527.0,2884696.41,2556659.67,9265220.97,14678.32,25561170.91,5118280.93,5886244.29,0.0,57791478.5
1379,6504527.0,1500164.21,1974901.6,0.0,79648381.51,12394658.28,2580214.27,5974225.37,0.0,110577072.24
1380,6504527.0,3241300.29,2390819.18,0.0,650122.07,24059311.23,4803923.67,4292476.62,-21193.93,45921286.13
1381,6504527.0,2048196.8,1342224.81,0.0,179115.78,13996353.48,2926400.03,2755621.76,-60195.7,29692243.95
1382,6504527.0,3060836.64,2184527.54,0.0,1321666.48,22189816.01,4364498.36,4902444.03,-49065.48,44479250.57
1383,6504527.0,1536749.63,789425.05,0.0,429840.08,14011053.79,2788862.89,3282230.63,0.0,29342689.07
1384,6504527.0,1134338.84,2613592.56,0.0,188470281.14,9100444.02,1885378.59,5924225.61,-241363.24,215391424.53
1385,6504527.0,2121741.07,1811767.87,0.0,1056587.38,17884272.87,3675576.5,5320323.93,0.0,38374796.62
1386,6504527.0,1810477.61,1188412.94,0.0,1169788.48,11968536.89,2498205.96,4234869.95,-24892.63,29349926.21
1387,6504527.0,3307371.36,2170845.92,0.0,539231.9,28563821.65,6001928.95,5816000.28,0.0,52903727.06
1388,6504527.0,1599125.2,1080717.83,0.0,0.0,11571780.41,2324973.0,3851255.88,-76460.21,26855919.1
1389,6504527.0,1378834.34,2412428.36,0.0,125377406.99,12301012.03,2453732.12,5829485.06,-49172.43,156208253.47
1390,6504527.0,4494773.26,3514419.94,0.0,5850618.99,33892333.55,6420018.55,6723012.89,0.0,67399704.19
1391,6504527.0,2223337.59,1314661.67,0.0,1136294.81,13664640.09,2660756.65,2865374.73,-66349.19,30303243.35
1392,6504527.0,2590176.23,1807519.43,0.0,1258427.05,18224784.65,3841876.07,2255747.19,-28241.21,36454816.4
1393,6504527.0,1091800.45,788015.15,62819855.29,13739605.46,10918004.54,2102811.81,4455588.3,0.0,102420208.0
1394,6504527.0,1020917.57,622399.17,19560288.41,3710337.48,10209175.67,2098448.45,3726551.57,0.0,47452645.32
1395,6504527.0,1189883.91,273880.0,0.0,111242.94,3604828.56,851937.26,340838.13,0.0,12877137.81
1396,6504527.0,1751475.1,1444117.36,0.0,1672688.51,14381314.42,2816156.6,4475284.06,-12458.84,33033104.21
1397,6504527.0,2190420.13,1210581.15,0.0,1523889.43,16800363.44,3570362.44,2634422.42,0.0,34434566.0
1398,6504527.0,2194087.14,1694735.48,0.0,461313.79,16885775.93,3339725.73,4821880.29,-1683.53,35900361.84
1399,6504527.0,656026.66,261830.64,0.0,13363420.9,5714831.8,1250316.43,2605633.34,0.0,30356586.78
1400,6504527.0,2608463.37,1710918.59,0.0,1427108.56,23732716.01,4665377.02,5408255.11,0.0,46057365.66
1401,6504527.0,722119.61,265314.89,0.0,0.0,6577332.85,1483518.29,1533175.04,0.0,17085987.68
1402,6504527.0,1991656.76,1530061.54,2108516.16,3742093.96,14863117.81,3060483.01,5708670.48,0.0,39509126.71
1403,6504527.0,2339009.69,1268398.27,0.0,139904.8,19305548.83,3829850.68,4323266.87,0.0,37710506.14
1404,6504527.0,1262972.71,637456.18,0.0,1877415.81,10754606.32,2250586.57,3282456.27,0.0,26570020.86
1405,6504527.0,3041610.95,1952938.89,0.0,651797.65,19859497.02,3985914.52,3629687.11,-40783.79,39585189.35
1406,6504527.0,1925522.51,1214075.83,0.0,35663497.55,9963994.63,2039097.77,2008139.18,-118451.69,59200402.79
1407,6504527.0,1480140.42,1087054.38,38005178.77,7184240.51,14792609.77,3054754.85,4387729.3,0.0,76496234.99
1408,6504527.0,2666934.25,1722298.33,0.0,2312007.61,17365932.45,3468305.61,5018746.53,-37162.15,39021589.63
1409,6504527.0,3473750.55,2416567.35,0.0,1839754.01,24528188.3,4945053.14,4932467.6,-56596.6,48583711.35
1410,6504527.0,1989429.01,1989511.7,2866500.15,8041299.92,18730536.92,3886400.91,6952356.62,0.0,50960562.24
1411,6504527.0,2326066.67,2032779.1,0.0,71968.67,20497289.13,4297267.33,5547774.0,-17546.23,41260125.67
1412,6504527.0,2129470.87,1430594.49,2525089.4,11837962.2,19947039.11,4109835.88,5505251.34,0.0,53989770.28
1413,6504527.0,3403943.43,2735732.49,2345543.68,202125.34,27333693.91,5537123.74,5682918.42,0.0,53745608.01
1414,6504527.0,1052224.21,1265044.83,57145688.99,15941829.57,10522242.13,2035877.29,5199799.42,0.0,99667233.44
1415,6504527.0,1772803.95,1439828.27,0.0,358326.24,14704184.06,2991933.64,4626676.96,-33551.1,32364729.03
1416,6504527.0,2010988.08,2313257.23,281001.56,74738811.89,16529280.67,3207188.97,5261434.54,-34783.82,110811706.12
1417,6504527.0,2182975.53,1781064.95,0.0,220894.53,17784824.18,3692052.38,4873740.96,0.0,37040079.53
1418,6504527.0,2924396.58,2013074.86,0.0,1840844.97,20323678.62,4059036.6,4255228.06,-38767.53,41882019.15
1419,6504527.0,1903681.43,2352745.95,1962000.74,79036510.54,16576390.56,3466048.42,6359933.07,-39020.91,118122816.8
1420,6504527.0,2775752.43,2073049.91,0.0,1613168.37,21026816.99,4451227.42,4207877.49,-50762.66,42601656.96
1421,6504527.0,1465760.13,635112.27,0.0,0.0,10592293.6,2123902.53,2288973.25,0.0,23610568.79
1422,6504527.0,639331.33,441198.51,0.0,0.0,5041133.14,1111583.66,1788984.88,-62914.8,15463843.73
1423,6504527.0,1400242.39,1842442.45,0.0,77718863.71,11147370.39,2324936.62,5705831.05,0.0,106644213.61
1424,6504527.0,1379392.82,1168391.75,0.0,368409.27,11547737.39,2357161.66,4541982.47,0.0,27867602.36
1425,6504527.0,1082839.27,715325.67,0.0,374635.79,7985867.44,1676904.0,2552187.27,-87145.55,20805140.9
1426,6504527.0,1496793.4,881673.81,26785664.69,365463.69,13594546.81,2898206.14,3920822.75,0.0,56447698.3
1427,6504527.0,1395033.2,504172.8,0.0,14590978.22,9965525.49,2010657.63,3979245.31,0.0,38950139.65
1428,6504527.0,1765292.67,1497359.82,0.0,471537.37,14815829.9,3059038.5,6197645.76,-1653.24,34309577.76
1429,6504527.0,1160841.28,670251.19,0.0,24442637.08,5946398.88,1262848.81,1339318.79,-138469.64,41188353.39
1430,6504527.0,3219112.95,2441935.54,0.0,1403211.77,24281082.91,4994444.97,5521993.14,0.0,48366308.28
1431,6504527.0,825158.43,501875.57,7210290.9,14008695.48,7979068.16,1783606.35,3294061.82,0.0,42107283.69
1432,6504527.0,2998512.35,2389849.73,6397969.93,1120812.28,23832571.93,4827524.85,5912706.74,0.0,53984474.81
1433,6504527.0,2812074.31,2389388.22,8255168.94,1820707.6,23703959.25,4950623.43,5711418.31,0.0,56147867.07
1434,6504527.0,3482790.24,2226117.41,0.0,2024924.6,29069813.96,5992735.62,5091702.27,0.0,54392611.09
1435,6504527.0,964285.7,1555800.45,53235392.15,65887828.78,9642857.03,1934933.62,4776879.94,0.0,144502504.66
1436,6504527.0,1456484.56,1806455.24,0.0,73188522.94,12480240.66,2472696.27,5725428.7,-122144.26,103512211.1
1437,6504527.0,1278476.71,711945.34,0.0,56921.02,7979179.3,1606607.25,1844171.29,-88076.64,19893751.26
1438,6504527.0,1003845.32,1019513.7,0.0,13353821.21,8676096.0,1775621.7,5199208.21,0.0,37532633.14
1439,6504527.0,902546.18,612006.85,5053541.11,18379578.54,9025461.76,1675497.22,3678637.28,0.0,45831795.93
1440,6504527.0,2366038.25,1372793.28,0.0,425966.73,20654881.38,4283939.85,4966163.26,0.0,40574309.74
1441,6504527.0,2260738.22,1148535.48,0.0,1374533.73,11140907.31,2214399.27,2405412.24,0.0,27049053.25
1442,6504527.0,2430641.87,1284173.0,0.0,701456.7,19106076.84,4138201.89,4122727.18,0.0,38287804.49
1443,6504527.0,1779348.3,1067791.73,0.0,13345888.12,16158167.76,3366558.25,5021477.11,0.0,47243758.27
1444,6504527.0,1726231.56,1566546.72,0.0,1164679.27,15937105.62,3242046.75,5413100.75,-70215.46,35484022.21
1445,6504527.0,1362783.78,1813690.45,2269267.59,77890644.02,10970733.67,2182369.1,5529378.87,0.0,108523394.48
1446,6504527.0,3920992.46,2069264.48,0.0,175572.76,20902318.42,4251153.67,3740839.22,-24195.07,41540472.94
1447,6504527.0,3082318.82,2309240.14,0.0,1916384.22,23140923.35,4723798.23,4870538.29,-43715.21,46504014.84
1448,6504527.0,2228047.02,1266130.73,0.0,708775.26,19298503.33,3962751.86,4512646.62,0.0,38481381.82
1449,6504527.0,831470.32,723222.14,0.0,310088.7,7834277.86,1657062.08,3166104.78,-71667.88,20955084.99
1450,6504527.0,2109805.15,954441.4,0.0,573634.48,9901900.47,2068490.84,1474203.07,-48738.41,23538264.0
1451,6504527.0,1912565.62,1195811.76,0.0,1363053.8,12465913.43,2594115.39,4006728.77,-71245.85,29971469.93
1452,6504527.0,3342382.51,2847034.29,0.0,3328831.47,27595963.96,5902415.18,4765335.72,-6175.27,54280314.85
1453,6504527.0,3425012.16,2540929.6,0.0,2604124.32,25079567.81,4973520.46,6018055.19,-443.28,51145293.27
1454,6504527.0,1531788.71,491290.0,9921879.45,0.0,9825800.0,2154108.17,3204254.37,0.0,33633647.71
1455,6504527.0,1833456.31,1048074.97,0.0,8148474.88,16178795.77,3504706.45,4353977.33,0.0,41572012.71
1456,6504527.0,2393042.58,2033396.7,0.0,292812.23,20414964.7,4238992.57,5701712.58,-10965.56,41568482.78
1457,6504527.0,2542602.3,1740554.69,0.0,216708.97,17838401.36,3554124.07,3848928.87,-44796.56,36201050.7
1458,6504527.0,1465145.34,786370.66,0.0,6199271.33,14031795.68,2901076.63,4175865.89,0.0,36064052.53
1459,6504527.0,2999165.67,2107970.49,0.0,1294691.82,21351187.21,4222541.96,4953633.63,-41461.44,43392256.33
1460,6504527.0,1527295.28,1379305.34,0.0,59326422.73,9183084.47,1891165.35,4062713.63,-101191.02,83773322.79
1461,6504527.0,1417549.0,1156577.03,0.0,46245051.16,8082776.07,1690079.43,3949449.55,-120064.99,68925944.26
1462,6504527.0,1489081.08,1354211.73,0.0,10330188.75,12334389.08,2584282.93,5515608.83,0.0,40112289.4
1463,6504527.0,2352764.63,1736803.79,0.0,204153.23,17292573.95,3616411.39,5334931.86,0.0,37042165.85
1464,6504527.0,798869.92,456217.81,688795.83,16244264.75,7311014.55,1634926.75,3350140.25,0.0,36988756.87
1465,6504527.0,1292867.91,1037961.59,0.0,4872554.88,9727401.38,1996875.15,4277764.23,0.0,29709952.14
1466,6504527.0,3461025.87,2792174.68,0.0,2078316.57,27431462.96,5630457.26,5336663.09,-7965.14,53226662.29
1467,6504527.0,2437817.24,1418298.76,0.0,668553.68,15121557.24,3023019.82,3348245.27,-104446.78,32417572.24
1468,6504527.0,1843076.86,1432563.43,0.0,794017.14,14223577.91,2842761.34,3926844.53,0.0,31567368.21
1469,6504527.0,1714476.43,1774795.72,0.0,91642033.7,9894905.97,1935941.58,4126221.3,-130472.97,117462428.73
1470,6504527.0,1387362.88,812100.1,0.0,750851.21,12756353.65,2711151.73,3676064.96,0.0,28598411.53
1471,6504527.0,2350569.25,1205891.07,0.0,109155.37,18875191.41,3860504.69,4780197.74,0.0,37686036.53
1472,6504527.0,1819808.6,1411404.69,0.0,1639283.18,14127980.64,2937408.96,3998783.19,-25604.35,32413591.92
1473,6504527.0,1185234.33,1358691.02,0.0,18932636.34,10941723.63,2461858.61,5986127.98,0.0,47370798.92
1474,6504527.0,1624233.86,1019865.57,0.0,388712.65,10490993.11,2225061.12,3179687.58,-32452.01,25400628.87
1475,6504527.0,930830.68,497973.3,21934091.84,24564166.55,7480645.85,1644445.61,3351863.46,0.0,66908544.29
1476,6504527.0,2103289.84,1524579.32,0.0,880470.04,15141269.96,3097903.81,4797378.01,0.0,34049417.98
1477,6504527.0,2204523.4,1542362.05,0.0,1328939.13,16004808.07,3173506.94,3779075.14,-92719.75,34445021.97
1478,6504527.0,1386084.86,1340961.51,0.0,8081614.16,12382128.26,2536033.84,4903449.77,0.0,37134799.39
1479,6504527.0,1095717.46,1236459.51,0.0,11762525.36,10609652.41,2281371.79,5505385.58,0.0,38995639.11
1480,6504527.0,1704582.3,1420631.39,0.0,5047910.67,13427750.09,2763351.46,5985177.92,-8327.45,36845603.36
1481,6504527.0,1323240.89,1234478.54,0.0,9711882.49,11179923.74,2387279.44,4957015.5,0.0,37298347.61
1482,6504527.0,4541751.83,3671919.49,20356735.03,655269.45,36672971.08,7286432.7,5590559.53,0.0,85280166.1
1483,6504527.0,468691.55,263154.19,0.0,12935151.88,4686915.49,963868.18,2589691.74,0.0,28412000.03
1484,6504527.0,3224060.37,2644010.56,16627550.65,0.0,26440105.58,5310192.47,5526037.17,0.0,66276483.79
1485,6504527.0,1502544.45,1353437.75,0.0,2049929.68,13168514.42,2672645.16,5864941.85,0.0,33116540.3
1486,6504527.0,3491221.66,1987268.73,0.0,938881.53,20087528.89,3938436.57,5303776.28,-28107.19,42223533.48
1487,6504527.0,2080238.66,2528622.88,134964.98,83042517.95,18119953.77,3759850.97,6556328.92,-73770.7,122653234.43
1488,6504527.0,2828295.57,1989269.92,0.0,227700.8,20130891.15,4109621.47,4349277.25,-26336.5,40113246.65
1489,6504527.0,4082667.93,2335793.94,2320340.79,1284237.35,30279934.36,6036942.4,5631933.73,0.0,58476377.48
1490,6504527.0,1281824.55,1420532.47,0.0,19605039.42,11628556.13,2512818.54,7037694.28,0.0,49990992.39
1491,6504527.0,1092691.34,1830403.16,0.0,124045223.12,7681883.61,1641919.97,5411982.81,-106534.43,148102096.58
1492,6504527.0,2823527.4,1953024.27,0.0,1323893.57,19355830.2,3928494.14,4460883.16,-3097.82,40347081.91
1493,6504527.0,933884.52,781648.46,0.0,696736.99,8421205.94,1712490.78,3701309.71,-65387.04,22686416.36
1494,6504527.0,2852678.86,1923557.4,0.0,84277.93,19479083.97,3982027.87,4764728.21,-25282.72,39565598.52
1495,6504527.0,3101597.99,1910062.59,0.0,0.0,19309986.93,3868460.79,5295537.65,-20936.11,39969236.84
1496,6504527.0,1970628.15,1403120.44,0.0,176458.55,14463402.14,2912961.15,3533731.45,-49742.46,30915086.43
1497,6504527.0,2786214.55,1713027.04,9661041.77,458217.0,24117397.38,4947171.78,5979182.4,0.0,56166778.92
1498,6504527.0,1290960.73,1075686.23,0.0,960285.28,10401899.05,2218099.71,4135991.57,0.0,26587449.58
1499,6504527.0,964946.59,1151832.79,22202294.82,13208738.6,9649465.86,1934471.03,4937924.04,0.0,60554200.73
1500,6504527.0,3461111.03,2379088.06,0.0,261892.84,24091629.75,4844777.08,5059610.04,-38295.65,46564340.15
1501,6504527.0,3165338.68,1932994.32,0.0,1249692.4,19988184.02,4022196.64,4442831.3,-78775.81,41226988.55
1502,6504527.0,1953164.12,1557114.46,0.0,154499.67,15708095.12,3289920.06,4522115.71,-19406.03,33670030.1
1503,6504527.0,1578936.01,698770.78,0.0,156704.03,8499435.29,1818003.22,1860479.22,-156965.21,20959890.34
1504,6504527.0,2408360.14,1776481.31,0.0,823606.6,18024181.25,3726065.7,4199935.63,-34603.26,37428554.36
1505,6504527.0,2083598.61,1559746.71,12841087.2,14441384.97,20751526.24,4186780.57,6829857.08,0.0,69198508.38
1506,6504527.0,1500892.41,1455683.06,0.0,3332915.56,13973011.8,2924272.11,6411704.74,0.0,36103006.68
1507,6504527.0,1440965.95,609674.5,0.0,448739.35,10220015.42,2077584.33,1907965.28,0.0,23209471.84
1508,6504527.0,1414722.86,1496226.97,0.0,9832804.38,13829464.08,2817526.1,6425554.53,0.0,42320825.92
1509,6504527.0,1157968.82,958021.68,0.0,2844793.36,9745756.08,2064396.09,3666033.35,-64643.06,26876853.31
1510,6504527.0,1088587.39,761002.91,44077442.68,12225089.54,10885873.93,2105919.27,4237646.79,0.0,81886089.51
1511,6504527.0,3274525.22,2405067.45,0.0,2433630.73,23880014.09,4768277.35,5556450.99,-6199.75,48816293.08
1512,6504527.0,3169114.66,2328966.25,3913572.82,0.0,23289662.47,4475063.8,5393598.84,0.0,49074505.83
1513,6504527.0,1408893.81,1753503.14,0.0,69098183.17,11645475.76,2437247.04,5523148.13,-65430.39,98305547.67
1514,6504527.0,1169982.57,566523.13,0.0,599872.55,5443492.27,1159277.78,1556197.92,0.0,16999873.22
1515,6504527.0,2637046.38,1793061.13,0.0,1139145.42,18610725.18,3652486.17,3966497.49,-81520.83,38221967.93
1516,6504527.0,2040128.2,1240559.72,0.0,90480.99,12863260.48,2602872.99,2393615.82,-46792.29,27688652.9
1517,6504527.0,1662518.83,939854.02,0.0,11995749.41,15061564.13,3037297.92,4849412.35,0.0,44050923.65
1518,6504527.0,2175227.83,1223554.77,0.0,0.0,18493437.87,3824660.31,4156986.94,0.0,36378394.72
1519,6504527.0,1983502.09,2054485.62,0.0,73632962.29,14723163.92,3221568.71,5689904.91,-100450.35,107709664.2
1520,6504527.0,1877472.52,1036800.4,0.0,122002.85,16668019.72,3361573.7,4225809.07,0.0,33796205.26
1521,6504527.0,2588327.93,1983923.94,0.0,863788.53,20047473.41,3945639.69,4391354.44,-30238.59,40294796.36
1522,6504527.0,3050339.01,1879185.86,0.0,768733.44,18797188.15,3824283.0,3618186.19,-12289.53,38430153.11
1523,6504527.0,2363550.47,1255011.81,0.0,565912.22,13040513.36,2642508.98,2375329.06,-54647.06,28692705.84
1524,6504527.0,2369933.58,1296088.45,0.0,99730.67,18961208.63,4032668.83,4065162.58,0.0,37329319.73
1525,6504527.0,2711860.17,2510193.66,0.0,63182590.2,20098867.66,4031534.96,4621402.71,-92778.3,103568198.07
1526,6504527.0,1149549.61,579276.26,10617272.71,144063.17,10652410.58,2116556.94,3612008.5,0.0,35375664.77
1527,6504527.0,2486663.18,1819371.57,0.0,182470.56,18612682.12,3704742.59,4720571.17,-43712.0,37987316.17
1528,6504527.0,3343871.24,2502688.97,0.0,291921.59,25008859.79,4951647.92,5331308.45,-341.64,47934483.31
1529,6504527.0,1269547.09,585990.97,0.0,532237.57,5663171.46,1203294.36,2321739.41,0.0,18080507.85
1530,6504527.0,997818.15,672172.1,22116217.83,12440964.44,9934114.74,1988670.04,3962414.79,0.0,58616899.1
1531,6504527.0,818029.24,1222875.4,40955414.18,60848357.84,6845918.12,1503288.04,4697348.71,-8702.79,123387055.73
1532,6504527.0,1255427.31,732622.08,7688936.08,5249852.93,11309682.63,2488288.81,4154201.63,0.0,39383538.47
1533,6504527.0,2657656.85,2827826.43,4838232.56,77689659.57,21287668.68,4467822.66,5829301.55,-35149.31,126067545.98
1534,6504527.0,2172592.78,1903818.82,0.0,3280425.2,18649996.25,3901943.78,4972067.95,0.0,41385371.78
1535,6504527.0,2118779.03,1621426.05,0.0,56219753.4,11346942.47,2198630.27,4444499.33,-74057.8,84380499.77
1536,6504527.0,2744375.45,1964830.89,0.0,1310992.63,20076567.37,3996020.44,4563886.48,-56541.38,41104658.88
1537,6504527.0,3906286.73,2803037.95,0.0,997571.12,27919408.42,5722295.66,5778517.1,-4016.6,53627627.39
1538,6504527.0,3029634.41,1781823.42,1161715.47,0.0,24843334.19,4996058.04,5544573.86,0.0,47861666.39
1539,6504527.0,3715345.11,2748464.88,0.0,1560350.43,27516770.35,5687016.45,5329488.84,-35437.83,53026525.23
1540,6504527.0,3137180.43,2076093.48,0.0,456546.84,27748200.17,5835980.73,5479291.9,0.0,51237820.55
1541,6504527.0,3686415.77,2671917.84,16340810.43,732933.49,26638150.4,5243384.9,5115152.14,0.0,66933291.97
1542,6504527.0,3275474.67,2306634.76,652280.75,0.0,23066347.61,4615702.57,5255775.22,0.0,45676742.58
1543,6504527.0,1479825.82,1086020.92,19539433.79,7436085.74,14608950.3,3073351.03,4926026.75,0.0,58654221.35
1544,6504527.0,2900367.25,1687808.56,0.0,449602.33,17030757.33,3383278.95,2739214.87,-20067.18,34675489.11
1545,6504527.0,1760232.34,1482517.73,0.0,1588739.87,14636588.74,3037684.04,5001542.31,0.0,34011832.02
1546,6504527.0,1359482.62,588129.12,0.0,913654.89,5802933.92,1386411.25,672856.87,-6959.2,17221036.48
1547,6504527.0,4132663.1,2276586.13,0.0,284027.5,23223130.39,4624790.13,4875122.29,-49967.07,45870879.48
1548,6504527.0,416002.31,128568.89,0.0,2694628.86,3314588.26,674566.29,1729009.1,0.0,15461890.71
1549,6504527.0,1086831.62,592343.28,0.0,99639.83,6769047.19,1348163.75,1793724.74,-88244.56,18106032.85
1550,6504527.0,1262533.49,947252.9,0.0,0.0,10119366.23,2061954.96,3386793.53,-64683.72,24217744.4
1551,6504527.0,4080760.03,2534268.67,5926076.69,0.0,32367786.71,6545271.51,5677778.62,0.0,63636469.23
1552,6504527.0,2320748.09,1932169.07,0.0,588548.82,19407795.75,3940170.24,5425433.55,-14827.65,40104564.86
1553,6504527.0,1975831.97,2341563.35,0.0,76553960.79,16903390.28,3552919.0,6521020.52,-60461.86,114292751.06
1554,6504527.0,1462534.69,1523044.02,497302.51,69477566.3,9307374.59,1822775.14,5083738.67,-71424.05,95607438.88
1555,6504527.0,3116670.48,2381334.59,0.0,3489130.39,23606475.23,4846530.17,5972718.16,-19616.33,49897769.69
1556,6504527.0,1714928.55,901999.71,0.0,8994844.8,14993487.27,3125669.42,4479333.48,0.0,40714790.22
1557,6504527.0,1295067.31,1449917.81,0.0,22372309.35,11590488.25,2540461.75,7047194.14,0.0,52799965.6
1558,6504527.0,910958.86,829434.19,0.0,3046419.83,7938177.37,1661194.8,4507085.88,0.0,25397797.93
1559,6504527.0,2834864.24,2143243.74,4488744.18,11664368.4,27039972.59,5679879.19,6602530.18,0.0,66958129.52
1560,6504527.0,1399429.77,2644972.67,0.0,182448534.59,9441492.82,1982329.5,5631402.63,-172493.5,209880195.48
1561,6504527.0,2662324.71,2363227.56,3978018.29,3666827.93,23176527.81,4818611.98,6006712.77,0.0,53176778.06
1562,6504527.0,3002366.65,1669098.95,0.0,758118.81,23546025.86,4660395.03,4598011.01,0.0,44738543.31
1563,6504527.0,1146917.46,520507.92,0.0,0.0,5779425.68,1217335.33,2216397.59,-57434.65,17327676.33
1564,6504527.0,2887776.13,2821051.37,14346155.49,80458242.97,20868209.92,4214821.68,5742312.92,0.0,137843097.5
1565,6504527.0,1384516.75,1271216.6,0.0,9502834.14,11584844.02,2439229.54,4921353.77,0.0,37608521.82
1566,6504527.0,3341302.17,1847333.49,3260991.37,1223204.82,25362049.17,5144819.33,5844055.39,0.0,52528282.75
1567,6504527.0,1139227.81,1779494.29,1784612.16,78758704.38,10609756.25,2175557.87,6717104.1,0.0,109468983.85
1568,6504527.0,798517.51,448086.94,0.0,26499316.07,6686000.1,1473805.12,3286626.39,0.0,45696879.12
1569,6504527.0,1347383.82,1919059.59,0.0,108340725.8,8554917.34,1669648.28,4706801.85,-26867.74,133016195.93
1570,6504527.0,2638990.02,2202897.77,0.0,65465161.2,16923987.19,3378664.62,4592391.05,-103159.07,101603459.77
1571,6504527.0,1378975.53,312992.43,0.0,162927.59,4666641.59,984994.61,615178.73,-155021.93,14471215.54
1572,6504527.0,2880355.0,2078309.18,1643488.22,362071.51,20649254.4,4107396.13,5390698.13,0.0,43616099.57
1573,6504527.0,1073279.43,790025.45,34772119.73,16671038.85,10706241.25,2057775.34,4410617.06,0.0,76985624.12
1574,6504527.0,2902569.74,2220792.18,0.0,609292.43,22385033.52,4600788.62,4835992.7,-23388.85,44035607.34
1575,6504527.0,1012991.12,769628.27,0.0,2541451.41,7399155.28,1523559.48,4057922.47,0.0,23809235.03
1576,6504527.0,1703315.97,1476170.05,0.0,670233.0,15228115.5,3198569.98,5049802.94,-55922.81,33774811.64
1577,6504527.0,1119936.25,818897.68,0.0,4894.8,9061864.68,1888837.48,3022373.28,-87323.31,22334007.88
1578,6504527.0,1102530.19,1230881.88,43736591.76,9848979.9,11025301.92,2147113.17,4896254.92,0.0,80492180.75
1579,6504527.0,2606660.87,1647958.64,0.0,1228959.92,22787394.22,4738664.65,5407635.48,0.0,44921800.78
1580,6504527.0,810784.63,470681.0,3826223.48,16195564.2,7444211.0,1658976.71,3289412.0,0.0,40200380.02
1581,6504527.0,1849449.21,978230.06,0.0,32251084.53,8040200.83,1664544.62,3070617.07,-165017.06,54193636.27
1582,6504527.0,2795024.52,2432976.59,3255544.86,76832107.11,17908903.23,3669192.91,5553503.46,-60423.74,118891355.94
1583,6504527.0,1573761.03,1030530.43,0.0,810412.71,11029772.61,2192830.13,2944673.28,-79412.18,26007095.01
1584,6504527.0,962657.92,510925.54,19115388.89,18946508.13,8042022.5,1846709.13,3155145.12,0.0,59083884.22
1585,6504527.0,2635480.75,2336183.17,0.0,1340710.57,23383964.86,4672150.96,5376461.26,-16472.96,46233005.61
1586,6504527.0,3180891.22,2124088.77,0.0,3810965.93,27354952.45,5518698.92,5979397.57,0.0,54473521.86
1587,6504527.0,357978.63,304099.45,0.0,18316305.56,958777.41,263985.19,3293530.36,-95877.74,29903325.86
1588,6504527.0,1418031.41,1580765.59,5399511.34,16950763.37,13836183.26,2797648.54,7625065.03,0.0,56112495.54
1589,6504527.0,2083964.31,1745233.14,0.0,736123.77,17327223.52,3530997.05,5150101.46,-14699.56,37063470.68
1590,6504527.0,1567265.99,1377681.23,0.0,17214771.64,11796533.07,2508228.31,5827812.22,0.0,46796819.46
1591,6504527.0,2664169.97,1995056.91,0.0,1225359.34,20188666.15,4312678.28,3449972.49,-42044.53,40298385.62
1592,6504527.0,995205.78,614280.7,0.0,2904.86,7006146.03,1356116.67,2138556.57,-86354.39,18531383.21
1593,6504527.0,2759403.4,4053185.87,23698428.39,230496321.34,20062248.82,4184779.81,5712215.21,-60569.01,297410540.84
1594,6504527.0,1416616.29,962304.93,0.0,71554.29,10409863.86,2242848.93,3125740.81,-81326.42,24652129.69
1595,6504527.0,2076692.78,2782739.48,15310033.94,83335254.35,20196874.11,3993448.99,7524851.84,-40716.04,141683706.46
1596,6504527.0,1260472.21,1433652.82,0.0,55174124.24,9630979.37,1979698.27,4339390.46,-73034.06,80249810.31
1597,6504527.0,2308099.99,1193871.78,1062159.4,16918593.93,16982493.23,3195307.41,6124578.79,0.0,54289631.54
1598,6504527.0,1827359.76,1640203.68,0.0,922310.89,16304726.59,3352508.84,4677129.28,0.0,35228766.04
1599,6504527.0,1354739.75,1294762.96,0.0,8358054.99,11903378.4,2508047.81,5099689.74,0.0,37023200.65
1600,6504527.0,3111069.6,2390729.64,1551995.77,1567793.75,23751634.51,4693315.41,5600711.69,0.0,49171777.36
1601,6504527.0,1030984.66,1108501.44,0.0,9436460.43,9710168.82,2080913.46,4760676.43,0.0,34632232.24
1602,6504527.0,949266.73,543560.58,10505570.8,19396260.19,8269596.82,1829332.31,3201330.43,0.0,51199444.86
1603,6504527.0,977210.27,1081075.72,0.0,14586302.37,9199196.58,1876017.14,5368931.17,0.0,39593260.24
1604,6504527.0,2489889.97,2145024.03,1193124.38,1019536.4,21364157.31,4372543.62,6111860.68,0.0,45200663.39
1605,6504527.0,2525484.89,2382984.15,6813783.37,3834707.42,23346372.2,4859935.07,5931857.13,0.0,56199651.24
1606,6504527.0,2495134.78,2535135.87,261521.53,78350651.4,18804436.27,3766131.28,5631074.41,-68740.92,118279871.63
1607,6504527.0,1313687.53,677531.4,0.0,9085189.27,12365339.76,2620036.05,3823547.3,0.0,36389858.32
1608,6504527.0,1358794.32,1298352.56,0.0,5634762.84,12236589.72,2420158.94,5235330.97,0.0,34688516.34
1609,6504527.0,1375913.37,1205182.56,0.0,2285215.12,11718597.11,2307992.97,4734667.34,0.0,30132095.47
1610,6504527.0,2399807.47,1943645.08,0.0,3520526.44,19021201.69,3900242.86,5535489.69,0.0,42825440.23
1611,6504527.0,1067291.0,615281.07,0.0,260436.42,6773592.02,1543055.33,2962699.1,-64957.34,19661924.61
1612,6504527.0,3877786.64,2525163.26,0.0,799486.24,25230315.92,5063925.61,5159678.57,-5008.34,49155874.89
1613,6504527.0,3320804.46,2232257.12,0.0,974234.09,22413616.41,4445866.28,5050911.2,-36071.03,44906145.53
1614,6504527.0,2384722.33,1300023.05,0.0,282857.24,13743429.78,2877942.1,2615213.91,-84775.56,29623939.85
1615,6504527.0,2467014.39,1743018.14,0.0,920059.73,17720227.43,3573949.75,3737038.65,-50338.23,36615496.87
1616,6504527.0,2559324.98,2234984.54,0.0,66204096.83,17307245.37,3482156.27,4844490.2,-121860.93,103014964.27
1617,6504527.0,1362345.42,681304.34,0.0,926188.32,8535240.74,1887214.77,2747818.26,-187218.8,22457420.06
1618,6504527.0,3199500.1,2505257.79,8832687.41,2317373.85,24810263.33,4895741.01,5496637.37,0.0,58561987.86
1619,6504527.0,2336070.98,1019245.5,0.0,8304458.65,16246659.98,3370175.82,4193740.26,0.0,41974878.21
1620,6504527.0,2995500.58,2075876.52,0.0,2297685.95,20970771.57,4206333.89,4846671.03,-44639.96,43852726.6
1621,6504527.0,955797.42,448186.15,0.0,2614507.93,8809359.77,1883082.2,3202806.51,0.0,24418266.99
1622,6504527.0,2002373.25,3482217.42,15665336.42,275093769.71,11583632.77,2503449.2,6062661.85,-276789.66,322621177.97
1623,6504527.0,3420713.51,1680677.96,0.0,451395.74,17067886.46,3517005.0,3061821.62,-34212.06,35669815.24
1624,6504527.0,2585918.03,2734144.29,0.0,74253133.95,20653877.24,4040715.97,5307657.07,-30995.04,116048978.52
1625,6504527.0,3043287.96,2168386.84,0.0,1601721.91,21700788.63,4338765.11,5171793.44,-19765.27,44509505.61
1626,6504527.0,2309488.18,1809036.81,0.0,616728.75,18214596.57,3580653.59,4288949.03,-18423.65,37305556.29
1627,6504527.0,1492756.5,936681.83,0.0,64931.83,10172451.61,2090297.51,2278429.15,-82963.5,23457111.94
1628,6504527.0,1864174.01,1173624.04,0.0,12185735.01,16922085.11,3627571.61,4874849.63,0.0,47152566.4
1629,6504527.0,2847765.79,2147535.16,11596081.64,2333123.88,21263325.46,4382411.8,5615195.17,0.0,56689965.89
1630,6504527.0,1636833.52,761922.16,0.0,90108.59,8374692.16,1716024.86,1650333.87,-78877.86,20655564.29
1631,6504527.0,1624546.6,752438.68,0.0,196187.98,12714613.87,2568534.29,2755779.75,0.0,27116628.17
1632,6504527.0,2673157.87,2139490.14,0.0,278521.77,21466120.81,4310728.83,5386423.22,-17417.32,42741552.32
1633,6504527.0,1313937.75,2342396.18,14013795.66,153444149.81,9376912.09,2059410.08,6029808.09,0.0,195084936.66
1634,6504527.0,2514720.23,2961005.97,10719250.43,77756700.46,22297269.41,4580628.24,6538875.04,-5407.97,133867568.8
1635,6504527.0,3128996.58,2049551.1,0.0,607356.97,27081690.64,5709905.09,4670570.34,0.0,49752597.71
1636,6504527.0,1680179.77,2097020.07,0.0,73208595.7,14369076.63,2947213.04,5750622.69,-27228.76,106530006.15
1637,6504527.0,3363818.93,1998500.35,0.0,752971.0,20344671.13,4100679.89,3956337.38,-45448.78,40976056.91
1638,6504527.0,2053177.24,1978450.64,12187326.63,8687109.16,18432277.04,3785385.55,6756759.86,0.0,60385013.12
1639,6504527.0,2053591.22,1119102.62,0.0,6669365.0,17439356.57,3646491.98,4195504.92,0.0,41627939.31
1640,6504527.0,1294817.99,965237.55,0.0,2958117.1,9306534.6,1938039.66,4038994.65,0.0,27006268.56
1641,6504527.0,2265066.13,1254181.12,1150778.89,2575455.66,19164420.69,3922027.63,5123324.3,0.0,41959781.43
1642,6504527.0,2688665.23,2073184.38,0.0,1330413.59,20583671.79,4183406.07,4996844.6,0.0,42360712.67
1643,6504527.0,3573063.2,2825189.39,0.0,2561754.44,28036052.81,5559573.56,5486933.23,-12574.91,54534518.71
1644,6504527.0,3656687.29,2726662.93,7485820.4,1120837.48,27187563.54,5404687.74,5362755.4,0.0,59449541.77
1645,6504527.0,2415706.88,2033638.3,0.0,487291.0,20345740.8,4219796.51,5394543.27,-8060.91,41393182.86
1646,6504527.0,1115499.67,882775.25,0.0,814652.96,8866937.26,1994085.15,3610521.61,-9658.37,23779340.54
1647,6504527.0,971715.49,1575240.05,0.0,91268384.31,7924017.67,1740390.1,4157644.28,-83322.17,114058596.73
1648,6504527.0,1558900.71,788107.81,0.0,48894.18,13557228.85,2904865.02,3055609.41,0.0,28418132.97
1649,6504527.0,1917502.47,951887.65,0.0,99185.67,14298179.36,2956692.16,2864442.8,0.0,29592417.1
1650,6504527.0,1495075.11,1283885.38,0.0,9718167.12,11694590.08,2465724.66,4709688.71,0.0,37871658.06
1651,6504527.0,1464787.76,812874.87,21253010.98,5073258.02,12121493.87,2751667.43,3592232.1,0.0,53573852.03
1652,6504527.0,1954259.75,1878007.09,0.0,66320204.23,13570618.19,2704436.14,4696151.8,-95805.8,97532398.4
1653,6504527.0,1612912.6,1210394.35,0.0,165476.89,12596812.43,2647050.36,3528876.85,-55403.64,28210646.83
1654,6504527.0,4136519.13,2586036.04,0.0,0.0,26059277.3,5231545.89,5386131.51,-19891.69,49884145.17
1655,6504527.0,2605827.46,1129518.39,0.0,1071201.42,16988799.69,3253286.63,3355828.29,0.0,34908988.89
1656,6504527.0,1042215.13,1217024.94,40114610.95,12553653.79,10422151.28,2030087.51,5257090.53,0.0,79141361.13
1657,6504527.0,899637.79,1338198.95,38506727.13,60503068.27,8449022.89,1738851.01,4364309.02,-36436.58,122267905.48
1658,6504527.0,1396470.92,739962.59,0.0,13991600.16,6441270.49,1404751.44,802710.34,-43325.9,31237967.04
1659,6504527.0,2125671.87,1322521.54,2145377.31,12518241.83,18786776.43,3852030.63,4954257.71,0.0,52209404.33
1660,6504527.0,1380026.57,1609345.22,11395589.59,17945638.33,13800265.74,2802724.42,7534663.82,0.0,62972780.71
1661,6504527.0,3859298.78,2447511.28,6974367.52,2719229.88,31240320.87,6270086.5,5900499.62,0.0,65915841.45
1662,6504527.0,3671866.14,2068943.6,0.0,476776.94,20952521.29,4096143.83,4141911.92,-31515.43,41881175.28
1663,6504527.0,2777640.05,2114632.68,0.0,8552184.92,27058304.91,5401119.62,7285445.08,0.0,59693854.26
1664,6504527.0,1783998.17,1282853.38,0.0,1377664.03,13351808.28,2812511.92,3663624.21,-62049.15,30714937.84
1665,6504527.0,1247711.2,956794.85,0.0,384769.53,9522065.06,1889840.27,3854168.12,-9634.41,24350241.63
1666,6504527.0,934043.15,908073.17,32889157.82,2137440.87,8835023.02,1770958.19,4174241.02,0.0,58153464.24
1667,6504527.0,1032204.4,397452.42,0.0,723499.4,8619987.32,1975145.62,2340889.17,0.0,21593705.34
1668,6504527.0,1746212.65,1455841.83,0.0,689306.8,14331812.62,2846133.95,4833273.63,-2819.22,32404289.26
1669,6504527.0,758331.15,1230775.88,0.0,93827883.15,4269646.56,974489.72,4264144.4,-269266.13,111560531.73
1670,6504527.0,1412971.87,1179148.68,0.0,61400853.0,6910413.09,1466509.68,2853287.72,-131717.46,81595993.58
1671,6504527.0,1325158.77,1112090.59,0.0,1380059.24,10622949.46,2193482.59,4835238.06,0.0,27973505.71
1672,6504527.0,1709093.68,555788.25,0.0,1031887.68,9884279.8,2045431.68,1890394.72,0.0,23621402.82
1673,6504527.0,2813409.88,2704657.97,6290428.57,4751735.01,26465324.17,5249780.88,7242379.18,0.0,62022242.67
1674,6504527.0,2929076.87,1946297.23,0.0,1265111.52,19590271.28,3933587.1,3054500.63,-57648.46,39165723.17
1675,6504527.0,2296922.67,1741426.83,1058884.33,0.0,17414268.27,3597985.65,5483168.36,0.0,38097183.1
1676,6504527.0,2235400.13,1321530.77,0.0,615069.16,14083153.57,2863834.23,2688996.14,-101023.05,30211487.95
1677,6504527.0,3532295.27,2274147.34,0.0,980226.38,22581058.69,4573097.09,4284868.0,-19094.46,44711125.31
1678,6504527.0,2090236.94,1356581.11,0.0,915621.77,13798446.6,2722155.63,3660257.06,-32173.34,31015652.78
1679,6504527.0,1467059.82,1084880.41,0.0,0.0,12151923.18,2436080.26,3060785.18,-130311.91,26574943.95
1680,6504527.0,3461740.89,2368578.32,0.0,586752.89,23726996.13,4918203.88,4336656.27,-17820.19,45885635.19
1681,6504527.0,3715891.98,1831091.91,0.0,348954.56,18425591.32,3601046.43,3478296.33,-17701.72,37887697.81
1682,6504527.0,2468652.4,1977521.46,0.0,468904.13,19731961.76,4068868.69,5758081.47,0.0,40978516.91
1683,6504527.0,2134415.52,821068.55,0.0,55076.87,12969022.69,2574751.99,2264993.58,0.0,27323856.21
1684,6504527.0,3267002.96,2472952.91,1963468.22,1624565.24,24569209.04,4778726.51,5380593.32,0.0,50561045.2
1685,6504527.0,2207719.28,1795180.01,0.0,4776317.72,17278509.79,3540158.78,5135596.56,0.0,41238009.13
1686,6504527.0,2518791.18,1362729.82,0.0,0.0,20098947.85,4112168.98,4215953.03,0.0,38813117.86
1687,6504527.0,1301822.53,1099875.77,0.0,39555936.01,8078780.55,1636278.61,3325727.16,-108317.38,61394630.26
1688,6504527.0,775074.88,582225.72,0.0,433288.92,6790973.42,1464480.34,2554407.44,-112887.86,18992089.87
1689,6504527.0,1448513.18,1418265.23,0.0,11722774.97,12639809.39,2569093.42,5708572.32,0.0,42011555.51
1690,6504527.0,1023309.53,476931.14,4460268.11,16814835.97,8138600.88,1717519.97,3295300.76,0.0,42431293.36
1691,6504527.0,3297551.01,1915622.9,0.0,788963.24,19702854.89,4002521.09,3695173.24,-61907.13,39845306.25
1692,6504527.0,911258.18,329794.18,0.0,0.0,7079242.82,1585964.15,1534622.75,0.0,17945409.08
1693,6504527.0,1924438.47,881696.66,0.0,1653480.65,14889165.68,3176799.66,3689550.18,0.0,32719658.3
1694,6504527.0,1329419.41,1042795.19,0.0,307497.92,10430540.27,2110139.5,3597816.26,-5086.48,25317649.06
1695,6504527.0,2309794.38,1835471.0,0.0,674605.45,18680110.73,3933459.9,4710688.13,-37254.47,38611402.13
1696,6504527.0,1492295.38,776448.22,34598395.41,1347216.74,12179392.2,2641721.57,3970067.01,0.0,63510063.54
1697,6504527.0,892420.98,945246.49,40069038.23,2316501.28,8924209.78,1736474.81,4235802.16,0.0,65624220.73
1698,6504527.0,1008776.23,591509.61,8937648.52,8938425.39,9682773.71,2140969.02,3328826.76,0.0,41133456.24
1699,6504527.0,784126.91,330221.68,0.0,161113.64,4419490.92,1007112.77,824210.86,-115549.2,13915254.58
1700,6504527.0,1141728.07,587497.19,0.0,265053.89,7211643.22,1502716.05,1836073.24,-137027.78,18912210.88
1701,6504527.0,1505868.42,1238405.24,0.0,4652540.39,11927645.21,2488470.01,5569050.92,-39892.77,33846614.42
1702,6504527.0,1422262.17,945255.12,38030253.87,969987.19,14193009.82,2920562.13,4550642.05,0.0,69536499.36
1703,6504527.0,1666709.36,1798664.7,0.0,73306198.95,12309003.81,2495734.04,6058973.99,-131843.17,104007968.68
1704,6504527.0,1360207.78,648489.61,0.0,7601445.01,5255708.68,1228915.19,3750963.06,0.0,26350256.33
1705,6504527.0,3822119.86,2544919.19,0.0,1678883.36,25987525.28,5269746.32,4524037.8,-76818.1,50254940.72
1706,6504527.0,1561386.68,706470.26,0.0,5881845.0,13257082.44,2780407.59,3799546.82,0.0,34491265.79
1707,6504527.0,1108505.39,820599.51,0.0,317492.39,8505043.49,1845910.48,3324623.72,-41640.74,22385061.25
1708,6504527.0,1442753.83,795985.13,0.0,629038.93,12640231.06,2689878.98,3851452.64,0.0,28553867.57
1709,6504527.0,2392700.83,2118446.14,0.0,54246574.03,16645583.38,3451630.55,3891048.07,-36206.88,89214303.12
1710,6504527.0,3485494.79,2246007.03,0.0,158291.28,22797355.57,4594561.06,4137811.59,-35293.12,43888755.21
1711,6504527.0,964464.23,1372934.12,23171982.84,59636503.89,9082652.52,1819039.19,4660343.27,-32764.6,107179682.47
1712,6504527.0,3053660.22,2193786.09,944932.66,0.0,21937860.94,4280015.62,5290227.51,0.0,44205010.05
1713,6504527.0,1133708.59,759709.6,0.0,294186.92,8764976.5,1796662.38,2607323.18,-120040.38,21741053.79
1714,6504527.0,1408436.34,1464663.8,0.0,11243516.69,13306827.72,2720455.68,6065100.19,0.0,42713527.42
1715,6504527.0,1865952.25,1678228.89,0.0,56066176.81,11801107.81,2294056.8,4368195.08,-53203.41,84525041.22
1716,6504527.0,1916998.25,1655565.16,0.0,56069848.98,12006693.25,2519355.51,4170737.43,-67083.9,84776641.67
1717,6504527.0,1441921.07,1224317.78,0.0,498283.72,12650282.68,2489039.1,4338945.17,-59129.23,29088187.28
1718,6504527.0,2426567.88,1270248.68,0.0,324916.99,14111839.62,2731273.0,3069153.32,-146855.59,30291670.9
1719,6504527.0,2953807.51,1527576.86,0.0,685367.35,16387153.56,3325210.88,3323669.19,-130242.01,34577070.35
1720,6504527.0,2054715.13,1251087.88,0.0,9841116.89,18208360.3,3854017.22,4432592.85,0.0,46146417.27
1721,6504527.0,1017040.13,1583949.25,41586015.86,63783185.2,10112489.36,2031208.08,5390637.66,0.0,132009052.54
1722,6504527.0,1384207.34,1860090.77,0.0,76300686.7,11602054.26,2330811.79,6003368.1,0.0,105985745.96
1723,6504527.0,1211262.35,746932.45,22063182.91,3461761.04,11626813.18,2529270.63,4075097.74,0.0,52218847.3
1724,6504527.0,1833726.37,1498203.08,0.0,216050.05,14956771.88,3024877.84,6797747.16,0.0,34831903.37
1725,6504527.0,1056904.06,546649.05,14496693.94,8978105.15,9622197.94,1913366.8,3391078.87,0.0,46509522.82
1726,6504527.0,2648378.42,2108510.91,0.0,1689114.84,21005711.05,4310332.34,5107692.74,-5765.65,43368501.65
1727,6504527.0,1384456.53,3292304.09,16159828.28,237722024.81,11072798.31,2289895.09,6583219.09,0.0,285009053.19
1728,6504527.0,1658430.02,1343674.48,0.0,758470.54,13786832.5,2756033.18,4192224.27,-42833.16,30957358.83
1729,6504527.0,3228575.39,1806611.99,603975.01,146604.21,25037028.55,5017604.76,5336941.87,0.0,47681868.78
1730,6504527.0,1789174.75,897063.31,0.0,0.0,14024716.25,2746834.18,2955226.36,0.0,28917541.85
1731,6504527.0,1242305.06,913770.08,0.0,43615009.53,5368127.25,1182248.2,3801978.87,-74263.94,62553702.05
1732,6504527.0,3127317.31,1641067.6,0.0,4677553.39,22805764.76,4574233.65,4903189.07,0.0,48233652.78
1733,6504527.0,713677.8,402075.6,0.0,12351984.49,6324817.05,1281752.19,3088821.04,0.0,30667655.17
1734,6504527.0,3770001.0,2400519.26,0.0,357244.35,24070607.46,4765024.91,4796449.01,-18427.68,46645945.32
1735,6504527.0,1608334.0,1241337.73,0.0,592056.71,12807014.98,2772784.44,3839091.97,-48952.39,29316194.44
1736,6504527.0,2638265.82,1813067.4,0.0,0.0,18491618.33,3857331.91,3242989.63,-36094.43,36511705.64
1737,6504527.0,1360668.82,602001.79,0.0,141614.77,10880570.89,2321933.87,2831960.48,0.0,24643277.63
1738,6504527.0,3700482.71,2585146.21,0.0,15282.19,25972967.95,5279764.87,5131837.68,-12277.23,49177731.38
1739,6504527.0,1202497.3,1107834.09,0.0,7124787.74,10062923.35,2226041.07,4540702.1,0.0,32769312.65
1740,6504527.0,943644.28,454967.29,21271097.73,1025531.8,9321090.09,1887238.95,2838155.78,0.0,44246252.92
1741,6504527.0,2032041.49,1698812.19,0.0,958267.93,17615115.62,3474572.24,5055475.08,-75087.91,37263723.64
1742,6504527.0,1416304.32,1532186.49,0.0,12983900.28,13749852.45,2830565.33,6444062.83,0.0,45461398.69
1743,6504527.0,3384370.63,1508743.88,0.0,394072.77,15442146.12,3162859.97,2848384.05,-44121.61,33200982.81
1744,6504527.0,1366123.2,1772541.36,407193.15,74483519.75,11757894.64,2365404.98,5669640.04,-94021.31,104232822.81
1745,6504527.0,1029890.7,686304.42,22830068.76,10421706.9,10298907.0,2044952.71,3969983.97,0.0,57786341.46
1746,6504527.0,1528750.69,832817.14,0.0,410340.46,9065644.8,1882602.97,1845924.72,-79995.57,21990612.22
1747,6504527.0,1548903.55,1164875.25,35409661.08,8430818.42,15428453.01,3155651.5,4770307.5,0.0,76413197.31
1748,6504527.0,2374077.3,1893891.03,0.0,61496856.37,14189357.17,2812257.22,4375960.44,-100761.57,93546164.95
1749,6504527.0,1850835.44,1548001.94,0.0,1623947.47,15147278.56,3250532.51,4444972.42,0.0,34370095.33
1750,6504527.0,2832139.25,1559262.9,0.0,3453679.66,22015134.21,4374549.97,5805402.86,0.0,46544695.86
1751,6504527.0,2454108.34,1645543.17,0.0,0.0,16980495.17,3418327.24,3730074.4,-52506.35,34680568.98
1752,6504527.0,877704.84,535160.79,11574512.72,13457670.53,8286031.56,1808422.5,3351159.96,0.0,46395189.89
1753,6504527.0,1342363.74,817294.37,7141982.03,2205482.02,12492969.88,2689635.94,4170440.61,0.0,37364695.59
1754,6504527.0,1556434.99,791937.19,0.0,1151689.81,14273988.7,2939121.25,4167399.38,0.0,31385098.32
1755,6504527.0,3030523.26,1707257.87,0.0,536780.11,24010994.32,4879191.55,5172003.66,0.0,45841277.77
1756,6504527.0,3217764.45,2599374.54,0.0,831120.74,25942882.44,5511895.53,5850152.88,-5942.23,50451775.36
1757,6504527.0,588200.75,134357.24,0.0,187529.55,2309811.83,563429.92,304326.36,-99267.42,10492915.23
1758,6504527.0,973278.71,583796.83,0.0,8238034.75,9527749.86,1925811.7,3502229.33,0.0,31255428.19
1759,6504527.0,885619.5,383382.96,0.0,5522269.64,7890957.6,1669045.23,2739307.38,0.0,25595109.3
1760,6504527.0,1321116.19,708156.98,37268192.49,6872732.3,11118610.8,2366058.66,3192209.88,0.0,69351604.3
1761,6504527.0,1123274.31,1026914.78,0.0,37201644.76,7194443.6,1470171.99,3408207.56,-82128.02,57847055.97
1762,6504527.0,2094145.44,913330.33,0.0,1231026.92,13737486.4,2842996.72,2635166.2,0.0,29958679.01
1763,6504527.0,942321.24,1327667.17,39978376.87,58765604.35,8363771.68,1730410.96,4050583.08,0.0,121663262.35
1764,6504527.0,2003511.62,1263763.54,0.0,10199836.49,18214825.64,3818570.78,4807313.51,0.0,46812348.57
1765,6504527.0,1216884.71,892065.79,0.0,26762.79,9059239.2,1997995.78,3609393.52,-14847.4,23292021.39
1766,6504527.0,2203099.23,1371961.36,0.0,1350535.55,14075895.15,2915569.02,3156559.84,-55154.6,31522992.56
1767,6504527.0,1005811.58,1596937.8,0.0,76250446.4,8910829.94,1950713.2,6131193.36,0.0,102350459.27
1768,6504527.0,915763.69,1008721.92,30432021.87,5116714.11,9157636.91,1813985.63,4424765.02,0.0,59374136.15
1769,6504527.0,3532723.03,2393282.2,0.0,960693.77,23782681.04,4911717.03,5529098.49,-6121.32,47608601.25
1770,6504527.0,937290.65,1499559.17,45738138.19,63390838.11,9372906.54,1873381.14,4883404.2,0.0,134200044.99
1771,6504527.0,955136.65,1072411.4,16791272.53,9140653.46,9300044.27,1887590.48,4770386.59,0.0,50422022.38
1772,6504527.0,2193875.57,1798782.8,0.0,0.0,18318541.7,3864054.81,5231047.5,-33071.37,37877758.02
1773,6504527.0,2774773.76,2208662.71,4984048.13,11630107.46,27653742.33,5544549.43,7799457.14,0.0,69099867.96
1774,6504527.0,938695.91,588166.74,6583268.76,28208544.97,8073262.04,1825486.97,3774589.37,0.0,56496541.77
1775,6504527.0,671003.59,222489.98,0.0,1617895.33,5506634.46,1098027.13,1815910.46,0.0,17436487.95
1776,6504527.0,3281294.39,2524738.86,6327076.86,572972.82,25217176.59,4968136.82,5827133.42,0.0,55223056.76
1777,6504527.0,989139.77,418628.45,44945690.88,0.0,9099184.46,1871307.17,2906923.98,0.0,66735401.71
1778,6504527.0,2002737.75,2525097.95,6047665.33,78657711.02,17886245.15,3560483.89,7288740.7,-33518.84,124439689.97
1779,6504527.0,1700573.8,1604452.45,3222488.21,17707033.29,13974350.93,3004484.37,6830540.75,0.0,54548450.8
1780,6504527.0,3366201.53,2228224.89,0.0,1525750.97,22517135.18,4565249.38,4919547.84,-37999.78,45588637.02
1781,6504527.0,974366.23,825347.06,4281266.29,898219.0,7921449.74,1638076.91,4114421.3,0.0,27157673.53
1782,6504527.0,2334169.2,2485942.13,0.0,73693637.11,18388681.52,3958466.22,5530201.63,-27474.12,112868150.69
1783,6504527.0,1946782.31,1731552.27,0.0,3682890.0,16958053.37,3511606.17,6518637.44,-955.66,40853092.9
1784,6504527.0,1891398.32,1266617.9,0.0,140097.66,13237625.21,2714075.62,2998767.52,-62323.24,28690785.99
1785,6504527.0,2914174.75,2091505.13,0.0,759395.01,21236264.05,4337750.74,3963966.46,-40825.93,41766757.21
1786,6504527.0,1021674.68,972509.78,508585.07,49250057.19,7666290.92,1610033.69,3341311.79,-235235.26,70639754.87
1787,6504527.0,1246564.68,1668690.47,0.0,65693268.46,10507486.93,2159048.35,5358839.93,-6263.35,93132162.47
1788,6504527.0,3069727.43,1950074.54,0.0,2446548.5,25716885.13,5074335.57,4404399.48,0.0,49166497.64
1789,6504527.0,903512.58,929948.9,0.0,9332018.73,8047133.48,1720547.99,5204427.9,0.0,32642116.58
1790,6504527.0,2059657.74,993858.17,0.0,0.0,15433346.39,3055008.53,2777889.51,0.0,30824287.33
1791,6504527.0,1509745.83,1183465.64,0.0,655457.64,12269753.69,2566526.24,4108170.02,-55819.05,28741827.02
1792,6504527.0,2203269.41,1691867.68,0.0,56058743.03,12438022.98,2453597.16,4137478.01,-102354.9,85385150.36
1793,6504527.0,1994219.16,1135289.61,0.0,1321187.67,17618135.78,3585540.43,4476181.92,0.0,36635081.57
1794,6504527.0,1113227.42,1466533.04,0.0,68595938.57,8767144.52,1931188.09,5483102.78,-55708.93,93805952.5
1795,6504527.0,1513966.93,778035.43,423647.25,106090.08,12654038.77,2715273.72,3912198.4,0.0,28607777.59
1796,6504527.0,1361988.5,1585610.56,0.0,17729426.81,13612503.06,2770327.19,7931903.6,0.0,51496286.72
1797,6504527.0,1037987.21,682041.18,0.0,1120532.45,7485340.91,1591677.06,2558192.61,-94213.92,20886084.5
1798,6504527.0,2606471.23,1297155.17,0.0,119751.69,13835408.3,2782677.99,2540860.83,-88795.36,29598056.85
1799,6504527.0,1350994.82,706471.47,12684475.06,85943.8,11970492.43,2604447.0,3974627.17,0.0,39881978.75
1800,6504527.0,824873.43,410258.28,0.0,7630300.63,7822879.01,1722859.22,3033487.01,0.0,27949184.57
1801,6504527.0,1352028.75,870881.35,0.0,118061.49,9414228.74,1934572.3,2216402.85,-74376.6,22336325.88
1802,6504527.0,2880978.46,1901875.66,0.0,215017.52,19358575.76,3819292.72,2868385.32,-35998.62,37512653.83
1803,6504527.0,3135614.46,2532017.62,2851684.46,243796.08,25302978.44,5054722.73,5564013.8,0.0,51189354.59
1804,6504527.0,3012512.48,1864673.72,0.0,1954865.04,24616894.68,5274743.28,4272012.53,0.0,47500228.73
1805,6504527.0,1967271.58,2387195.5,0.0,72559371.99,17088140.49,3490617.42,5934501.37,-29154.14,109902471.2
1806,6504527.0,2191793.24,1694992.21,1896342.82,219119.79,16912676.05,3570675.93,5370979.13,0.0,38361106.16
1807,6504527.0,3107784.26,1950038.58,0.0,534472.9,20297764.39,4114820.19,2848654.33,-92108.32,39265953.33
1808,6504527.0,1308525.17,1402808.62,0.0,19092317.74,11499545.39,2496380.67,7011395.39,0.0,49315499.98
1809,6504527.0,1189535.84,487328.87,0.0,498451.93,8846194.51,1839372.9,1817967.11,0.0,21183378.18
1810,6504527.0,2746013.91,2021803.28,0.0,1967091.91,20413649.21,4145076.56,4922507.49,-48764.84,42671904.51
1811,6504527.0,1479896.39,1145974.8,0.0,47265.72,11501113.75,2330218.42,4099078.35,-5883.72,27102190.71
1812,6504527.0,845021.47,828504.93,0.0,3453783.71,7881258.82,1682891.8,4029305.23,0.0,25225292.96
1813,6504527.0,2313707.17,2038054.3,0.0,60595173.82,15294382.23,3073297.78,4516515.74,-64419.85,94271238.19
1814,6504527.0,3374061.73,2447128.96,0.0,1341153.71,24389630.89,4917518.26,5240262.82,-6702.22,48207581.15
1815,6504527.0,2785557.05,2693986.34,0.0,74792426.02,20305096.19,4170729.09,5634461.97,-35234.47,116851549.19
1816,6504527.0,1278205.01,873745.21,0.0,85781.49,8705743.5,1872172.76,4018302.69,0.0,23338477.67
1817,6504527.0,2365753.25,1636078.63,0.0,3221101.91,22837009.27,4691317.22,6487992.91,0.0,47743780.2
1818,6504527.0,3104170.51,2649202.64,11706578.54,79629923.39,19324054.79,3757500.3,5308356.31,-18029.74,131966283.74
1819,6504527.0,1278164.27,1245545.44,0.0,7715973.13,11512218.63,2334085.96,4820016.47,0.0,35410530.9
1820,6504527.0,2117157.78,1997553.98,0.0,5396165.05,19436428.8,4039557.3,6247309.46,-12687.28,45726012.1
1821,6504527.0,4045903.88,2478426.21,0.0,840722.84,25163884.95,5049300.17,4619110.29,-62733.28,48639142.06
1822,6504527.0,4016607.41,3526637.59,0.0,4479400.28,34045124.53,7273175.34,6345018.02,-11694.99,66178795.18
1823,6504527.0,845578.31,461861.73,0.0,14243456.33,6851907.6,1319544.1,2969591.29,0.0,33196466.38
1824,6504527.0,1048985.98,1003864.46,0.0,729007.54,10022005.57,2164333.71,4280172.77,-19011.16,25733885.87
1825,6504527.0,1822220.5,1396586.65,0.0,132926.53,14589739.55,2997789.66,3977202.49,-67300.85,31353691.53
1826,6504527.0,2511005.21,2130351.25,7000900.34,1031813.76,21118960.82,4362928.64,6116811.18,0.0,50777298.2
1827,6504527.0,991565.09,524902.83,0.0,466418.97,6048699.12,1248131.32,1732358.43,-86919.1,17429683.66
1828,6504527.0,2600772.8,1668065.79,0.0,1106468.19,17078489.01,3259374.33,4025575.13,-52940.25,36190332.0
1829,6504527.0,2761174.99,1714428.66,1083663.88,3491713.29,23677802.05,4660730.41,6000841.93,0.0,49894882.23
1830,6504527.0,2189818.37,1730450.56,0.0,66126.64,17845659.19,3735366.45,5774876.74,-54888.46,37791936.49
1831,6504527.0,1723868.13,840520.02,0.0,0.0,13455397.98,2685691.92,2627230.65,0.0,27837235.7
1832,6504527.0,2022903.98,1712084.54,8530485.69,3097678.29,16691569.44,3475662.99,6686286.6,0.0,48721198.54
1833,6504527.0,2007973.01,966269.09,0.0,125711.36,14389099.31,2817890.85,2561392.57,0.0,29372863.18
1834,6504527.0,2270755.87,1217974.48,0.0,489701.33,17590796.23,3704632.19,3954191.39,0.0,35732578.5
1835,6504527.0,974766.25,466615.01,18738821.66,20480.07,9571479.77,1923512.49,2796121.24,0.0,40996323.48
1836,6504527.0,1011163.08,1133598.19,31613233.56,58078808.27,7836904.34,1654656.54,3411612.44,-137760.87,111106742.55
1837,6504527.0,954606.76,1437003.32,0.0,66841780.8,8630552.54,1840346.15,6008314.19,-53652.22,92163478.54
1838,6504527.0,964091.44,463014.09,1033288.35,1347216.74,9045050.91,1997311.86,3319838.19,0.0,24674338.58
1839,6504527.0,2783765.4,2943069.06,9770045.52,77295952.32,22444454.48,4573321.47,6175004.06,-7730.33,132482408.98
1840,6504527.0,1963688.92,1643725.2,0.0,1590791.05,16790373.94,3501933.35,3896754.61,-66154.98,35825639.08
1841,6504527.0,1792774.8,3051919.94,692783.69,223308124.08,10684096.04,2252923.11,6163895.85,-236782.21,254214262.31
1842,6504527.0,961927.87,442408.39,0.0,6781506.03,8349071.86,1781826.52,2938875.44,0.0,27760143.11
1843,6504527.0,2887559.77,1957693.85,3742002.24,9303908.47,25514295.35,5252446.5,6064861.83,0.0,61227295.02
1844,6504527.0,1802594.78,1470468.67,0.0,353562.58,14933237.3,3032884.53,4760875.83,-33860.41,32824290.27
1845,6504527.0,2913632.28,1658722.94,0.0,1085678.32,23467405.94,4721795.25,5608970.14,0.0,45960731.88
1846,6504527.0,1033154.44,519684.34,22874105.28,9884100.66,9415473.9,1952034.94,3554579.27,0.0,55737659.82
1847,6504527.0,2038461.3,2525556.74,9598700.87,80786908.82,17942578.47,3719739.85,6364619.92,-15935.47,129465157.5
1848,6504527.0,1671289.17,1413454.64,0.0,2985465.47,13560908.85,2718711.44,4902641.89,0.0,33756998.46
1849,6504527.0,883756.03,531074.07,0.0,592572.71,6059557.05,1170948.92,1827767.96,-96785.71,17473418.03
1850,6504527.0,3042098.5,2450378.65,0.0,2969635.77,23984149.87,4899930.95,5944299.99,-7548.78,49787471.96
1851,6504527.0,1204521.96,2146734.16,0.0,159466846.24,6245270.08,1309727.02,5130263.73,-83821.51,181924068.68
1852,6504527.0,1636305.69,1599112.2,0.0,54743821.61,11581947.86,2437509.26,4570520.87,-107093.93,82966650.55
1853,6504527.0,1000952.54,259967.19,0.0,0.0,6558016.06,1362873.75,1373506.39,0.0,17059842.93
1854,6504527.0,3107557.86,2177960.69,0.0,723941.92,22342618.18,4541257.85,4709998.06,-64689.4,44043172.16
1855,6504527.0,1025122.14,850860.08,10760329.48,0.0,8508600.79,1891610.31,3836446.5,0.0,33377496.29
1856,6504527.0,2091772.97,1448503.16,0.0,2059269.77,14278195.53,2938160.87,4789664.08,-1278.47,34108814.92
1857,6504527.0,1752433.23,1284751.19,0.0,859334.99,12655227.05,2664223.39,5475401.42,-12536.28,31183361.99
1858,6504527.0,2013765.94,1572191.19,0.0,1007542.71,15614094.37,3266919.85,4197138.63,0.0,34176179.69
1859,6504527.0,953573.25,415245.44,0.0,17341499.1,7124444.19,1657544.94,2839764.07,0.0,36836597.99
1860,6504527.0,812055.93,1009681.22,0.0,42875748.51,7731520.46,1695991.11,3557811.3,-193771.55,63993563.97
1861,6504527.0,1548188.04,668400.56,0.0,5503352.73,12904913.85,2781440.54,3701528.16,0.0,33612350.88
1862,6504527.0,1602764.46,883586.13,0.0,8196194.94,14108035.24,2764050.81,4203175.53,0.0,38262334.12
1863,6504527.0,1300168.75,894998.86,0.0,214893.44,8870554.62,1896447.88,4069400.7,0.0,23750991.26
1864,6504527.0,1349663.05,746747.3,5454996.35,895067.15,12068801.46,2626802.78,3774972.71,0.0,33421577.81
1865,6504527.0,2728680.66,1812493.13,0.0,276469.45,18932707.83,3869914.28,3605445.99,-87947.18,37642291.15
1866,6504527.0,1199189.84,499225.96,0.0,778363.19,9019436.01,1879012.22,2261680.2,0.0,22141434.42
1867,6504527.0,3377161.29,2343985.21,0.0,236863.92,23867014.06,4894649.8,4626956.66,-46730.08,45804427.85
1868,6504527.0,1217069.8,772424.47,0.0,164008.55,8345459.15,1827823.06,2801229.72,-67644.0,21564897.75
1869,6504527.0,960652.57,309798.27,0.0,85847.58,5398228.17,1167689.66,1119393.57,0.0,15546136.81
1870,6504527.0,3411168.88,2652011.52,0.0,3643994.15,25746868.51,5281397.25,5780792.57,-6405.72,53014354.16
1871,6504527.0,1259892.45,1107692.45,0.0,1156089.76,10830238.65,2275844.59,4238292.23,0.0,27372577.12
1872,6504527.0,2334265.37,1311298.82,0.0,2183527.93,19303361.98,3724777.55,4641527.92,0.0,40003286.59
1873,6504527.0,3479182.78,2331181.28,0.0,450236.46,23231010.64,4838932.25,4898253.96,0.0,45733324.37
1874,6504527.0,2680849.21,1646989.62,0.0,1616721.75,23043025.18,4690249.53,5332862.97,0.0,45515225.26
1875,6504527.0,943907.42,500274.32,25207328.46,2780495.27,9118983.28,1876974.9,3036028.03,0.0,49968518.68
1876,6504527.0,1283633.64,711234.51,17752535.36,282822.07,11920701.72,2584868.78,4004896.85,0.0,45045219.94
1877,6504527.0,1031982.11,2304809.91,2413674.6,201385474.13,5339240.33,1107732.85,6676482.6,-297212.24,226466711.3
1878,6504527.0,1094527.15,950210.78,0.0,3329920.49,8979360.55,1919288.39,4111404.08,0.0,26889238.44
1879,6504527.0,2786129.95,1744159.91,1413391.82,2358298.44,24206578.23,4961550.75,6176909.78,0.0,50151545.89
1880,6504527.0,1299121.39,1015366.63,0.0,0.0,10861025.03,2289642.91,3405350.65,-70735.87,25304297.73
1881,6504527.0,783982.18,320679.73,0.0,69887.82,4191441.94,1017652.45,1322558.03,-99043.63,14111685.51
1882,6504527.0,1033420.48,923864.82,0.0,1292708.18,9062037.55,1911838.33,4059064.64,-25101.61,24762359.39
1883,6504527.0,3616902.22,2623164.93,7919549.65,2638180.53,25881501.21,5172890.45,5745408.08,0.0,60102124.06
1884,6504527.0,796224.3,684489.69,0.0,1678240.86,6443623.87,1447266.41,3211958.56,0.0,20766330.69
1885,6504527.0,2395475.68,1370234.44,0.0,706672.41,20678168.11,4072931.69,5424065.44,0.0,41152074.77
1886,6504527.0,1756608.08,801723.68,0.0,625067.56,12318301.47,2400198.07,2264955.55,0.0,26671381.41
1887,6504527.0,765096.33,373448.7,0.0,6759414.66,7548312.62,1695664.79,2924909.52,0.0,26571373.62
1888,6504527.0,1061399.77,516436.01,3722935.73,1058479.46,9685999.99,2086248.21,3426219.19,0.0,28062245.36
1889,6504527.0,3217504.47,1724297.68,0.0,2043467.57,21994050.75,4322966.74,3257686.64,0.0,43064500.85
1890,6504527.0,3417419.69,2177228.42,0.0,842639.24,21959616.75,4344299.08,5048996.5,-28048.88,44266677.81
1891,6504527.0,1307447.85,1827364.88,0.0,80774329.3,10489377.29,2211546.95,6782024.0,0.0,109896617.27
1892,6504527.0,2078158.96,1762755.2,0.0,199961.41,18065856.03,3885977.38,4847731.81,-48849.18,37296118.63
1893,6504527.0,1933993.25,1823123.82,0.0,69092759.31,12252895.98,2551319.08,4953709.32,-44489.19,99067838.57
1894,6504527.0,2028464.16,1396628.45,2834057.97,15450350.41,18954955.07,3955967.12,5813123.04,0.0,56938073.23
1895,6504527.0,1279415.05,973939.54,0.0,79961.01,9709838.35,2023395.08,3899988.58,0.0,24471064.61
1896,6504527.0,2056881.33,1939052.25,3637139.77,7418402.32,18403336.29,3654822.2,6363900.46,0.0,49978061.61
1897,6504527.0,3964322.37,2369861.07,2080433.96,2943505.75,30244414.31,5847222.94,6221085.85,0.0,60175373.25
1898,6504527.0,2557058.04,1030040.29,0.0,2583352.65,16727404.4,3476800.75,4833510.52,0.0,37712693.65
1899,6504527.0,947050.74,536699.42,0.0,6720247.77,9411119.58,1893708.39,3398836.75,0.0,29412189.64
1900,6504527.0,2003310.2,2680099.02,8474438.9,153823857.4,13905220.78,2801827.19,5311381.5,-124305.54,195380356.45
1901,6504527.0,3335493.53,2315594.39,3442659.11,2015515.23,22948960.7,4732349.41,5512845.88,0.0,50807945.25
1902,6504527.0,1885821.43,1514917.07,0.0,1242990.02,15586899.76,3252558.17,5917669.7,-58305.01,35847078.14
1903,6504527.0,2419282.97,1704491.53,0.0,696563.6,17132676.75,3336722.2,3701886.61,-16476.86,35479673.81
1904,6504527.0,2076762.28,1001996.02,0.0,684748.68,15724509.34,3138937.7,3326886.18,0.0,32458367.2
1905,6504527.0,2819976.42,1737093.48,0.0,726839.8,17897595.86,3513918.17,3631660.7,-59148.48,36772462.95
1906,6504527.0,1830900.35,1768129.74,0.0,6880717.86,17127557.35,3665040.66,5845174.43,-24999.12,43597048.28
1907,6504527.0,1291711.59,1221138.86,0.0,10688432.26,10728773.04,2302177.93,5311939.05,0.0,38048699.74
1908,6504527.0,1453683.72,970928.69,0.0,374106.27,9962823.83,2024245.58,2885979.38,-35803.04,24140491.42
1909,6504527.0,2033272.45,1437208.55,0.0,1401064.99,15099840.62,3183157.98,4353090.47,-86752.84,33925409.22
1910,6504527.0,3252325.01,2396471.57,0.0,1148271.57,23920375.87,4874497.06,4750513.24,-20494.24,46826487.09
1911,6504527.0,3399965.93,1858184.1,0.0,1192031.12,25517070.76,5075209.44,4941294.2,0.0,48488282.53
1912,6504527.0,2364337.13,2437816.75,0.0,74525588.53,17774396.96,3655005.5,5575708.99,-25588.48,112811792.38
1913,6504527.0,2603386.46,2435650.61,2799272.32,5352450.23,23455171.72,4751029.66,7621313.15,0.0,55522801.15
1914,6504527.0,935078.6,767523.7,0.0,32668.61,8242449.06,1703954.61,3434840.54,-57928.78,21563113.33
1915,6504527.0,1468092.58,607814.89,0.0,593810.59,10451641.13,2253264.41,2559229.46,0.0,24438380.05
1916,6504527.0,985424.19,316027.98,0.0,0.0,6959985.21,1524752.8,1456518.4,0.0,17747235.58
1917,6504527.0,2884165.25,2090164.38,0.0,1487438.56,21056294.56,3965952.46,4532024.48,-32211.94,42488354.76
1918,6504527.0,3598813.76,2186380.1,0.0,863219.14,28742170.91,5894489.63,5198812.94,0.0,52988413.48
1919,6504527.0,1016520.29,598057.39,0.0,7988104.4,9341127.83,1926113.82,3280432.16,0.0,30654882.89
1920,6504527.0,1025726.33,1611159.77,28617261.74,68257324.85,10030647.5,1955158.92,5792294.65,-22267.95,123771832.81
1921,6504527.0,2875958.76,2854124.89,4965959.58,76832107.11,21805266.27,4512181.97,5521152.3,-28911.74,125842366.13
1922,6504527.0,960419.49,1549894.34,46435152.17,66044283.05,9483616.13,1856280.53,5018008.15,0.0,137852180.87
1923,6504527.0,4041336.87,2891738.74,12438849.27,550034.11,35870725.77,7336119.33,6046202.77,0.0,75679533.86
1924,6504527.0,1615378.76,633527.71,0.0,569559.58,9919580.04,1938301.08,1763542.16,0.0,22944416.33
1925,6504527.0,2448215.92,2023090.7,0.0,359151.36,20195444.56,4139321.51,5656776.51,-4698.0,41321829.56
1926,6504527.0,1499014.84,709839.48,0.0,673605.21,12974837.06,2775560.38,3059021.24,0.0,28196405.21
1927,6504527.0,4391997.16,3214517.3,0.0,2351030.47,31759267.92,6483914.99,5759382.56,-10511.77,60454125.62
1928,6504527.0,1948273.25,2281281.56,6488050.25,78067573.01,16289672.71,3238201.75,5849536.87,-74263.35,120592853.06
1929,6504527.0,2064518.4,1598391.25,23857902.81,18850025.29,20645184.0,4169943.28,6794691.01,0.0,84485183.04
1930,6504527.0,2922618.26,1957385.51,0.0,166917.1,20080658.35,3897464.1,4331671.43,-52525.65,39808716.09
1931,6504527.0,3112129.63,1637393.87,0.0,1259106.12,23164393.32,4615881.32,5141084.56,0.0,45434515.81
1932,6504527.0,2188697.43,1380114.32,0.0,355829.77,20545282.14,4088652.69,4920700.0,0.0,39983803.36
1933,6504527.0,1885476.78,1493222.12,0.0,0.0,15756598.54,3331261.62,4363155.45,-82437.73,33251803.78
1934,6504527.0,2475807.08,2341419.89,0.0,64168115.37,18242339.92,3813239.65,4421566.01,-70265.4,101896749.53
1935,6504527.0,1499859.66,875047.98,10717776.37,340795.53,13537406.96,2889795.2,3744270.39,0.0,40109479.1
1936,6504527.0,2808019.05,2843059.42,9928453.95,8592896.61,27425977.2,5598072.11,7835237.93,0.0,71536243.28
1937,6504527.0,1811009.34,730152.72,0.0,800532.16,11417454.57,2392888.76,1930506.65,0.0,25587071.2
1938,6504527.0,877224.33,671138.39,0.0,2860348.18,6211003.08,1338075.02,2920178.42,0.0,21382494.41
1939,6504527.0,1758265.43,1365922.69,0.0,999182.53,13888307.37,2902830.26,4217401.16,-35897.37,31600539.08
1940,6504527.0,1402046.32,2619397.44,10280672.9,159580186.75,11452123.27,2430963.53,5974181.28,0.0,200244098.48
1941,6504527.0,883964.29,458698.76,0.0,106277.11,5383890.45,1035629.23,1329486.04,-80439.39,15622033.5
1942,6504527.0,2662209.95,1714383.29,0.0,1330155.9,17408085.98,3351276.95,3967673.92,-40731.42,36897581.58
1943,6504527.0,2591316.22,1954105.65,0.0,130259.6,20258512.92,4144081.46,4785158.53,-72664.52,40295296.85
1944,6504527.0,1958768.89,1200651.63,0.0,1308961.37,11740697.98,2308235.92,2919698.55,0.0,27941541.34
1945,6504527.0,957569.15,427715.56,0.0,18061740.11,7537775.11,1557839.57,3228597.08,0.0,38275763.58
1946,6504527.0,954041.02,1554694.61,46271671.33,67236124.73,9531410.87,1878725.13,5203693.31,0.0,139134888.0
1947,6504527.0,1219412.89,585365.8,35163222.41,0.0,10766557.97,2238051.71,3303288.31,0.0,59780426.09
1948,6504527.0,2690360.85,2525569.32,1918082.79,76832107.11,18568013.42,3742652.66,5254610.2,-33742.02,118002181.34
1949,6504527.0,1415370.85,1414585.95,0.0,11223809.43,12867026.1,2630943.84,5492461.59,0.0,41548724.75
1950,6504527.0,4195051.48,3172636.82,1676074.73,4614753.16,30639663.83,5947624.01,6051880.27,0.0,62802211.3
1951,6504527.0,949367.99,520585.07,0.0,5137289.99,9172757.68,1880293.14,3524950.28,0.0,27689771.15
1952,6504527.0,2554266.99,1425213.97,0.0,0.0,21277239.74,4393962.34,4751384.12,0.0,40906594.17
1953,6504527.0,1448778.14,2356518.55,6797149.57,149529275.17,11165859.09,2424395.86,5890930.48,-116744.75,186000689.11
1954,6504527.0,1422919.78,814981.26,0.0,27942684.66,6953407.25,1427779.28,1486500.85,-129120.49,46423679.6
1955,6504527.0,1495667.0,702336.35,0.0,338346.88,13022370.02,2796577.4,2945291.45,0.0,27805116.09
1956,6504527.0,1459242.47,1238938.51,0.0,619138.19,12169045.75,2485498.17,4903002.13,-852.11,29378540.11
1957,6504527.0,2107686.46,1354575.86,0.0,1107614.59,13636569.52,2874134.59,3586585.94,-21469.22,31150224.74
1958,6504527.0,4471849.66,3124719.64,16775503.5,105892.54,31208053.92,6286648.41,5355842.35,0.0,73833037.03
1959,6504527.0,1743971.59,1835141.09,0.0,74610211.58,12218557.36,2620665.74,5821538.08,-74549.76,105280062.68
1960,6504527.0,1298388.65,718719.24,3931036.33,1976037.93,11495927.12,2523567.82,4336463.49,0.0,32784667.58
1961,6504527.0,965520.03,1570058.63,24811080.35,68366793.41,9379186.45,1893714.74,5463401.32,-7225.26,118947056.66
1962,6504527.0,2124004.78,2048924.13,2939074.62,8062481.48,19568377.95,3977626.42,6900739.93,0.0,52125756.3
1963,6504527.0,2820176.45,3016284.21,5135400.36,76832107.11,23250255.55,4844770.19,6183540.58,-11251.35,128575810.1
1964,6504527.0,2067718.15,1595837.73,28705783.4,18099057.33,20677181.45,4183309.13,7797006.6,0.0,89630420.79
1965,6504527.0,3154792.93,2399468.14,4622733.12,730360.85,23929028.88,4748816.59,5332698.14,0.0,51422425.65
1966,6504527.0,742492.59,263931.96,0.0,0.0,6160984.23,1281055.45,1510523.93,0.0,16463515.16
1967,6504527.0,2739435.88,2566956.62,4741895.47,4332907.01,25054639.18,5114780.46,6580701.15,0.0,57635842.77
1968,6504527.0,1382006.15,486424.89,0.0,929458.74,5200781.92,1150404.24,960864.2,-51141.21,16563325.94
1969,6504527.0,3743558.23,3338943.45,0.0,7925464.46,32452505.9,6624592.13,6099813.9,-21980.83,66667424.23
1970,6504527.0,4436379.57,3279085.17,1053081.51,3600949.7,31961267.03,6445353.31,5731049.73,0.0,63011693.03
1971,6504527.0,1505692.3,1047578.06,1180145.62,7538909.38,9224719.53,2000223.28,5305697.66,0.0,34307492.83
1972,6504527.0,1144944.62,1177624.54,0.0,14979882.2,10089958.3,2141051.15,5141241.22,0.0,41179229.04
1973,6504527.0,2518786.19,2013765.73,0.0,414212.42,20246887.35,4234508.1,5221385.42,-13821.74,41140250.47
1974,6504527.0,3234397.72,2459521.28,0.0,998954.81,24512306.58,4815873.49,5456336.84,-4377.07,47977540.65
1975,6504527.0,1576369.66,879212.54,0.0,790634.09,9207342.71,1899465.32,1823120.8,-52579.84,22628092.27
1976,6504527.0,1426511.59,1093783.58,0.0,11065.01,11092980.03,2329046.4,3710672.68,-15923.43,26152662.86
1977,6504527.0,1264639.51,505291.64,0.0,63847.92,9197515.92,1838506.07,1771297.5,0.0,21145625.57
1978,6504527.0,1393517.35,1317979.66,0.0,4355911.71,12630959.51,2482513.59,5393686.73,0.0,34079095.56
1979,6504527.0,1598196.43,772880.42,0.0,5416.44,12503986.08,2541306.46,2623375.3,0.0,26549688.13
1980,6504527.0,1325715.85,512905.91,0.0,255499.57,10649065.31,2276881.72,2533505.78,0.0,24058101.14
1981,6504527.0,766786.61,910593.94,0.0,38737412.02,6169037.53,1159968.16,3104755.84,-83005.15,57270075.96
1982,6504527.0,3097088.58,1670628.45,11478599.79,713950.86,23467477.19,4839344.9,5725966.92,0.0,57497583.69
1983,6504527.0,925817.8,1411823.76,64782024.14,60086606.7,9080610.3,1797062.26,4642935.77,0.0,149231407.73
1984,6504527.0,1811074.04,1104835.88,0.0,7842143.88,16630421.22,3611991.78,4751368.39,0.0,42256362.2
1985,6504527.0,2740147.22,1566761.42,0.0,2844929.77,22315052.51,4465067.69,4459560.19,0.0,44896045.8
1986,6504527.0,1800098.65,1387296.56,0.0,623068.77,14493538.93,2890280.5,3830278.68,-68185.94,31460903.14
1987,6504527.0,1967328.22,1270481.04,0.0,131694.07,13353035.48,2779194.72,3580090.65,-68925.74,29517425.46
1988,6504527.0,2694645.07,1257096.23,0.0,4122772.96,19064705.52,3842304.26,4481986.75,0.0,41968037.78
1989,6504527.0,3530795.46,2160136.75,0.0,1775081.85,21200724.72,3694226.8,4428005.62,-605.54,43292892.66
1990,6504527.0,1670292.61,1872593.01,0.0,105312295.11,9704693.76,1992766.48,4961576.44,-110224.3,131908520.09
1991,6504527.0,3674038.02,2325245.71,0.0,0.0,23418110.78,4643968.98,4344288.15,-16565.37,44893613.27
1992,6504527.0,4055150.07,2534015.08,0.0,1058928.48,25553214.46,5122917.11,5280593.85,-33877.68,50075468.35
1993,6504527.0,3138098.35,3086650.94,11276588.44,13458363.76,29636132.76,5982431.67,6819671.93,0.0,79902464.85
1994,6504527.0,940542.97,1014677.97,6263603.57,5007761.81,9405429.75,1890879.92,4936466.9,0.0,35963889.9
1995,6504527.0,2538714.54,1548167.24,0.0,1502203.96,22040578.85,4684726.66,5436749.56,0.0,44255667.81
1996,6504527.0,2723208.34,1449866.85,0.0,2428554.01,21078191.35,4200013.33,4402136.83,0.0,42786497.71
1997,6504527.0,1759369.71,902009.17,0.0,381251.89,9634365.19,2050844.2,2019568.36,-70583.28,23181352.23
1998,6504527.0,1013985.02,1472094.59,23025006.48,60589025.4,9798526.39,1971233.3,5179461.22,-32012.26,109521847.14
1999,6504527.0,1406256.21,1462021.37,0.0,17167557.79,12632504.51,2625110.4,6337225.25,0.0,48135202.54
2000,6504527.0,894839.35,1142410.78,0.0,48576317.74,7569275.69,1662348.63,4050908.74,-83514.26,70317113.68
2001,6504527.0,708558.53,254098.58,0.0,416521.72,2938985.6,677974.54,410990.71,-50383.19,11861273.49
2002,6504527.0,3196973.97,2368953.91,4306318.22,1831562.92,23492751.28,4686591.48,5564250.42,0.0,51951929.19
2003,6504527.0,1486995.5,1041915.39,31027043.7,1769571.52,14777601.9,3070267.73,4585257.48,0.0,64263180.22
2004,6504527.0,2580909.45,1888579.77,0.0,58924647.44,14253271.16,2778980.0,4388679.14,-100305.26,91219288.7
2005,6504527.0,2215092.57,1821213.32,10645236.98,5748674.54,17540041.32,3651336.55,5517981.85,0.0,53644104.13
2006,6504527.0,2209073.63,1473518.57,4442767.06,15581687.61,19938591.64,4135594.34,6018308.74,0.0,60304068.58
2007,6504527.0,2531088.46,2204399.0,0.0,151502.02,22056167.4,4312193.52,6642640.32,-6817.92,44395699.79
2008,6504527.0,1119979.27,994925.68,0.0,2236177.41,9436024.55,2119769.1,3958230.32,0.0,26369633.33
2009,6504527.0,2696628.64,1273823.96,3747459.95,5678808.02,19104455.73,3788932.6,4771070.68,0.0,47565706.58
2010,6504527.0,1882325.35,1144790.24,0.0,14124329.44,16863591.27,3408037.41,5281072.36,0.0,49208673.07
2011,6504527.0,1122425.46,2640400.62,0.0,188809060.72,8292646.85,2016680.41,6360677.04,-117084.3,215629333.8
2012,6504527.0,2182413.22,1050089.31,0.0,0.0,16162122.62,3371392.34,3223764.73,0.0,32494309.22
2013,6504527.0,2013060.05,1064600.21,0.0,358871.97,16579118.86,3507589.27,3417574.99,0.0,33445342.36
2014,6504527.0,2807615.81,2037803.59,6145149.03,9870017.44,26249207.49,5407415.89,6044109.8,0.0,65065846.05
2015,6504527.0,3595950.79,2995724.24,0.0,2530262.5,29594633.6,6078376.47,5710620.89,-24958.21,56985137.27
2016,6504527.0,1004393.54,905442.22,15031351.18,27874.68,9044118.5,1873956.44,4033015.32,0.0,38424678.89
2017,6504527.0,1559976.81,908620.61,0.0,30076697.47,7586867.52,1575014.57,1766828.32,-122749.32,49855782.98
2018,6504527.0,3480928.79,2203456.95,0.0,11763.29,22268591.12,4385484.79,4829640.46,-23532.21,43660860.18
2019,6504527.0,3886019.55,2974535.62,0.0,2243617.1,29409455.7,6199455.6,5582668.95,-17089.37,56783190.16
2020,6504527.0,1273321.43,1525286.91,0.0,75552256.72,9115694.8,2010304.2,5995313.11,-91528.78,101885175.39
2021,6504527.0,1074387.71,484611.12,0.0,7765295.82,8711564.64,1805881.29,2900166.2,0.0,29246433.79
2022,6504527.0,2430596.34,2640329.72,2022988.48,77308407.54,19774295.67,4049428.66,5872823.89,-43557.01,120559840.29
2023,6504527.0,1252529.1,985725.93,0.0,12820085.42,8358431.05,1832239.03,4974237.37,0.0,36727774.9
2024,6504527.0,1675119.68,1156476.27,0.0,947935.45,11879731.55,2394531.74,2935365.79,-43399.24,27450288.24
2025,6504527.0,3245424.11,1913790.47,4192678.01,1492756.13,26006592.83,5178810.78,5787866.28,0.0,54322445.61
2026,6504527.0,3285928.42,1655358.42,0.0,0.0,23578684.17,4736888.21,4748134.16,0.0,44509520.37
2027,6504527.0,1232359.39,2757114.01,3464374.61,216771851.1,8411387.6,1747645.66,6149438.19,-258066.76,246780630.82
2028,6504527.0,3755095.49,2812321.22,0.0,4146040.54,27835679.6,5342805.38,4826948.15,-39839.86,55183577.52
2029,6504527.0,2515051.87,1574603.06,0.0,136019.23,16560683.56,3426998.33,3094631.87,-85367.43,33727147.49
2030,6504527.0,2625170.19,1561229.52,0.0,2553134.93,22312996.88,4671745.08,5790766.12,0.0,46019569.72
2031,6504527.0,1941387.57,2117204.93,0.0,69904289.85,15394278.35,3220623.5,5181623.95,-70639.69,104193295.45
2032,6504527.0,1535333.29,962917.99,46003645.68,1164230.41,14364381.21,2958053.53,4259889.78,0.0,77752978.9
2033,6504527.0,2675252.71,2212614.42,0.0,0.0,22161740.53,4643793.72,5751771.02,-3559.63,43946139.78
2034,6504527.0,2568434.07,1492914.98,0.0,1121368.29,14693898.84,2923057.3,3497101.97,0.0,32801302.45
2035,6504527.0,2551246.49,1863855.51,0.0,346544.79,18804630.65,3702275.39,4683616.24,-27383.51,38429312.56
2036,6504527.0,1453812.54,1173539.22,0.0,42461884.39,8959067.74,1811070.47,3203275.63,-139496.2,65427680.79
2037,6504527.0,1421950.01,1315819.56,0.0,8120232.92,12208838.91,2531797.32,4817287.1,0.0,36920452.84
2038,6504527.0,3372331.63,2067064.48,0.0,1391060.34,27069252.45,5815296.43,4497631.52,0.0,50717163.86
2039,6504527.0,3012447.08,1391267.99,0.0,3659720.38,20466467.4,4061036.06,4733167.03,0.0,43828632.93
2040,6504527.0,2055963.3,779950.31,0.0,0.0,13770591.75,2747627.22,2618153.8,0.0,28476813.37
2041,6504527.0,1313262.24,1237622.52,0.0,14593951.24,10553743.71,2260095.98,5659271.49,0.0,42122474.18
2042,6504527.0,2103297.31,2458664.83,15220167.26,85333609.17,16567616.48,3535622.92,5807965.21,0.0,137531470.2
2043,6504527.0,2784102.59,1623405.4,0.0,6047875.62,22252199.49,4626235.82,4680358.48,0.0,48518704.39
2044,6504527.0,781594.43,714114.19,1794110.08,2373793.44,6874232.61,1411241.66,3875280.36,0.0,24328893.77
2045,6504527.0,1910026.4,857904.51,0.0,178372.91,12797136.95,2584929.36,1978399.66,0.0,26811296.79
2046,6504527.0,2200653.77,2651897.64,9020034.8,152526249.48,12710861.82,2538598.11,5894366.59,-23187.31,194024001.9
2047,6504527.0,2055327.98,1068199.66,0.0,670774.63,16472541.62,3461648.2,3291669.14,0.0,33524688.22
2048,6504527.0,2271530.5,2148779.93,2155115.74,72401425.09,15753979.28,3036794.14,5629666.27,-105765.68,109796052.26
2049,6504527.0,969716.11,1017619.8,0.0,36536696.66,7248351.06,1618583.81,3199429.93,-56457.93,57038466.46
2050,6504527.0,3161300.3,2299089.39,0.0,1901345.65,23192500.22,4616213.03,4547070.49,-43833.79,46178212.29
2051,6504527.0,1542599.8,743118.72,0.0,0.0,13988375.95,2878814.6,3744363.81,0.0,29401799.88
2052,6504527.0,1754665.54,1554809.91,0.0,53027847.6,11558136.95,2343464.97,3886675.8,-103282.24,80526845.53
2053,6504527.0,1680522.6,1786960.23,0.0,72022589.41,11768435.28,2436398.18,5988725.86,-60387.28,102127771.29
2054,6504527.0,977433.59,1113831.21,0.0,16741036.35,9217437.47,1918749.23,5527070.28,0.0,42000085.13
2055,6504527.0,1268708.56,445079.81,0.0,52073.95,9117348.78,1785123.55,1675959.12,0.0,20848820.77
2056,6504527.0,1073715.11,496391.96,0.0,309445.74,9762434.96,2103698.99,2872505.8,0.0,23122719.57
2057,6504527.0,3714339.74,2116742.3,0.0,245692.07,21824260.3,4514751.61,3985840.62,-68603.52,42837550.12
2058,6504527.0,1122404.63,596363.88,0.0,313866.48,7298013.51,1517518.03,1861228.55,-137146.63,19076775.44
2059,6504527.0,946106.5,543839.46,16590177.05,3996506.28,9461064.95,1964459.06,3466472.88,0.0,43473153.17
2060,6504527.0,1471813.78,811325.9,0.0,0.0,13026159.02,2809776.7,3805454.93,0.0,28429057.35
2061,6504527.0,2706815.58,2437534.13,9167001.09,4824769.84,23716352.52,4951451.14,5852135.61,0.0,60160586.91
2062,6504527.0,2381608.49,1204671.36,0.0,410098.2,12705707.7,2573129.64,2593949.06,-73615.79,28300075.67
2063,6504527.0,3322955.24,1522300.22,0.0,670078.55,15585609.25,3344244.89,3016150.07,-45210.5,33920654.74
2064,6504527.0,2893154.06,1901329.0,0.0,5897315.21,25348920.15,5255583.29,6045588.03,0.0,53846416.75
2065,6504527.0,774064.81,830590.27,7690175.77,4232598.74,7532024.69,1541681.37,4469001.27,0.0,33574663.93
2066,6504527.0,1650705.68,1021086.75,0.0,130972.26,11549461.81,2375499.32,2637725.37,-136444.34,25733533.85
2067,6504527.0,884439.42,1182904.52,23551376.5,56575123.19,7854827.0,1601343.12,3700761.95,-89570.98,101765731.72
2068,6504527.0,2622601.49,2226521.14,0.0,975523.98,22284951.24,4711379.98,5817684.67,-38033.6,45105155.9
2069,6504527.0,3426012.09,2446855.68,0.0,841570.92,24824838.53,4925014.87,4934629.76,-44924.3,47858524.55
2070,6504527.0,2128537.45,1306935.72,0.0,2751049.69,18200244.97,3606711.24,4524456.64,0.0,39022462.71
2071,6504527.0,1742864.4,1726675.5,0.0,55263175.32,13185856.52,2690692.04,4376043.95,-126364.41,85363470.31
2072,6504527.0,938080.66,863929.16,0.0,34040608.86,7627177.23,1603296.32,3028283.36,-235920.53,54369982.06
2073,6504527.0,1365120.12,1647672.95,16142041.02,22417495.5,13651201.15,2792130.59,7350225.81,0.0,71870414.14
2074,6504527.0,1615513.84,1843539.82,980599.02,72449145.78,12064693.22,2396349.2,5501185.33,-42328.8,103313224.4
2075,6504527.0,851137.97,790343.22,0.0,1505194.22,8182463.01,1664933.44,3843176.03,-76004.89,23265770.0
2076,6504527.0,2536848.06,1860558.4,0.0,314276.37,19319302.11,3961709.62,4515484.52,-82988.84,38929717.25
2077,6504527.0,2607373.88,1885116.48,0.0,1133258.45,18766115.51,3684089.34,5293942.81,-2775.27,39871648.2
2078,6504527.0,3930041.87,3143541.18,6300519.17,415909.95,31281673.37,6237150.76,5499204.27,0.0,63312567.57
2079,6504527.0,1183679.53,846250.82,0.0,929920.64,8276815.73,1672875.64,2770478.31,0.0,22184547.68
2080,6504527.0,2534994.68,1713511.4,0.0,5474284.76,23271803.24,4883344.56,6157083.03,0.0,50539548.67
2081,6504527.0,865485.65,720189.16,0.0,317586.29,7474230.02,1690856.66,3186671.53,-38973.21,20720573.09
2082,6504527.0,1479976.59,1167636.36,22979101.76,12549790.33,14799765.93,3061756.5,5041792.42,0.0,67584346.9
2083,6504527.0,1071669.18,1247275.16,27476845.36,14024173.01,10617783.42,2045619.35,5795781.66,0.0,68783674.15
2084,6504527.0,2656799.85,2177466.44,0.0,1751358.49,21595424.39,4465827.41,5450786.07,0.0,44602189.66
2085,6504527.0,2460655.3,1334069.25,0.0,1409294.46,13334836.86,2724374.66,2078405.13,-24121.14,29822041.51
2086,6504527.0,1928298.91,1327784.92,0.0,1101706.05,13155348.4,2781915.14,3362098.16,-1921.25,30159757.33
2087,6504527.0,2660359.26,1891032.2,0.0,0.0,19240746.32,4042427.31,5196883.09,-33042.43,39502932.75
2088,6504527.0,2719660.76,1946258.34,0.0,275983.66,20049012.64,4116523.2,3694379.82,-62288.18,39244057.24
2089,6504527.0,2150773.05,2043385.3,3600552.86,10301178.13,18905591.83,3840592.31,7156048.71,0.0,54502649.18
2090,6504527.0,1573734.55,378638.92,0.0,75471.49,4827373.24,1057074.38,592691.02,-106888.16,14902622.43
2091,6504527.0,904646.23,836779.08,0.0,3214722.3,7991949.58,1711946.23,4009339.86,0.0,25173910.28
2092,6504527.0,2444895.49,2167474.94,0.0,66862614.76,16740736.66,3407750.95,4822348.22,-117445.54,102832902.47
2093,6504527.0,2587140.76,1151382.72,0.0,1149462.06,17459656.67,3647880.43,3299012.6,0.0,35799062.22
2094,6504527.0,1231741.72,1230778.55,0.0,21797017.46,9948365.69,1998252.61,5854155.55,0.0,48564838.58
2095,6504527.0,774012.79,577748.26,0.0,27942.07,7342100.17,1631582.17,2294512.83,-157494.61,18994930.67
2096,6504527.0,3232810.43,3165150.07,7106447.27,152516606.61,18515945.16,3708986.18,5314347.12,-83369.03,199981450.82
2097,6504527.0,2069128.81,2703612.79,0.0,130670437.16,15444485.59,3275071.52,4978343.63,-53570.55,165592035.94
2098,6504527.0,2085215.57,2232087.94,8625304.59,12297994.31,20687054.7,4178678.89,7596470.31,0.0,64207333.32
2099,6504527.0,2160813.0,1579102.82,0.0,1786457.95,15944746.9,3489018.07,3994274.07,-39626.29,35419313.53
2100,6504527.0,2153417.49,1145061.78,3958840.87,3130487.41,17953177.6,3663375.85,5118525.27,0.0,43627413.26
2101,6504527.0,3567568.43,2750074.88,7957923.86,0.0,27500748.78,5568356.85,5258934.92,0.0,59108134.73
2102,6504527.0,847932.76,1185095.14,23817526.4,58395883.05,7713966.97,1660783.5,3661823.77,-75642.07,103711896.53
2103,6504527.0,1184984.11,682719.83,0.0,3045366.11,10995786.48,2397378.83,4485042.57,0.0,29295804.93
2104,6504527.0,2093906.44,2357307.94,0.0,77386638.02,17156850.02,3583399.26,5715740.0,-84123.43,114714245.24
2105,6504527.0,891312.03,942513.94,54709597.09,2215411.39,8913120.32,1733803.06,4013758.46,0.0,79924043.29
2106,6504527.0,2967328.2,1887551.34,0.0,630761.19,18920299.38,3668777.07,4049560.1,-13235.99,38615568.28
2107,6504527.0,2612114.01,2115888.5,0.0,1037204.14,21287581.07,4298105.45,5084501.73,-29883.42,42910038.47
2108,6504527.0,1950387.91,1530464.92,0.0,8497.92,16174742.11,3339042.0,4233403.17,-87069.24,33653995.8
2109,6504527.0,1269489.12,1246388.09,0.0,9286805.55,11354591.52,2400176.59,4670432.11,0.0,36732409.97
2110,6504527.0,1687332.83,1355162.82,0.0,2068122.45,13245225.31,2759951.39,3402605.04,0.0,31022926.84
2111,6504527.0,4537750.67,3642005.61,11203899.13,2675066.27,36166759.87,7322695.46,5480365.92,0.0,77533069.93
2112,6504527.0,3632692.61,2655660.76,0.0,978204.6,26575401.32,5569066.87,4747827.88,-18476.41,50644904.62
2113,6504527.0,773479.64,419307.38,0.0,18831787.74,7151754.41,1553140.58,2972767.57,0.0,38206764.32
2114,6504527.0,2297342.74,1198223.54,0.0,403042.8,18463076.01,3758637.48,4206762.98,0.0,36831612.55
2115,6504527.0,1748594.49,419913.33,0.0,0.0,8442853.14,1788531.09,1438210.49,0.0,20342629.53
2116,6504527.0,1490836.42,881519.56,30719074.91,352264.61,13597883.29,2903016.96,3907489.78,0.0,60356612.54
2117,6504527.0,1151104.12,637988.38,15780972.49,56362.12,11271949.92,2269424.92,3601603.65,0.0,41273932.61
2118,6504527.0,3201294.8,2429186.5,6057837.51,1207671.72,24206673.78,4858742.36,5442733.1,0.0,53908666.77
2119,6504527.0,2239995.29,1899551.67,0.0,2595305.93,18624717.77,3788940.05,5233097.69,0.0,40886135.4
2120,6504527.0,1503039.95,1396250.78,0.0,900500.51,13759228.89,2852470.03,6059809.36,0.0,32975826.52
2121,6504527.0,875808.78,505900.77,3988487.66,15796568.06,8548827.88,1785431.03,3330942.74,0.0,41336493.93
2122,6504527.0,1660906.18,1099727.45,0.0,111542.35,11903300.16,2377767.7,4043289.0,-94725.66,27606334.18
2123,6504527.0,1289215.75,769083.97,0.0,214204.77,8551627.22,1914186.82,2481150.05,-93996.69,21629998.9
2124,6504527.0,2383862.86,2697542.54,0.0,73577124.87,20470211.11,4216691.68,5222733.43,-32894.13,115039799.36
2125,6504527.0,3021756.82,2069902.49,0.0,165941.72,21406412.27,4371107.51,3823707.5,-76188.81,41287166.51
2126,6504527.0,1290738.05,1209312.04,0.0,5571412.6,11364504.86,2362376.68,4515476.35,0.0,32818347.57
2127,6504527.0,1774172.29,1387680.92,0.0,65154.48,14072619.77,2934279.65,4206919.25,-21230.37,30924122.99
2128,6504527.0,859318.14,409761.78,0.0,1480288.55,7841673.79,1528058.36,3093612.96,0.0,21717240.58
2129,6504527.0,938303.19,1518198.01,51981006.98,64354633.0,9383031.89,1926327.0,4921825.36,0.0,141527852.43
2130,6504527.0,3320875.21,1823380.19,0.0,241139.64,18797622.08,3596705.97,3505288.07,-59963.38,37729574.79
2131,6504527.0,1018039.93,601219.99,9043936.56,8080500.97,9820418.47,2179467.73,3340362.43,0.0,40588473.08
2132,6504527.0,1335974.31,779869.35,4340167.34,348921.33,12582616.94,2677359.12,3699482.81,0.0,32268918.2
2133,6504527.0,3303419.27,2027226.17,0.0,594621.73,20918686.33,4409876.27,4212403.97,-75269.25,41895491.49
2134,6504527.0,1804252.13,1294201.78,0.0,415699.33,13124679.77,2810307.59,3539279.43,-33632.26,29459314.77
2135,6504527.0,1380086.53,1617023.2,12300846.35,18621696.95,13800865.26,2796369.28,7751672.56,0.0,64773087.12
2136,6504527.0,1344637.6,780629.13,4456862.84,1655770.6,12189728.12,2639842.2,4393485.27,0.0,33965482.75
2137,6504527.0,2234727.82,1136334.75,0.0,449252.13,17264095.34,3713451.2,3197950.08,0.0,34500338.33
2138,6504527.0,1926565.86,2199027.98,6473470.57,77348840.79,15531576.14,3304855.99,6035909.87,-62796.22,119261977.99
2139,6504527.0,1008061.0,1258853.39,24800644.47,56847881.17,8314168.23,1743716.62,3466172.15,-53741.57,103890282.46
2140,6504527.0,2077813.06,1292929.77,0.0,801770.39,13474116.95,2811005.04,2779514.42,-62321.64,29679355.0
2141,6504527.0,1362583.17,1582127.03,2267166.68,17454832.8,13625831.7,2770246.14,7787750.04,0.0,53355064.55
2142,6504527.0,2239001.13,1269294.42,0.0,786248.2,13035611.75,2543732.81,2017288.59,-48377.2,28347326.71
2143,6504527.0,1144735.19,966267.69,0.0,32749388.57,7770771.43,1547425.97,2808908.6,-147811.71,53344212.74
2144,6504527.0,1995122.19,1804884.01,1979797.66,4708848.23,17443006.49,3671489.22,6351992.64,0.0,44459667.44
2145,6504527.0,891405.67,1410150.71,56605885.91,59525329.5,8914056.69,1723375.8,4974173.81,0.0,140548905.09
2146,6504527.0,889347.49,877081.92,0.0,7345097.86,7808606.82,1652608.13,4503879.23,0.0,29581148.44
2147,6504527.0,1098727.09,1196178.58,0.0,15736725.42,9950147.26,2177718.23,5632091.46,0.0,42296115.04
2148,6504527.0,2175082.71,852631.53,0.0,381565.69,11342893.37,2296700.66,1575484.41,0.0,25128885.38
2149,6504527.0,3508838.65,3090692.72,10716779.37,77816820.74,23517834.14,4736971.15,5214643.88,0.0,135107107.64
2150,6504527.0,2736898.58,2020026.99,0.0,0.0,20394129.76,4126668.23,4681383.32,-19385.98,40444247.91
2151,6504527.0,3311211.01,2056650.98,0.0,241699.1,20895300.65,4241027.2,4083333.88,-37295.6,41296454.22
2152,6504527.0,1795806.96,1449549.59,0.0,1842967.65,14316099.84,2912644.4,5317134.47,0.0,34138729.9
2153,6504527.0,2771003.49,2076767.48,6097338.43,9472402.09,26685332.55,5535855.25,6236569.64,0.0,65379795.94
2154,6504527.0,1353848.09,885574.68,23094828.4,750689.51,13538480.95,2725565.44,4382639.48,0.0,53236153.55
2155,6504527.0,1568616.29,1812765.72,30465049.7,21405201.8,15318680.3,3160679.36,6817301.36,0.0,87052821.53
2156,6504527.0,2012586.95,1275065.17,0.0,9478243.27,18178060.24,3716006.26,5092318.45,0.0,46256807.34
2157,6504527.0,2946830.71,2578382.05,3050458.48,5719828.98,25115101.02,5118490.09,6111133.7,0.0,57144752.04
2158,6504527.0,2532881.7,1869523.99,0.0,1262925.48,18823441.33,3799273.68,5020753.37,-26460.4,39786866.16
2159,6504527.0,2075240.47,1405045.03,0.0,43635756.54,11461279.73,2277601.86,3175364.46,-163171.6,70371643.48
2160,6504527.0,3542845.83,3724316.91,12541129.83,78329381.28,30004124.77,6130473.36,5655446.68,0.0,146432245.65
2161,6504527.0,1522976.88,739760.83,0.0,34245.76,13337389.15,2726461.73,3243120.21,0.0,28108481.56
2162,6504527.0,2925062.51,2026219.44,0.0,1832698.55,26826388.01,5538710.59,5843606.28,0.0,51497212.4
2163,6504527.0,3511865.9,2582950.94,0.0,1804508.33,25957855.19,5242038.83,5292949.15,-25563.88,50871131.46
2164,6504527.0,2799294.11,1921920.41,0.0,973391.49,19800182.67,3885251.31,4593044.64,-68627.49,40408984.15
2165,6504527.0,4011776.4,2860743.75,8056838.45,1241764.3,35487359.76,7187830.38,6676819.35,0.0,72027659.39
2166,6504527.0,1016748.37,805770.21,0.0,1101355.42,9025465.97,1911617.1,3122128.83,-123810.32,23363802.58
2167,6504527.0,1537364.53,1578188.98,0.0,58829030.02,11278267.83,2495580.07,4547661.34,-105982.23,86664637.54
2168,6504527.0,1378616.34,733784.73,32962865.59,481657.05,12210831.78,2626901.72,4183822.97,0.0,61083007.17
2169,6504527.0,2569840.74,1383904.45,0.0,679983.59,14363938.87,2893167.47,2735645.88,-65516.08,31065491.91
2170,6504527.0,856197.19,278002.6,0.0,0.0,6469883.07,1398206.18,1333875.1,0.0,16840691.14
2171,6504527.0,2384593.89,2525618.23,2086676.83,75788070.13,18509758.13,3690049.59,5346271.38,-30738.4,116804826.78
2172,6504527.0,2635677.93,2078037.98,952201.66,476695.68,20736373.36,4220690.18,5682713.83,0.0,43286917.61
2173,6504527.0,1231929.54,575577.0,32349214.9,1323212.72,10576402.24,2203144.64,3150328.8,0.0,57914336.84
2174,6504527.0,4028698.82,3030697.14,928858.7,2715163.51,29958643.09,5964436.12,5466877.97,0.0,58597902.36
2175,6504527.0,1386386.94,748883.85,0.0,1158672.54,13605634.09,2828573.33,4255956.1,0.0,30488633.85
2176,6504527.0,1349649.63,1267574.84,0.0,10588083.24,11230978.18,2373100.63,4871600.24,0.0,38185513.76
2177,6504527.0,1931330.65,1552537.95,0.0,565504.79,15458523.4,3363503.47,5728839.12,-1204.39,35103562.0
2178,6504527.0,913313.96,920803.72,0.0,6627946.04,8288069.34,1796698.2,4610930.0,-3785.19,29658503.07
2179,6504527.0,1081812.03,1242977.61,0.0,51244146.18,8863540.2,1859685.82,4003860.95,-127195.35,74673354.43
2180,6504527.0,907069.07,540168.28,21596226.8,14485417.93,8990478.65,1757802.11,3192793.4,0.0,57974483.23
2181,6504527.0,1554943.65,681365.89,0.0,413652.78,10894481.51,2196285.66,2300820.4,0.0,24546076.89
2182,6504527.0,3050079.71,2157468.89,0.0,1449950.23,21848680.24,4417372.47,4630719.01,-43666.52,44015131.02
2183,6504527.0,2328047.14,1776784.79,0.0,1074429.05,18095808.93,3734147.68,4325636.39,-43279.57,37796101.4
2184,6504527.0,1013347.6,1353768.92,0.0,74858500.37,7031954.54,1421077.09,5250099.01,-40684.1,97392590.44
2185,6504527.0,825297.9,471472.54,11759803.13,10403047.56,7972264.14,1781919.65,3089303.46,0.0,42807635.38
2186,6504527.0,1292034.51,1196869.37,0.0,43909200.55,8654974.81,1830436.0,3774221.03,-94983.57,67067279.7
2187,6504527.0,725919.41,445326.67,0.0,13873029.78,6701048.36,1362925.0,3138825.05,0.0,32751601.27
2188,6504527.0,1769194.23,1010534.76,0.0,3233358.69,16257362.85,3259078.48,4418074.52,0.0,36452130.52
2189,6504527.0,3924166.15,3302623.55,0.0,1759884.81,32830937.18,6854965.11,6070557.48,-15586.72,61232074.56
2190,6504527.0,1402936.8,572048.79,0.0,10654500.46,10165500.1,1899469.25,3398016.17,0.0,34596998.56
2191,6504527.0,1422411.62,1149848.13,0.0,689324.87,11243676.76,2329584.38,4228113.6,0.0,27567486.36
2192,6504527.0,1929934.97,1974114.27,4188924.33,78294749.14,12911077.1,2697365.28,5739706.15,-37729.87,114202668.37
2193,6504527.0,1028140.8,676015.93,22408554.11,10314318.15,10281407.96,2053570.48,3729398.99,0.0,56995933.41
2194,6504527.0,3248826.85,2441866.66,1525132.54,2214134.92,24181437.76,4886832.65,5509038.04,0.0,50511796.41
2195,6504527.0,1510781.82,1291709.47,0.0,4162495.88,12197560.9,2687823.91,4435305.34,0.0,32790204.31
2196,6504527.0,1943136.89,1177136.16,0.0,7638458.09,17365674.15,3510690.2,4701589.05,0.0,42841211.55
2197,6504527.0,2377254.9,2066616.53,1949822.79,508626.12,20594423.02,4209491.25,6051498.58,0.0,44262260.19
2198,6504527.0,1910858.54,725796.61,0.0,113131.86,8246861.73,1764374.78,1575324.96,-103071.41,20737804.07
2199,6504527.0,1543198.73,987929.12,0.0,425377.38,10695354.78,2292253.31,3145789.33,-95709.14,25498720.5
2200,6504527.0,2596759.15,2196705.95,0.0,503869.59,22062678.45,4669651.11,6144599.3,-15346.45,44663444.1
2201,6504527.0,1481069.93,1187597.31,0.0,7814361.83,10923559.1,2248119.67,4679156.75,0.0,34838391.59
2202,6504527.0,3360440.44,2612688.32,0.0,143643.06,26122767.58,5400604.47,5357205.04,-601.72,49501274.2
2203,6504527.0,1477661.94,875376.92,0.0,42811.38,9489613.87,1892758.52,2228177.6,-75166.96,22435760.28
2204,6504527.0,2549925.2,1463484.25,0.0,246612.82,20274081.49,4311025.78,3527701.49,0.0,38877358.02
2205,6504527.0,1465189.91,1678970.32,0.0,60963317.22,11970407.33,2684030.24,4669129.68,-76179.63,89859392.06
2206,6504527.0,2391918.45,1817946.0,0.0,0.0,18222423.49,3787244.99,5246664.37,-4296.35,37966427.94
2207,6504527.0,3093635.79,2118236.83,4119639.49,10704916.18,26955929.84,5569752.37,6217639.19,0.0,65284276.69
2208,6504527.0,1149615.68,527599.03,0.0,5198.24,10186968.79,1997686.42,3599432.37,0.0,23971027.53
2209,6504527.0,1450283.74,871669.81,26823731.03,313695.65,13513642.51,2925880.82,3796665.8,0.0,56200096.35
2210,6504527.0,2227205.27,2003513.89,0.0,69880515.08,14154063.22,2822579.98,4894541.71,-66011.97,102420934.19
2211,6504527.0,4049809.92,3165766.35,3453168.05,4337212.14,31125616.24,6533737.8,5543112.12,0.0,64712949.62
2212,6504527.0,1770913.7,1290670.43,0.0,38288247.84,9837837.04,1927912.37,3314894.78,-85786.17,62849216.99
2213,6504527.0,2418461.92,1997239.57,0.0,68587764.67,14224608.37,2876602.01,4818950.86,-63680.28,101364474.13
2214,6504527.0,1282874.38,741903.44,0.0,959409.39,7064394.94,1565231.66,3312289.85,0.0,21430630.66
2215,6504527.0,1288091.93,758536.39,0.0,908085.65,8396418.09,1818556.88,3663767.0,-95138.26,23242844.68
2216,6504527.0,2690535.61,2252765.83,0.0,383896.93,22751961.05,4685326.05,5302082.44,-25580.69,44545514.22
2217,6504527.0,942021.77,451823.29,0.0,1712938.88,8112387.61,1594686.81,2932617.01,0.0,22251002.36
2218,6504527.0,3205669.22,2869815.05,1538883.15,1210300.18,28500311.72,5997391.14,6235214.74,0.0,56062112.19
2219,6504527.0,2040591.43,934953.87,0.0,1180654.71,14400661.01,3012955.36,3576201.26,0.0,31650544.65
2220,6504527.0,2016880.86,1673348.55,0.0,2093304.31,16405596.61,3283430.23,4793344.76,0.0,36770432.33
2221,6504527.0,1521488.28,814683.47,21409208.44,0.0,13059734.69,2801530.17,3919960.29,0.0,50031132.35
2222,6504527.0,3930330.93,3024136.28,0.0,555734.33,30176202.37,6095808.98,5664615.53,-621.6,55950733.82
2223,6504527.0,1724321.01,1237901.45,0.0,443017.64,12597699.78,2591975.33,3255884.55,-27621.77,28327705.0
2224,6504527.0,1170670.26,1208875.65,0.0,12295422.28,10250600.29,2206027.67,5682418.55,0.0,39318541.71
2225,6504527.0,1493887.29,1189601.36,0.0,49044.48,12559492.09,2468782.36,4487381.38,-68160.75,28684555.21
2226,6504527.0,2561928.93,1500389.06,0.0,1272501.99,15864843.12,3287950.26,3198758.25,-101681.03,34089217.6
2227,6504527.0,2270118.84,1225375.26,0.0,87104.32,12934805.12,2616968.87,2501292.9,-71325.01,28068867.3
2228,6504527.0,2716489.76,1939797.26,0.0,440720.17,19804513.73,3930098.87,3990095.8,-45660.16,39280582.43
2229,6504527.0,2443471.46,1135236.81,0.0,395846.55,18053847.45,3643989.03,4005159.0,0.0,36182077.3
2230,6504527.0,2182125.41,955107.65,0.0,0.0,16576176.5,3323942.24,4320713.32,0.0,33862592.12
2231,6504527.0,4173198.77,2513126.25,0.0,792347.08,25654725.14,5116950.95,5050698.33,-59938.43,49745635.1
2232,6504527.0,1494494.9,2693294.95,11153335.64,213291798.53,9168938.62,1926318.16,5838402.88,-220313.01,251850797.67
2233,6504527.0,2699965.07,2070734.57,8445010.35,78184655.78,13817506.44,2712056.95,5344872.22,-38067.86,119741260.52
2234,6504527.0,1372233.79,1617313.44,19137353.95,19859795.76,13722337.89,2799428.92,6922941.16,0.0,71935931.9
2235,6504527.0,1783643.13,2264874.02,0.0,130092308.82,11126640.72,2330150.2,5485126.34,-54192.51,159533077.72
2236,6504527.0,3539796.72,2101826.91,0.0,707414.59,21047366.95,4430658.28,4652078.21,-17010.9,42966657.75
2237,6504527.0,2150705.36,1799760.38,0.0,695156.0,18382063.13,3813472.29,5158917.31,-50498.72,38454102.74
2238,6504527.0,1421222.28,836349.02,28130787.14,90218.9,13243041.33,2890864.99,3830283.64,0.0,56947294.29
2239,6504527.0,1363303.89,902191.36,51536185.13,1653877.08,13633038.87,2762630.55,4270224.12,0.0,82625977.99
2240,6504527.0,2154196.12,1291778.56,0.0,877753.86,13481042.71,2604992.33,3189288.83,-63032.8,30040546.6
2241,6504527.0,2199603.48,1703537.1,0.0,185415.75,16966833.25,3424442.33,5346498.29,0.0,36330857.19
2242,6504527.0,834802.31,422080.96,0.0,1493182.86,8045804.86,1754856.17,2762973.03,0.0,21818227.19
2243,6504527.0,1359667.52,3220863.46,3537020.27,233613597.47,10809623.16,2176127.12,6520697.97,-172852.57,267569271.4
2244,6504527.0,1702674.95,874614.65,0.0,683317.51,13138041.89,2773879.17,2708843.1,0.0,28385898.27
2245,6504527.0,3342753.73,3555586.8,13251282.8,77994966.55,28379180.01,5738980.13,5519976.98,0.0,144287254.0
2246,6504527.0,2738791.8,1897743.32,0.0,1901378.55,19652265.96,3876154.86,4244279.1,-86689.7,40728450.89
2247,6504527.0,2840188.2,2260687.39,1843354.16,865722.88,22557206.12,4716040.8,6078026.24,0.0,47665752.79
2248,6504527.0,2619838.53,2304925.53,0.0,1800925.59,23023954.84,4854311.81,6546269.41,-10737.67,47644015.04
2249,6504527.0,2447501.19,2275026.39,0.0,76835260.07,15954419.08,3205175.28,5120979.46,-28105.75,112314782.72
2250,6504527.0,2045664.05,928536.11,0.0,279614.85,10060884.27,2135993.99,2085101.83,-80821.36,23959500.74
2251,6504527.0,1387431.23,1395371.45,0.0,64929916.69,8271243.56,1767451.61,5218554.08,-56405.25,89418090.37
2252,6504527.0,1529712.28,961830.85,32753609.64,90649.64,14521186.92,3102293.49,4207582.95,0.0,63671392.78
2253,6504527.0,713253.23,166514.67,0.0,140477.39,3881361.4,863798.72,486997.74,-222785.62,12534144.53
2254,6504527.0,1830872.1,782314.37,0.0,1451395.4,7599736.65,1544289.3,1230892.68,-4977.6,20939049.89
2255,6504527.0,1263136.18,507181.5,0.0,157826.94,7016035.83,1621843.32,1833441.78,-200256.06,18703736.49
2256,6504527.0,522732.19,575391.23,0.0,26275598.0,4384988.26,951329.95,2757208.59,-137149.84,41834625.38
2257,6504527.0,994839.72,573290.7,9149628.96,11824474.7,9395565.6,1985316.9,3249051.72,0.0,43676695.31
2258,6504527.0,2570683.43,2339892.02,2155130.79,77795339.67,16742208.14,3517187.5,5429364.62,-48398.27,117005934.9
2259,6504527.0,3098254.21,2355560.97,0.0,2349087.87,23363121.24,4583972.47,5121236.54,-1930.43,47373829.88
2260,6504527.0,1917325.53,993755.27,0.0,829994.44,11296505.79,2250766.24,2596033.95,-151571.23,26237336.99
2261,6504527.0,2801416.92,1944650.81,0.0,1476083.83,19558361.15,3938250.32,5091949.9,-27912.43,41287327.5
2262,6504527.0,1688107.94,792380.01,0.0,0.0,13471781.33,2690375.47,3103035.44,0.0,28250207.19
2263,6504527.0,725709.64,354232.55,0.0,722934.04,4332819.2,1103635.21,1731024.11,-93055.59,15381826.15
2264,6504527.0,1326932.06,1727332.37,0.0,69918561.52,11020335.6,2322582.72,5580187.49,0.0,98400458.77
2265,6504527.0,3021561.45,1474053.01,0.0,243238.92,15814370.99,3120882.04,3025566.07,-110073.17,33094126.31
2266,6504527.0,631350.46,1117723.26,0.0,83545083.13,2090000.19,492965.91,4233130.75,-124189.79,98490590.91
2267,6504527.0,3216397.73,1906143.58,0.0,485205.32,19085437.14,3801465.88,3742464.98,-14798.0,38726843.64
2268,6504527.0,1819839.44,1572959.89,0.0,1330742.57,15833126.35,3271961.28,6004188.3,-19632.02,36317712.8
2269,6504527.0,554508.88,198339.91,0.0,1289169.19,4828641.03,972143.91,1658373.32,0.0,16005703.24
2270,6504527.0,3331701.61,2480166.02,4451561.86,1714107.02,24617038.7,4934616.06,5548433.85,0.0,53582152.12
2271,6504527.0,1156012.31,1094298.4,0.0,10534680.79,9636358.78,2012968.3,5257808.47,0.0,36196654.05
2272,6504527.0,1916132.53,1342050.48,0.0,682352.54,13730181.17,2612941.26,4972948.66,-56190.36,31704943.28
2273,6504527.0,1829421.42,833063.86,0.0,1490098.69,14689599.98,3099049.5,3647633.65,0.0,32093394.1
2274,6504527.0,1413246.23,1754109.41,0.0,64505897.06,12376755.6,2654343.62,4863030.2,-75033.63,93996875.48
2275,6504527.0,960428.54,441172.78,0.0,249428.38,4319528.17,1088391.17,2787106.45,0.0,16350582.48
2276,6504527.0,3379259.43,2111740.83,0.0,1426602.45,27984793.07,5614131.05,5282920.03,0.0,52303973.86
2277,6504527.0,3083326.22,3214478.62,8475092.95,148880662.28,18656794.67,3741818.95,5331452.63,-33493.94,197854659.37
2278,6504527.0,1419754.24,1453641.86,0.0,16538340.31,12602879.89,2750721.56,6161198.12,0.0,47431062.99
2279,6504527.0,910681.3,691309.86,0.0,718543.09,8259069.43,1796532.74,2805245.8,-155224.46,21530684.76
2280,6504527.0,3300981.81,2424117.73,0.0,735513.52,24266339.94,4987449.9,5393070.35,-19980.86,47592019.39
2281,6504527.0,3183747.26,1811633.05,0.0,0.0,18923318.85,3789638.52,3798466.63,-80698.83,37930632.48
2282,6504527.0,3048708.72,1955130.48,0.0,374952.87,20442550.09,3950793.83,3906764.36,-96412.8,40087014.54
2283,6504527.0,1416978.06,515680.24,0.0,2006886.31,10213501.54,2029578.58,2559430.76,0.0,25246582.49
2284,6504527.0,1515846.39,975929.81,16224555.06,1539809.14,14340551.78,3007987.79,4603982.66,0.0,48713189.62
2285,6504527.0,2871554.84,2269620.07,0.0,1851050.4,22347949.75,4585978.09,5365401.33,-4193.95,45791887.52
2286,6504527.0,986946.23,1559208.22,45587888.53,64824890.48,9869462.28,2000330.41,5163784.62,0.0,136497037.78
2287,6504527.0,2104881.8,1461368.12,4470022.96,10480049.02,19634861.13,4143157.89,5297214.8,0.0,54096082.72
2288,6504527.0,1790750.5,1025010.0,0.0,195051.26,11488729.34,2471894.19,2586523.32,-131072.87,25931412.75
2289,6504527.0,3401377.2,3557610.92,14338398.51,77451567.55,28322029.67,5860859.79,6057827.34,0.0,145494197.97
2290,6504527.0,2041862.18,773589.77,0.0,345698.75,8727534.63,1733596.05,1463542.0,-103358.79,21486991.58
2291,6504527.0,2691058.29,2074864.28,0.0,427193.71,20985911.99,4261582.29,5398135.6,-27267.13,42316006.03
2292,6504527.0,1326241.93,912103.9,0.0,37292008.21,5631453.43,1206819.01,3164831.72,-32260.73,56005724.45
2293,6504527.0,872153.36,1373230.3,37744668.16,61261071.97,8721533.56,1692655.03,4703578.95,-34103.55,122839314.78
2294,6504527.0,1415447.85,1390884.92,0.0,10237187.62,12746034.44,2610085.44,5560774.11,0.0,40464941.39
2295,6504527.0,1004085.33,824012.16,7736470.26,34899.53,8227221.22,1722398.3,3773664.9,0.0,29827278.69
2296,6504527.0,979080.09,1095854.92,0.0,62628810.6,7564999.34,1656345.11,4965967.9,-280672.0,85114912.95
2297,6504527.0,2807817.64,1770516.06,0.0,1804781.61,24512514.51,4729313.48,5051847.55,0.0,47181317.86
2298,6504527.0,1375714.07,1375760.58,1488959.13,6819289.4,12809253.36,2496277.39,6736382.96,0.0,39606163.9
2299,6504527.0,1362639.79,2903581.72,5552723.32,220098643.56,9122086.83,1886379.17,6057801.85,-215387.61,253272995.63
2300,6504527.0,1129006.57,1028471.65,0.0,1861984.3,10122165.51,2162023.16,4232496.08,0.0,27040674.27
2301,6504527.0,1961097.4,1554171.41,0.0,274499.21,15447998.12,3318261.11,4660123.77,0.0,33720678.01
2302,6504527.0,926479.09,1564333.75,37718426.65,69050298.46,9264790.87,1884411.36,4699292.8,0.0,131612559.99
2303,6504527.0,2363390.33,1384058.88,0.0,105004.29,13867673.35,2841679.08,3175870.27,-6589.87,30235613.32
2304,6504527.0,1169267.42,660912.2,11120712.19,8057003.13,10288818.14,2105084.56,3359318.95,0.0,43265643.59
2305,6504527.0,519195.33,309424.21,0.0,11518190.43,5191953.26,1033585.68,2876802.57,0.0,27953678.48
2306,6504527.0,3837870.87,2114339.23,574893.8,1581896.33,28056902.67,5621016.7,5479995.92,0.0,53771442.51
2307,6504527.0,3465541.8,2020866.78,0.0,2980336.58,26847452.97,5462952.49,4949398.06,0.0,52231075.68
2308,6504527.0,3320919.21,2520961.99,0.0,107955.33,25971912.42,5119221.87,4439730.25,-80219.75,47905008.32
2309,6504527.0,1504432.96,2330316.38,7085582.42,143414992.33,10762517.0,2219584.25,5723606.5,-72938.34,179472620.5
2310,6504527.0,2594455.51,2074285.84,0.0,151880.43,20928531.29,4384312.3,4975396.28,-22479.75,41590908.91
2311,6504527.0,2091543.01,2272095.36,5184614.9,76490439.99,16353280.68,3195780.53,5231039.1,-63941.15,117259379.42
2312,6504527.0,2470260.3,2117917.41,0.0,1983910.81,21007529.27,4360827.94,5413624.26,-15893.95,43842703.04
2313,6504527.0,1543148.82,1564092.12,0.0,13968958.81,13941299.03,2846717.88,6623262.04,0.0,46992005.71
2314,6504527.0,1354270.5,1024884.03,0.0,121644.82,10709518.61,2300743.75,3123416.88,-48085.67,25090919.92
2315,6504527.0,1444881.99,1475769.57,0.0,56958181.78,10277111.52,2211264.89,4562229.64,-100656.82,83333309.56
2316,6504527.0,1068816.2,696559.7,35342587.83,8712615.02,10688161.99,2081469.58,3941960.54,0.0,69036697.84
2317,6504527.0,1649223.47,952197.56,0.0,587322.94,10345784.85,2161770.87,1899763.85,-90758.11,24009832.42
2318,6504527.0,827266.32,0.0,0.0,0.0,1219782.3,353685.47,0.0,-121978.23,8783282.87
2319,6504527.0,1040027.29,1670799.57,18827579.93,69427970.21,10400272.91,2045747.03,5870267.79,0.0,115787191.72
2320,6504527.0,943018.94,825063.76,7503827.53,0.0,8250637.6,1706214.31,3951846.14,0.0,29685135.28
2321,6504527.0,3169801.48,2493182.12,0.0,1884919.09,24828709.93,5123366.86,3984165.31,-38357.83,47950313.95
2322,6504527.0,1381679.9,1458335.26,0.0,16298256.41,12504777.05,2438656.71,6493087.47,0.0,47079319.8
2323,6504527.0,941074.6,1419659.47,26938871.23,61505101.35,8768814.69,1803830.1,4896973.78,-27240.55,112751611.67
2324,6504527.0,1602891.58,857070.73,0.0,1186896.31,14326848.18,2866245.99,3945598.74,0.0,31290078.53
2325,6504527.0,2362921.1,2269759.71,0.0,61660067.58,18205431.14,3839139.1,4690540.77,-105262.74,99427123.67
2326,6504527.0,2688638.02,2171852.15,0.0,1977139.69,21784265.35,4259062.37,4782096.34,-32167.3,44135413.62
2327,6504527.0,1485150.0,1280488.59,0.0,66172460.19,8634320.16,1845738.13,5297850.89,-229246.7,90991288.25
2328,6504527.0,3168144.31,2407788.98,0.0,147531.23,24089927.63,4825348.77,5463231.53,-2426.4,46604073.06
2329,6504527.0,1322906.27,1058165.83,0.0,61116.59,10990097.47,2306290.73,3652148.9,-41519.58,25853733.21
2330,6504527.0,2140409.45,1234806.39,0.0,342761.02,19046578.74,3775505.43,4653155.13,0.0,37697743.16
2331,6504527.0,885597.45,442495.13,0.0,500494.69,8633949.94,1716314.4,2901322.21,0.0,21584700.81
2332,6504527.0,842325.5,494021.39,0.0,442289.07,6689331.07,1549894.6,1884612.6,-185331.9,18221669.33
2333,6504527.0,2065667.16,1215605.07,0.0,694679.15,12914724.09,2638905.0,2696864.29,-88928.57,28642043.19
2334,6504527.0,3521183.02,1879007.1,12934872.69,0.0,25815170.95,5183734.52,5701326.23,0.0,61539821.51
2335,6504527.0,3321324.24,1804921.13,0.0,468354.06,18811031.24,3759805.83,3423840.85,-81567.7,38012236.65
2336,6504527.0,1707647.28,1413432.75,0.0,1259676.91,14582180.34,3038193.76,4491707.36,-55224.38,32942141.02
2337,6504527.0,3795210.4,2043797.67,6563340.77,1197322.81,27341167.7,5545377.7,5377809.81,0.0,58368553.85
2338,6504527.0,3869303.22,2197206.92,0.0,240065.01,22563880.7,4525311.51,4174808.77,-61835.15,44013267.98
2339,6504527.0,1400209.4,1166042.57,0.0,7612557.05,10770422.63,2302908.81,4465143.74,0.0,34221811.2
2340,6504527.0,3753181.19,2769696.48,18688902.76,680463.78,27445435.77,5458629.62,5418773.58,0.0,70719610.18
2341,6504527.0,2037685.37,1571888.22,0.0,79164.53,17059068.56,3537688.96,4040218.82,-136944.9,34693296.56
2342,6504527.0,1108016.48,476211.94,0.0,0.0,4893942.22,1052960.21,2285947.76,-13182.28,16308423.33
2343,6504527.0,3223875.15,2403645.46,0.0,1091905.8,24131121.36,4704355.82,5315275.75,-21563.89,47353142.45
2344,6504527.0,1773399.56,1257617.4,0.0,520681.76,13117952.43,2782590.32,3729329.78,-59576.13,29626522.12
2345,6504527.0,1245095.35,949510.45,0.0,683529.28,9727835.68,2122252.41,3915087.67,-30350.86,25117486.98
2346,6504527.0,1193917.98,1113794.57,0.0,3351251.8,10407888.77,2259366.44,4646464.06,0.0,29477210.63
2347,6504527.0,2812214.86,2862684.41,11046214.42,11936334.33,27162387.13,5558840.66,6859457.71,0.0,74742660.52
2348,6504527.0,1182619.73,910340.04,0.0,629001.37,9168995.91,2031065.9,3344682.22,-16859.98,23754372.19
2349,6504527.0,1341256.76,916144.99,0.0,118346.33,10381414.31,2196244.87,2681445.64,-123304.8,24016075.09
2350,6504527.0,2126819.34,1128828.3,0.0,541493.46,17367433.38,3512583.88,3927232.69,0.0,35108918.06
2351,6504527.0,3279106.03,2608807.46,11408192.49,1653689.14,25913604.11,5166450.48,5878145.04,0.0,62412521.74
2352,6504527.0,1729008.73,1659581.78,0.0,3605287.85,15824771.19,3294270.57,6885499.41,-3089.26,39499857.27
2353,6504527.0,1299789.6,712483.9,0.0,260643.25,8512713.73,1750283.19,2049158.98,-142094.55,20947505.1
2354,6504527.0,1124277.29,1013859.13,0.0,6255134.83,9463194.51,2039842.03,4535878.64,0.0,30936713.45
2355,6504527.0,1200363.54,1090874.11,0.0,8577234.77,9968703.62,2149313.53,4651907.25,0.0,34142923.82
2356,6504527.0,1353152.21,1043993.23,0.0,40023972.42,8094856.94,1684592.2,3441935.27,-177747.2,61969282.06
2357,6504527.0,2088780.16,1798018.11,0.0,1402406.74,18217412.12,3616583.36,4542369.67,-53630.41,38116466.75
2358,6504527.0,2964556.81,2286625.93,1838003.11,76954354.61,16478811.65,3226410.05,5051703.54,-65276.69,115239716.01
2359,6504527.0,1890006.59,2285990.94,12271248.88,79925951.27,16023193.57,3335797.65,6149962.67,-55009.32,128331669.25
2360,6504527.0,1420516.2,3138224.43,12301996.39,234925639.82,10017266.57,2052949.26,6145318.69,-186331.95,276320106.42
2361,6504527.0,2798140.71,2143041.77,5009549.85,9736019.15,27291429.09,5401429.85,7574966.29,0.0,66459103.71
2362,6504527.0,2428157.79,1784922.74,0.0,2896479.39,17527183.3,3484118.77,4728625.64,0.0,39354014.62
2363,6504527.0,2252342.66,1472705.8,0.0,368765.54,15140499.65,3176052.41,2623927.09,-44941.14,31493879.01
2364,6504527.0,2706747.65,1201611.63,0.0,3698423.14,18329719.59,3657666.39,4186154.54,0.0,40284849.95
2365,6504527.0,1670306.77,1747923.53,0.0,72580779.68,12093700.05,2419267.92,5303793.07,-131780.11,102188517.92
2366,6504527.0,824363.63,254968.62,0.0,0.0,3147101.62,740982.63,1296666.83,-59741.54,12708868.79
2367,6504527.0,1897283.4,1510232.5,0.0,44862136.15,11708787.58,2269051.91,3710821.72,-113748.44,72349091.82
2368,6504527.0,3472744.16,3177877.04,6377829.42,79574843.33,24549356.24,4641517.04,5651895.05,-15493.12,133935096.17
2369,6504527.0,1937782.33,1105485.45,0.0,7433377.21,16976094.71,3582435.31,4398547.47,0.0,41938249.48
2370,6504527.0,1368533.96,1997351.77,0.0,79831801.62,12588700.73,2555693.76,6534614.66,0.0,111381223.5
2371,6504527.0,1985829.4,1748489.11,0.0,50971790.99,13723059.71,2687169.28,3723391.17,-114560.39,81229696.27
2372,6504527.0,1294196.61,832482.55,47739287.03,3155473.73,12555885.35,2596995.02,4006906.24,0.0,78685753.52
2373,6504527.0,3192974.99,2408514.08,0.0,1045699.79,23974459.43,4626768.01,5321660.77,-683.78,47073920.29
2374,6504527.0,2280551.44,984549.16,0.0,671280.91,15806373.07,3263539.06,3512764.7,0.0,33023585.35
2375,6504527.0,2496647.93,3213433.56,8295306.88,146419250.21,19036141.24,3689776.89,5751509.77,-66149.34,195340444.12
2376,6504527.0,1128869.32,1599799.88,0.0,111476621.68,5874875.01,1264875.54,5712537.14,-105148.31,133456957.26
2377,6504527.0,2476247.84,2391431.67,0.0,74366180.95,17261809.64,3411220.63,5395297.51,-30025.27,111776689.97
2378,6504527.0,2340844.84,1551352.1,0.0,593232.23,15885994.37,3240589.7,3861524.32,-45713.5,33932351.06
2379,6504527.0,1197180.48,403866.2,0.0,492090.18,8769664.07,2081642.71,2888298.19,0.0,22337268.85
2380,6504527.0,2646332.16,2040799.9,0.0,1509400.41,20698156.98,4184954.59,3895131.32,-54376.18,41424926.19
2381,6504527.0,2951138.24,1701882.56,0.0,301522.09,17369460.75,3464291.42,3013436.18,-39050.63,35267207.62
2382,6504527.0,1198183.97,879040.51,0.0,576135.04,9325086.25,2075719.37,3187000.15,-74764.58,23670927.71
2383,6504527.0,2619043.27,1766649.64,0.0,2573079.54,18390447.06,3631302.98,3827009.93,-98826.19,39213233.24
2384,6504527.0,1359244.28,411623.28,0.0,487496.37,8848932.93,2090256.88,2945533.33,0.0,22647614.07
2385,6504527.0,1402691.3,1638413.08,1439198.61,17947606.72,14003563.04,2880739.1,7645103.22,0.0,53461842.07
2386,6504527.0,4034308.14,3070549.25,8998970.36,538825.57,30613902.85,6195166.32,5624289.48,0.0,65580538.96
2387,6504527.0,1099719.11,433413.71,0.0,335479.45,5349436.05,1264179.42,1517271.64,-109922.67,16394103.7
2388,6504527.0,1175540.4,677630.46,9381079.48,2496862.42,10963120.29,2441234.9,3955089.14,0.0,37595084.08
2389,6504527.0,1130337.88,1077682.78,0.0,40090352.4,8052106.22,1626885.36,3468998.19,-140779.96,61810109.86
2390,6504527.0,1401915.99,1241889.81,0.0,44583614.23,9871002.42,2190679.54,3730359.48,-161041.59,69362946.88
2391,6504527.0,2756001.25,1970751.2,13640244.69,12007128.4,25331743.46,5191684.52,5825880.39,0.0,73227960.91
2392,6504527.0,2003262.93,1023459.54,0.0,60927.1,10567351.5,2181543.6,2383052.05,-35527.74,24688595.97
2393,6504527.0,2663282.98,1364724.88,0.0,319085.13,14526227.97,3050980.48,2351938.39,-99692.69,30681074.14
2394,6504527.0,1153501.06,193842.99,0.0,181375.45,3434028.67,760807.98,388536.86,0.0,12616620.02
2395,6504527.0,2754216.98,1732925.07,0.0,2015296.53,17725014.35,3305365.21,3865472.54,-61045.18,37841772.5
2396,6504527.0,1435088.99,1081811.7,0.0,8124534.81,9868257.32,2170344.15,4325894.32,0.0,33510458.28
2397,6504527.0,1463301.57,1074947.8,0.0,111715.01,11032519.23,2342348.3,3527607.25,-32433.6,26024532.55
2398,6504527.0,3182325.62,1846904.55,0.0,909972.16,18947603.91,4079685.54,3588145.55,-59045.01,39000119.32
2399,6504527.0,1473483.8,1913584.78,0.0,71131499.88,12363038.19,2542031.99,5874372.69,0.0,101802538.35
2400,6504527.0,2051307.1,1144803.89,0.0,312751.21,11624373.14,2388332.34,2738263.3,-23217.53,26741140.46
2401,6504527.0,2173439.96,1476387.53,0.0,1065372.54,15007442.02,3143204.08,3057950.85,-63737.48,32364586.49
2402,6504527.0,2676584.74,2182264.9,7004946.98,425098.49,21665514.05,4560513.82,6035954.67,0.0,51055404.66
2403,6504527.0,1574506.61,993013.42,24489706.16,789313.76,14551269.42,2987877.77,4390819.1,0.0,56281033.25
2404,6504527.0,1391756.19,1145914.03,0.0,5913232.85,10767809.5,2353699.25,4183701.61,0.0,32260640.43
2405,6504527.0,1151588.2,590032.68,12964271.91,150113.91,10757738.18,2225301.81,3316239.84,0.0,37659813.54
2406,6504527.0,1955621.67,641697.03,0.0,444961.74,6677475.55,1428032.96,1072331.66,-37464.18,18687183.43
2407,6504527.0,3299977.05,2277140.33,0.0,536676.51,22761835.23,4641788.75,5412480.91,-3490.7,45430935.08
2408,6504527.0,1817205.8,999121.53,0.0,2512510.26,16369103.27,3402577.92,4908992.12,0.0,36514037.9
2409,6504527.0,1789704.86,1281114.86,0.0,2360167.06,12623411.24,2463804.56,5141527.01,0.0,32164256.57
2410,6504527.0,1287994.95,546442.4,34553659.49,4035056.92,9986867.25,2078923.91,2863361.34,0.0,61856833.26
2411,6504527.0,1960854.48,1211503.81,280648.82,1779238.31,18482454.14,3938317.38,5401454.66,0.0,39558998.6
2412,6504527.0,2515699.97,1781469.4,0.0,1787979.04,17424711.41,3631047.51,5332083.91,0.0,38977518.26
2413,6504527.0,1316743.19,613118.47,0.0,976085.73,10376640.87,2181999.97,2680532.92,0.0,24649648.16
2414,6504527.0,899438.26,2551431.65,3297038.1,218411992.75,6091917.24,1266626.96,6347609.86,-230921.21,245139660.59
2415,6504527.0,1212286.83,496853.27,0.0,133099.17,5760888.06,1212204.81,1443716.73,-80238.41,16683337.47
2416,6504527.0,3919685.12,2750945.9,0.0,2272015.49,27710404.93,5743728.02,4868018.6,-54012.31,53715312.74
2417,6504527.0,1726820.82,873280.7,0.0,3997034.58,15097668.85,3205322.02,3819624.21,0.0,35224278.19
2418,6504527.0,1437202.43,573894.57,0.0,739444.01,10930127.76,2329351.46,2673412.19,0.0,25187959.42
2419,6504527.0,960069.79,517402.26,8238484.15,1315388.09,9600697.87,2046361.45,3254986.62,0.0,32437917.24
2420,6504527.0,2381426.06,1428307.72,0.0,1083488.73,14995979.33,2992443.3,2836867.98,-83979.49,32139060.63
2421,6504527.0,3286575.87,2198365.24,5201723.65,137624.72,28957880.31,5916348.28,5627404.63,0.0,57830449.7
2422,6504527.0,546109.85,554882.48,0.0,24766504.54,4650882.13,1046051.23,2815417.18,-176679.85,40707694.56
2423,6504527.0,1433295.71,1207208.12,0.0,3142293.56,11704707.82,2465678.55,4104098.03,0.0,30561808.79
2424,6504527.0,719477.48,1586082.34,0.0,120301939.46,3944766.21,978001.58,5415055.04,-185555.12,139264294.0
2425,6504527.0,1259837.38,1043597.03,0.0,3292052.79,10032564.32,2150951.75,4127635.47,0.0,28411165.74
2426,6504527.0,2183369.12,2100314.58,0.0,68899414.33,14641940.66,3052335.52,5129577.47,-17227.6,102494251.08
2427,6504527.0,3528450.08,3150740.74,0.0,2439221.6,31176306.32,6413991.95,5245974.55,-21128.35,58438083.89
2428,6504527.0,2126284.61,1643016.03,0.0,2283536.71,16046715.09,3522804.38,4239055.44,0.0,36365939.26
2429,6504527.0,3387507.54,1934949.15,4043700.69,0.0,26374591.53,5329229.18,5533281.08,0.0,53107786.17
2430,6504527.0,4267337.25,3037778.89,5589517.62,0.0,37402888.93,7521318.08,5592465.58,0.0,69915833.35
2431,6504527.0,1335496.0,937740.82,0.0,844270.34,9065329.05,1975390.64,3899469.06,0.0,24562222.91
2432,6504527.0,1280311.14,1849959.99,3037566.77,83947160.31,10554992.58,2269049.67,6239598.2,0.0,115683165.65
2433,6504527.0,1837695.09,2386420.96,0.0,130195921.99,12289390.37,2570937.08,5249265.0,-86374.11,160947783.38
2434,6504527.0,1028026.63,683962.97,21665922.72,10406651.23,10280266.33,2042459.4,3947518.91,0.0,56559335.19
2435,6504527.0,533502.59,177337.32,0.0,908691.7,3977317.64,768590.11,1340896.76,0.0,14210863.12
2436,6504527.0,2316002.15,1309191.76,0.0,179447.57,13635089.4,2762635.97,2457713.7,-56489.12,29108118.43
2437,6504527.0,953254.43,1131323.68,0.0,66151802.52,6947512.33,1507652.1,5249375.19,-203822.1,88241625.14
2438,6504527.0,2645096.8,2187832.0,2978634.39,484708.03,21829632.04,4530628.46,6459717.22,0.0,47620775.94
2439,6504527.0,2099817.98,1047774.74,0.0,302132.08,16892716.62,3379733.93,4321604.02,0.0,34548306.38
2440,6504527.0,2053707.74,1641501.28,0.0,1255137.64,16711229.15,3491784.42,5136598.56,-45688.91,36748796.87
2441,6504527.0,2490527.34,1810660.29,0.0,579706.03,17892318.34,3819029.36,4663265.29,0.0,37760033.66
2442,6504527.0,1377557.81,886380.74,0.0,82134.84,9151346.7,1971278.85,3654984.07,-31789.99,23596420.01
2443,6504527.0,2213240.88,1145792.98,0.0,6415971.91,17607141.01,3571299.38,4471360.47,0.0,41929333.64
2444,6504527.0,3925096.7,2376190.29,0.0,884352.21,23918917.59,4842673.48,4849132.92,-30592.06,47270298.13
2445,6504527.0,1806029.79,1472228.94,0.0,0.0,15045994.36,3132799.73,4807867.56,-32370.5,32737076.89
2446,6504527.0,1733001.7,1071910.73,0.0,702895.57,11961606.73,2385195.05,2402399.09,-134900.02,26626635.86
2447,6504527.0,3390337.34,2042408.83,0.0,613188.45,21075252.84,4261656.86,4183329.37,-72145.18,41998555.5
2448,6504527.0,3111631.24,1981375.48,0.0,1165900.12,20648528.95,4085794.78,4404279.41,-95809.3,41806227.68
2449,6504527.0,3318275.06,2462502.83,1754812.75,2188238.94,24397967.7,4897849.72,5520072.85,0.0,51044246.85
2450,6504527.0,776735.3,271326.29,0.0,259934.7,6613862.66,1326293.27,1827236.36,0.0,17579915.58
2451,6504527.0,1363165.84,727355.55,0.0,685533.37,7862010.36,1631184.67,2757330.6,-68219.21,21462888.18
2452,6504527.0,1234887.45,717568.56,0.0,0.0,7573678.22,1548653.73,3315953.96,-39799.26,20855469.66
2453,6504527.0,3042209.38,2295766.94,0.0,441308.93,23577226.79,4663442.79,4469157.39,-66165.85,44927473.37
2454,6504527.0,1435357.14,1062465.48,25620662.89,8933288.58,14200901.78,3014900.78,4784086.0,0.0,65556189.65
2455,6504527.0,593315.18,373630.51,0.0,165466.97,4823970.22,1058421.92,1620288.53,-114882.89,15024737.44
2456,6504527.0,991726.19,748873.06,0.0,28229086.0,4853197.91,1169787.68,3012731.06,-19882.49,45490046.41
2457,6504527.0,3080250.8,3178248.49,14191062.56,76832107.11,24757384.91,5082268.35,5380787.15,0.0,139006636.37
2458,6504527.0,2277418.3,2403136.86,0.0,62743630.4,18473742.39,3728625.28,4598128.03,-42562.06,100686646.18
2459,6504527.0,928275.06,1426087.04,27908730.72,60993457.73,9095502.9,1874070.92,4957507.09,-33835.91,113654322.55
2460,6504527.0,1859407.28,436040.0,0.0,115419.44,5952845.19,1281461.15,738322.44,-163510.93,16724511.57
2461,6504527.0,2628499.97,2092432.16,0.0,643217.26,21001662.94,4270568.94,4727727.43,-15973.78,41852661.93
2462,6504527.0,871374.75,420639.22,52112831.49,2288931.88,8713747.51,1689255.24,2833663.07,0.0,75434970.16
2463,6504527.0,3235149.94,2584342.32,0.0,3466426.73,25842685.16,5239797.28,4853415.71,-32456.48,51693887.65
2464,6504527.0,2899686.85,1819710.38,0.0,796863.7,18389382.52,3658616.87,4008265.28,-27301.42,38049751.17
2465,6504527.0,2439488.74,1398632.24,0.0,3304315.96,20051456.78,4135115.35,5339687.67,0.0,43173223.74
2466,6504527.0,1119293.66,108603.61,0.0,292036.42,2994467.55,673744.62,230181.2,-15796.5,11907057.56
2467,6504527.0,2974513.14,1954869.08,13075764.19,2404850.3,26292633.78,5294364.48,5382846.79,0.0,63884368.76
2468,6504527.0,2218754.99,1255298.18,0.0,9688772.49,18445343.19,3809144.95,4766872.53,0.0,46688713.33
2469,6504527.0,2253802.4,1702731.89,0.0,1854630.56,17113183.67,3261532.12,4374910.49,-29301.28,37036016.86
2470,6504527.0,2855983.69,1883292.08,0.0,405055.88,19189038.61,3878122.09,4356618.91,-39458.85,39033179.4
2471,6504527.0,1032732.99,842044.93,0.0,1907859.79,8561344.33,1760088.96,3967180.35,-59737.09,24516041.26
2472,6504527.0,3598610.12,2773397.66,0.0,398978.61,27882149.88,6000658.8,4501649.49,-19294.35,51640677.22
2473,6504527.0,4059224.48,2263101.57,2349265.98,0.0,29656115.69,5972838.53,5314044.39,0.0,56119117.63
2474,6504527.0,1799065.35,1590478.49,0.0,63112380.81,11365304.75,2301665.97,4408442.03,-133956.17,90947908.23
2475,6504527.0,3331592.75,2535439.57,7564548.27,1130819.0,25228959.5,5093311.64,5745221.22,0.0,57134418.95
2476,6504527.0,1187086.74,941930.45,0.0,30091849.86,7453169.22,1536860.69,2795915.67,-112255.68,50399083.94
2477,6504527.0,1088862.62,639448.1,8660539.64,22014381.84,9127683.42,1821036.37,3449135.83,0.0,53305614.83
2478,6504527.0,2692630.89,2662931.73,2234308.36,74409176.2,20049862.53,3909335.59,5253925.72,-32060.35,117684637.67
2479,6504527.0,1603452.49,1266094.09,0.0,1090442.75,12489005.29,2582872.67,4660059.9,0.0,30196454.2
2480,6504527.0,1050726.78,575612.41,43842728.98,0.0,5756124.1,1232518.67,3212245.79,0.0,62174483.73
2481,6504527.0,857932.4,761227.91,0.0,3185893.85,6947588.68,1414221.31,3305124.09,0.0,22976515.23
2482,6504527.0,1363841.96,1576318.04,0.0,17265454.01,13568627.55,2750588.3,7746103.19,0.0,50775460.06
2483,6504527.0,1954637.31,1190917.11,0.0,0.0,12106392.79,2435386.28,3798412.41,-19722.17,27970550.73
2484,6504527.0,2990297.82,2675075.32,7624246.79,78444247.11,19668990.73,3861286.89,5709869.88,-8887.96,127469653.56
2485,6504527.0,991073.11,1127593.37,3981242.13,8944265.53,9885962.74,1976860.18,5541316.62,0.0,38952840.69
2486,6504527.0,3935317.59,3617765.01,14278947.84,759599.15,35956177.78,7445553.27,6490534.87,0.0,78988422.5
2487,6504527.0,3255820.83,1833106.97,0.0,1234554.48,19099986.83,3747998.88,2851135.02,-87050.17,38440079.84
2488,6504527.0,2757181.66,1829876.02,0.0,5594688.02,24673261.36,5084723.0,5942805.02,0.0,52387062.09
2489,6504527.0,864602.2,638694.61,0.0,0.0,6900529.07,1434899.82,2483616.06,-51358.3,18775510.46
2490,6504527.0,1607426.49,1214691.12,0.0,52575137.83,9561273.85,2036678.11,4882989.92,-285509.05,78097215.27
2491,6504527.0,2270934.91,1838674.5,24058318.06,18690650.79,22623441.38,4605635.21,7122510.72,0.0,87714692.57
2492,6504527.0,1064610.13,587105.36,32172025.2,5121519.57,9967203.35,2201707.02,3003223.26,0.0,60621920.89
2493,6504527.0,852596.5,236895.27,0.0,0.0,6007514.0,1350830.6,1284659.39,0.0,16237022.76
2494,6504527.0,1440603.72,899842.39,0.0,0.0,9767458.02,1989526.23,2669474.27,-76903.41,23194528.22
2495,6504527.0,1843877.51,1860046.24,0.0,82358085.16,11420433.68,2357928.08,4112986.88,-114972.99,110342911.55
2496,6504527.0,1667448.56,1162416.01,0.0,873167.78,11831096.91,2503321.13,5008749.52,-52969.76,29497757.15
2497,6504527.0,2657024.73,1695751.47,4096482.33,659627.12,23842257.5,4929335.37,5802231.75,0.0,50187237.29
2498,6504527.0,1408051.95,1275133.83,0.0,1761033.17,12507562.79,2482593.15,4822438.98,0.0,30761340.87
2499,6504527.0,2477782.0,2508159.84,14887110.5,76832107.11,18269009.75,3530545.65,6528555.77,-21251.14,131516546.49
2500,6504527.0,1542354.77,1608128.0,3827637.64,18291757.21,13984572.06,2900882.54,7461759.65,0.0,56121618.86
2501,6504527.0,1159115.45,1073079.34,0.0,13964150.09,9098209.69,1988502.09,5220977.64,0.0,39008561.31
2502,6504527.0,789218.01,545072.77,0.0,477953.12,6037745.38,1342300.97,2001326.32,-62662.62,17635480.94
2503,6504527.0,2100923.17,2241205.15,0.0,72046259.66,16430444.14,3425254.49,5469892.04,-69344.89,108149160.76
2504,6504527.0,1260532.34,1153297.67,0.0,15246765.17,9589408.29,2110444.65,5376826.52,0.0,41241801.63
2505,6504527.0,2392969.81,2246163.69,0.0,73525131.18,15732449.22,3053286.29,5521162.98,-15741.03,108959949.15
2506,6504527.0,1439774.23,1327670.3,0.0,52898220.3,9164284.78,1885543.74,4175034.73,-118673.44,77276381.65
2507,6504527.0,2332639.84,2045517.51,0.0,319846.96,20572679.68,4205883.17,5726646.43,-19445.67,41688294.92
2508,6504527.0,2696760.78,1759744.2,0.0,87424.3,17728263.88,3478543.97,3716083.06,-16313.77,35955033.41
2509,6504527.0,2092754.15,1604382.41,0.0,756133.73,16395523.58,3410090.67,4148143.45,-48533.86,34863021.13
2510,6504527.0,2134856.94,1174750.73,0.0,695405.68,12306415.16,2487558.76,2313785.42,-70783.87,27546515.82
2511,6504527.0,2712809.44,1423141.46,0.0,283384.4,14697277.75,3039426.69,2626060.83,-57061.44,31229566.14
2512,6504527.0,1507924.24,1019741.73,0.0,1349306.97,10227300.49,2024906.71,4118279.75,-13810.54,26738176.35
2513,6504527.0,3506084.15,2618363.77,7653426.88,705149.84,25922983.62,5308962.92,5169731.03,0.0,57389229.2
2514,6504527.0,1592862.78,999452.7,0.0,8363992.02,15710529.48,3189018.96,5112499.63,0.0,41472882.57
2515,6504527.0,1076458.98,685016.75,1726040.71,5822525.05,10764589.84,2146584.53,4157297.85,0.0,32883040.71
2516,6504527.0,2182673.78,1671212.29,0.0,1543403.42,16377672.05,3458550.97,4295310.13,0.0,36033349.65
2517,6504527.0,1019286.07,703763.11,0.0,108063.54,7810364.69,1671673.39,2617427.34,-81267.86,20353837.29
2518,6504527.0,1121408.99,1034708.26,0.0,5675687.76,9701890.08,2124360.08,4312301.95,0.0,30474884.12
2519,6504527.0,881792.09,1017311.73,15162249.53,55939950.64,6930681.44,1562802.81,3285232.2,-152147.16,91132400.28
2520,6504527.0,2128159.39,1733460.62,0.0,863314.71,17229541.25,3607891.11,4452825.3,-21405.38,36498313.99
2521,6504527.0,1690325.13,1342289.52,0.0,16353810.22,11510930.32,2478400.96,5578026.42,0.0,45458309.57
2522,6504527.0,1048724.72,523106.28,0.0,22007023.45,3515832.27,825183.12,2576778.19,-76904.45,36924270.58
2523,6504527.0,1330163.39,1830471.84,0.0,81889068.31,10325426.49,2121760.11,6374447.14,0.0,110375864.27
2524,6504527.0,2544529.43,2033049.54,0.0,1334645.82,20665789.68,4146611.15,4592841.72,-51798.68,41770195.66
2525,6504527.0,1548621.77,1159574.29,0.0,302301.74,12046652.6,2306992.97,3301124.19,-56265.36,27113529.21
2526,6504527.0,2571677.97,1377796.14,0.0,1717421.08,20376081.14,3998199.38,4247513.38,0.0,40793216.08
2527,6504527.0,2656919.09,1943132.97,0.0,1192109.88,19879993.43,3951495.85,4493154.53,-60638.37,40560694.39
2528,6504527.0,1408592.52,1215261.73,0.0,0.0,12172003.95,2488102.81,4868322.27,-1938.67,28654871.61
2529,6504527.0,620265.86,357877.61,14768848.65,14315843.99,6202658.62,1113841.36,2976653.54,0.0,46860516.63
2530,6504527.0,2282712.7,1393770.57,0.0,656759.68,15170024.3,2990260.15,2152490.77,-131079.67,31019465.5
2531,6504527.0,2293125.45,1869736.48,0.0,53060114.91,13984065.07,2766063.66,3819603.26,-27450.27,84269785.57
2532,6504527.0,943056.71,374144.93,0.0,2338022.7,8130745.07,1715168.82,3118458.56,0.0,23124123.79
2533,6504527.0,863867.84,603870.4,0.0,54951.01,6743957.43,1473065.08,2598501.17,-72556.57,18770183.35
2534,6504527.0,2566958.22,1993642.94,4540167.43,801873.62,19766285.35,4100561.4,5645464.69,0.0,45919480.65
2535,6504527.0,2503421.39,2270247.07,0.0,73100794.16,16513767.06,3347302.38,5315897.4,-84535.63,109471420.83
2536,6504527.0,3228132.18,2820651.02,11738658.29,570038.62,27995799.11,5843353.8,5958414.06,0.0,64659574.09
2537,6504527.0,1899001.83,1220778.45,1474555.48,14555715.99,17377047.09,3655352.82,5809353.61,0.0,52496332.27
2538,6504527.0,1002618.12,662551.74,0.0,83720.0,7384395.84,1639400.26,2131735.26,-76581.64,19332366.59
2539,6504527.0,3813144.11,2622371.05,0.0,3629632.46,32700362.22,6787217.37,5759005.16,0.0,61816259.36
2540,6504527.0,1556883.68,1255944.58,0.0,5995307.26,11787398.77,2392038.9,4512136.28,0.0,34004236.47
2541,6504527.0,1922237.11,1490566.09,0.0,343652.38,15180824.91,3281765.13,3805433.71,-32041.16,32496965.17
2542,6504527.0,1037852.09,535664.05,0.0,83498.91,5657564.61,1187738.57,2073718.24,-30676.3,17049887.17
2543,6504527.0,3552931.72,2471196.2,0.0,1064063.63,24532363.83,5038460.41,3835679.19,-16055.82,46983166.17
2544,6504527.0,1347044.7,2429539.62,0.0,207186185.76,6018622.58,1293656.03,6200204.26,-290696.26,230689083.69
2545,6504527.0,2750953.18,1739070.11,0.0,392215.22,17988558.22,3523788.46,3218584.26,-64498.07,36053198.37
2546,6504527.0,1721749.03,1738786.73,0.0,68208485.78,11528660.08,2381740.36,5089453.31,-52648.98,97120753.31
2547,6504527.0,1358379.43,2638374.87,675077.44,204589327.02,8227444.33,1676001.78,6178333.14,-261304.07,231586160.95
2548,6504527.0,661965.15,159732.82,0.0,748954.11,4684239.08,1163005.83,1134138.4,0.0,15056562.39
2549,6504527.0,2753755.58,1528389.22,0.0,1988758.08,21375354.56,4483441.82,4267479.9,0.0,42901706.16
2550,6504527.0,2771018.57,2144846.64,0.0,1399870.75,21452366.88,4287375.34,4732026.46,-18524.42,43273507.23
2551,6504527.0,1281266.61,1918283.33,12375033.84,84273799.39,11190497.64,2207391.15,6540703.39,0.0,126291502.35
2552,6504527.0,1227405.48,1271593.63,0.0,55848273.72,8949103.45,1849582.42,4200779.97,-147097.98,79704167.67
2553,6504527.0,2672085.24,2194653.5,0.0,1261002.54,21725848.74,4437631.31,5601725.69,0.0,44397474.02
2554,6504527.0,1243070.76,1586245.88,0.0,70559717.13,9344537.61,1976470.97,5898551.0,0.0,97113120.35
2555,6504527.0,2216471.62,1909978.16,0.0,456731.36,19111441.0,3973371.58,5665045.58,-4950.93,39832615.36
2556,6504527.0,1364849.32,1351764.82,0.0,10665227.41,12236427.82,2400791.36,5899318.92,0.0,40422906.66
2557,6504527.0,3366654.37,998686.4,0.0,420607.39,10825155.76,2180466.8,1404294.09,-88900.25,25611491.56
2558,6504527.0,3471220.88,2315393.08,0.0,434103.52,23621789.23,4728937.43,4750098.99,-50484.89,45775585.24
2559,6504527.0,1506872.86,1197045.58,0.0,0.0,12637408.83,2604938.44,4351607.49,-66695.3,28735704.91
2560,6504527.0,3125421.77,2022613.41,0.0,202199.69,20318567.29,4048654.16,4791968.26,-13428.16,41000523.43
2561,6504527.0,1871960.73,470529.93,0.0,57005.38,6395492.72,1342580.27,812012.93,-171126.51,17282982.46
2562,6504527.0,2399058.85,2083821.95,0.0,63405319.65,15476460.97,3022399.58,4676647.45,-62241.26,97505994.18
2563,6504527.0,1248466.41,900252.79,0.0,360154.39,8905460.84,1837298.55,3094534.66,-3606.17,22847088.48
2564,6504527.0,2399805.6,1933602.01,0.0,539495.42,19810123.71,3832530.43,4255555.8,-53247.42,39222392.56
2565,6504527.0,1035921.78,613940.83,16062532.25,11088397.99,9798509.46,2019453.04,3407984.56,0.0,50531266.91
2566,6504527.0,2079144.69,2759751.57,10954567.74,143580268.49,14496447.66,2896964.93,5518425.94,-39184.22,188750913.8
2567,6504527.0,968264.53,1602768.76,0.0,74358849.9,9053350.76,1892805.18,6358515.7,0.0,100739081.84
2568,6504527.0,966293.26,1374746.87,39139397.37,59369816.77,9079296.45,1823216.73,4650290.22,-28734.99,122878849.67
2569,6504527.0,750635.73,751369.92,5169172.29,342263.54,7387183.67,1592397.05,3612020.38,0.0,26109569.57
2570,6504527.0,2363639.02,1506037.88,0.0,1378020.78,15904846.05,3162797.04,3240345.9,-100099.02,33960114.65
2571,6504527.0,2218725.6,971714.2,0.0,496297.61,11198471.4,2343243.38,2007741.72,-159759.89,25580961.03
2572,6504527.0,2615217.79,1501225.59,0.0,2120008.55,15283080.4,2932026.54,3221027.41,-52250.22,34124863.07
2573,6504527.0,1951921.71,700934.79,0.0,806896.36,11449462.54,2476263.95,2119215.5,0.0,26009221.85
2574,6504527.0,3161225.5,2432495.31,0.0,2157309.13,24702561.54,4887425.62,4855057.01,-57787.6,48642813.52
2575,6504527.0,1577898.01,1348601.1,0.0,834862.58,13880799.59,2842455.22,4692279.36,-61828.36,31619594.5
2576,6504527.0,1300679.05,742101.76,0.0,488780.07,8216002.12,1726066.68,1727245.0,-86471.69,20618930.0
2577,6504527.0,1322160.99,1036060.8,0.0,1178327.0,10422251.17,2190615.09,3894487.38,-44715.76,26503713.67
2578,6504527.0,3710652.36,2477708.05,0.0,0.0,24827201.42,4922874.03,5434998.89,-5012.1,47872949.65
2579,6504527.0,721803.22,379628.85,0.0,5891845.07,7176698.99,1547952.22,2947410.37,0.0,25169865.72
2580,6504527.0,2084029.05,1693042.92,672278.42,2839001.64,16614043.08,3474766.58,6313826.69,0.0,40195515.38
2581,6504527.0,3349310.71,3109166.76,564382.15,2436127.07,30568662.05,6204341.44,7445911.63,0.0,60182428.81
2582,6504527.0,1364245.91,1000931.72,0.0,1697980.45,9787413.48,2037018.39,3413921.26,0.0,25806038.2
2583,6504527.0,858926.69,1251413.71,27700289.71,62128008.49,7286284.27,1562732.94,4563850.71,-40374.62,111815658.89
2584,6504527.0,1787259.89,1470310.8,0.0,232448.8,15370860.76,3405089.21,3558812.59,-75367.6,32253941.46
2585,6504527.0,2543931.7,1482346.08,0.0,1104562.64,15099045.34,2950503.13,2850411.09,-53172.66,32482154.31
2586,6504527.0,2756047.88,2729969.74,4182113.81,6249223.96,26396514.23,5261505.31,7724959.0,0.0,61804860.93
2587,6504527.0,1235159.67,509619.48,0.0,7485.07,10510547.32,2281399.75,2413543.15,0.0,23462281.44
2588,6504527.0,2608516.76,3128523.21,11493906.63,82447027.05,23530457.52,4939712.99,6040854.84,0.0,140693526.0
2589,6504527.0,1588976.98,2091248.7,6043083.21,88028052.53,12627189.13,2537983.01,6325295.56,0.0,125746356.13
2590,6504527.0,1023044.37,428479.97,0.0,355739.79,8682215.46,1945021.52,2697007.55,0.0,21636035.66
2591,6504527.0,2340228.82,1241795.14,0.0,531209.95,13386912.22,2589712.44,2252632.18,-101870.02,28745147.74
2592,6504527.0,1553842.8,1705183.08,7945417.0,18664551.89,14799604.53,3057824.53,7457796.69,0.0,61688747.52
2593,6504527.0,1207401.46,1132516.65,0.0,37435203.4,8394945.11,1643484.1,3367059.2,-100624.21,59584512.71
2594,6504527.0,1731817.04,1526245.26,0.0,1014838.66,15136202.05,3261376.86,5538641.96,-24887.8,34688761.02
2595,6504527.0,1727932.46,709572.62,0.0,760136.77,7414214.38,1531176.81,1174221.3,-42457.13,19779324.22
2596,6504527.0,1726886.28,2139935.89,254365.48,75877064.98,14630623.62,2943040.75,5685359.11,-30140.02,109731663.09
2597,6504527.0,1599447.14,1102749.13,0.0,0.0,11885064.78,2288112.85,3866147.64,-85757.35,27160291.19
2598,6504527.0,1133262.26,584177.41,28294633.73,487483.82,10574478.85,2224140.67,3627230.06,0.0,53429933.81
2599,6504527.0,2220885.56,1944982.91,0.0,64089333.81,13800760.44,2656498.86,4680895.87,-57064.96,95840819.48
2600,6504527.0,3147284.64,1734683.78,3858288.53,1295984.35,24280516.91,4812143.99,5175654.7,0.0,50809083.9
2601,6504527.0,1022047.58,646249.59,5476444.33,10805531.87,10208234.21,1958609.68,3922723.83,0.0,40544368.09
2602,6504527.0,1238043.11,796763.04,23883058.51,5368290.84,11974257.45,2575101.73,4418421.79,0.0,56758463.46
2603,6504527.0,2931536.76,1989964.47,3240144.48,0.0,19899644.67,3985549.49,5472788.25,0.0,44024155.12
2604,6504527.0,2141711.05,1765228.23,0.0,1524403.79,17778005.52,3590759.65,4364652.79,-27028.29,37642259.73
2605,6504527.0,762610.99,436721.52,18339445.91,13140469.14,7626109.86,1631803.29,2966466.79,0.0,51408154.5
2606,6504527.0,870436.84,561063.08,0.0,8998.61,6559941.04,1465632.9,1946229.45,-95263.66,17821565.25
2607,6504527.0,1905724.31,1458721.17,0.0,2006262.89,14240905.98,3041216.39,4994637.56,0.0,34151995.29
2608,6504527.0,1788777.2,753960.69,0.0,987253.1,13903143.51,2906552.23,3580001.2,0.0,30424214.92
2609,6504527.0,1352969.77,1585424.2,10727448.43,18689927.31,13529697.71,2722484.14,8362543.09,0.0,63475021.65
2610,6504527.0,1400085.95,574796.13,0.0,1149001.28,10961419.47,2282263.15,2661048.08,0.0,25533141.06
2611,6504527.0,910949.46,783695.22,0.0,618643.78,8265982.67,1792722.99,3420317.3,-60724.57,22236113.85
2612,6504527.0,2230457.03,1200039.35,0.0,446092.32,13013610.78,2670947.67,1830920.71,-109201.41,27787393.45
2613,6504527.0,1298420.77,466045.99,0.0,229107.17,10161158.75,2212989.05,2418570.3,0.0,23290819.02
2614,6504527.0,1457923.35,1416674.27,0.0,46639575.67,11114703.91,2335615.33,3458669.79,-125657.76,72802031.56
2615,6504527.0,3706947.98,2903831.5,0.0,977931.38,29052248.45,5968525.95,5511133.08,-12386.72,54612758.63
2616,6504527.0,1575503.92,719764.82,0.0,1208465.46,7134207.59,1546135.55,1237499.28,-6741.83,19919361.8
2617,6504527.0,2079521.99,1400422.47,0.0,5412169.17,19513011.94,3911732.31,5521389.73,0.0,44342774.62
2618,6504527.0,1354592.09,554834.68,0.0,0.0,11797968.91,2472416.87,2935842.86,0.0,25620182.41
2619,6504527.0,1409779.61,948132.32,20413973.51,1778428.99,13983413.29,2932392.78,4798697.12,0.0,52769344.62
2620,6504527.0,1123366.82,684539.2,0.0,22070514.25,5660141.04,1188507.57,1353192.01,-84734.18,38500053.71
2621,6504527.0,2590900.4,1552215.46,0.0,1588397.09,22288842.09,4401779.42,4657811.95,0.0,43584473.41
2622,6504527.0,2159743.8,1846458.42,0.0,1182021.08,18318053.78,3823749.89,5066136.23,-12431.79,38888258.41
2623,6504527.0,1145995.33,392924.15,0.0,974297.38,8196226.23,1881540.61,2337159.6,0.0,21432670.31
2624,6504527.0,2590334.86,1109530.4,0.0,0.0,18120404.05,3620530.19,4261228.98,0.0,36206555.48
2625,6504527.0,932571.19,307971.99,0.0,0.0,7161613.76,1499190.61,1830406.78,0.0,18236281.34
2626,6504527.0,941118.2,518251.16,3121180.72,5494004.27,9094376.0,1866596.35,3437927.78,0.0,30977981.48
2627,6504527.0,3076208.78,2239299.43,0.0,627332.61,23035453.2,4724497.62,4533093.75,-74239.63,44666172.76
2628,6504527.0,1525612.74,1152817.03,0.0,142411.76,11475528.74,2318993.97,4086098.65,0.0,27205989.89
2629,6504527.0,1328632.99,644387.98,0.0,198011.09,11301737.21,2399300.12,3143450.46,0.0,25520046.84
2630,6504527.0,1687346.8,1360424.31,0.0,72957.96,13877760.0,2927343.73,4919050.8,-29750.68,31319659.91
2631,6504527.0,1827881.04,1189118.73,0.0,474495.16,11843010.62,2336289.1,4244709.34,0.0,28420031.0
2632,6504527.0,1843430.27,1380779.5,2173239.62,18195301.38,17450433.78,3671207.1,5530468.59,0.0,56749387.23
2633,6504527.0,2750873.0,2431195.48,2914235.23,76832107.11,17805376.15,3544665.87,5121852.44,-51852.13,117852980.16
2634,6504527.0,3285436.16,2260448.42,8162928.06,471046.49,29574512.96,6052439.82,6610695.42,0.0,62922034.34
2635,6504527.0,1259857.98,944501.14,0.0,853170.29,9878748.95,2099025.96,3239835.97,-61578.41,24718088.87
2636,6504527.0,2082583.04,1787568.72,0.0,806489.01,17869244.49,3614545.89,4500256.21,-6778.24,37158436.12
2637,6504527.0,3405485.07,2284453.2,2656248.3,0.0,22844532.01,4465969.96,5306828.86,0.0,47468044.39
2638,6504527.0,2321098.09,1883114.78,3797855.67,253016.85,18803590.5,3853632.0,5337247.48,0.0,42754082.36
2639,6504527.0,1448395.14,1367280.1,0.0,12097744.71,12240339.4,2564036.03,5339582.77,0.0,41561905.16
2640,6504527.0,2583687.49,1733689.67,907449.22,775387.7,24206162.87,5014790.26,6632055.71,0.0,48357749.92
2641,6504527.0,2365305.07,1213863.43,0.0,254869.35,18225476.54,3744024.09,3569507.37,0.0,35877572.86
2642,6504527.0,3286767.17,2151610.25,0.0,882509.43,21792941.73,4455111.01,4303307.79,-35903.82,43340870.55
2643,6504527.0,3690255.51,2146462.3,0.0,868856.64,21497954.02,4347200.8,4149444.32,-20155.75,43184544.83
2644,6504527.0,2603346.11,1403909.5,0.0,0.0,20615270.51,4189002.73,4005684.81,0.0,39321740.66
2645,6504527.0,3854873.16,2645211.4,0.0,1971861.14,26444266.03,5523207.14,4797988.94,-23193.83,51718740.98
2646,6504527.0,1673352.5,1061311.74,0.0,0.0,11738679.94,2381546.78,2595318.39,-112556.26,25842180.08
2647,6504527.0,1597924.83,1200442.25,0.0,177675.16,11946143.35,2544205.82,3111772.86,0.0,27082691.28
2648,6504527.0,3640832.03,2524643.48,6291702.23,1973313.84,24988033.59,4959451.73,5306180.94,0.0,56188684.84
2649,6504527.0,2852426.83,2546699.83,0.0,932811.94,25306162.18,5156596.76,6802929.93,-7193.81,50094960.65
2650,6504527.0,2021092.21,1319452.21,2583709.62,15258923.64,18359550.1,3829103.95,5613399.4,0.0,55489758.12
2651,6504527.0,1308766.18,1210050.15,0.0,5859247.74,11405990.84,2423433.08,4545564.52,0.0,33257579.51
2652,6504527.0,2603899.61,1654787.84,0.0,531386.37,17158652.71,3530295.66,3347880.96,-67764.4,35263665.75
2653,6504527.0,761844.45,400705.72,13227647.35,9640108.29,7618444.51,1658514.8,2773355.96,0.0,42585148.09
2654,6504527.0,4093585.89,2985465.38,7827897.12,1293647.27,36562437.75,7508546.03,6575007.74,0.0,73351114.19
2655,6504527.0,3201927.43,3089424.78,4362918.65,76858345.31,24244838.16,4969156.79,5418116.34,-38538.92,128610715.54
2656,6504527.0,2340598.33,918057.58,0.0,731303.7,9087860.5,1921297.97,1416430.95,-4013.67,22916062.35
2657,6504527.0,1502520.64,1813635.34,18918161.53,23987786.55,15025206.4,3100638.24,7067959.05,0.0,77920434.76
2658,6504527.0,3166476.11,2198215.8,0.0,988027.83,22200412.43,4587094.5,4648562.89,-31018.84,44262297.72
2659,6504527.0,3279277.16,2564539.05,7263835.33,926368.06,25302964.54,5248965.27,5286209.92,0.0,56376686.34
2660,6504527.0,1160455.5,582561.81,0.0,2298237.6,5180585.58,1179449.37,1916829.91,0.0,18822646.76
2661,6504527.0,1040266.84,1176807.3,0.0,11472539.4,10159889.3,2178681.77,5486771.37,0.0,38019482.98
2662,6504527.0,1871758.82,1188538.94,1986666.73,14325074.85,17222774.64,3658859.96,5373560.99,0.0,52131761.94
2663,6504527.0,3353979.34,2264345.9,0.0,1280882.89,29208881.65,6037712.65,6181442.75,0.0,54831772.18
2664,6504527.0,1484471.3,1758115.17,0.0,63862799.8,12453784.48,2543421.36,4735256.57,-107903.37,93234472.31
2665,6504527.0,3129268.02,2332940.75,0.0,1590332.34,23254918.72,4666492.86,5420330.42,-8261.91,46890548.2
2666,6504527.0,1716532.4,1024788.24,0.0,11350804.44,15798624.22,3341192.8,5017359.55,0.0,44753828.66
2667,6504527.0,2815952.37,2719850.49,16695395.36,76866343.05,20160749.82,3945085.82,5567829.22,0.0,135275733.13
2668,6504527.0,2260301.78,1378931.92,0.0,495727.48,20631176.72,4210415.16,5825059.44,0.0,41306139.5
2669,6504527.0,2431834.35,1503726.31,0.0,443559.66,15599974.99,3093519.02,3013284.05,-61672.26,32528753.11
2670,6504527.0,3098094.34,2305187.37,0.0,159553.02,23096147.5,4680082.99,5134422.98,-8315.04,44969700.16
2671,6504527.0,1113999.46,903143.78,0.0,4365019.21,8521112.46,1845945.71,4013817.33,0.0,27267564.94
2672,6504527.0,2732768.45,2789424.84,1293639.6,77016147.65,20880037.16,4154210.15,5423547.55,-2372.19,120791930.2
2673,6504527.0,1895239.71,729559.8,0.0,329836.26,7940102.48,1671399.71,1120754.81,-69358.62,20122061.15
2674,6504527.0,1392299.18,1013178.25,2825811.53,6685234.41,13922991.8,2810811.96,5494792.33,0.0,40649646.48
2675,6504527.0,3569823.5,3157959.56,0.0,2580968.74,31090977.34,6353515.63,5586512.61,-3449.42,58840834.98
2676,6504527.0,2056457.41,1052312.63,0.0,752854.64,11821171.14,2422980.76,2047382.27,-145409.58,26512276.27
2677,6504527.0,1963133.96,878074.23,0.0,350060.18,9989188.72,2101805.44,1502344.53,-133784.39,23155349.67
2678,6504527.0,3570642.26,2580808.48,3774425.43,3413496.61,25434618.79,5074871.92,5397684.11,0.0,55751074.59
2679,6504527.0,1241435.16,389526.96,0.0,884415.23,8754374.01,1903033.22,1980299.85,0.0,21657611.43
2680,6504527.0,2426036.3,2160402.89,4413407.16,0.0,21604028.92,4289221.17,6072430.58,0.0,47470054.02
2681,6504527.0,1382533.33,560114.51,0.0,163133.38,7136191.87,1502716.89,1122420.27,-158931.85,18212705.39
2682,6504527.0,2739222.03,3461770.23,10837957.81,155504094.42,20517089.86,4213243.29,5559473.32,-39938.33,209297439.63
2683,6504527.0,4354490.79,4626783.57,34854655.26,82796438.63,38545430.77,7869655.28,6160362.27,0.0,185712343.58
2684,6504527.0,1555155.8,740562.56,0.0,3669384.83,13434856.11,2754082.01,4282771.64,0.0,32941339.94
2685,6504527.0,1004771.11,1096432.89,17032130.17,8735256.96,9683487.87,1916695.95,4970464.3,0.0,50943766.27
2686,6504527.0,1501921.86,1929888.41,2571437.49,79476801.77,12028994.99,2392633.82,5852306.04,0.0,112258511.37
2687,6504527.0,2067495.4,1110357.68,0.0,1280000.28,17251924.87,3228935.85,3986884.75,0.0,35430125.84
2688,6504527.0,888736.78,726649.37,0.0,343458.47,7692429.36,1760058.08,3088114.76,-53225.42,20950748.4
2689,6504527.0,3301501.91,2514241.96,0.0,997219.74,25452087.21,5153267.51,5078195.63,-40084.64,48960956.31
2690,6504527.0,3668156.07,2541732.24,0.0,1059291.71,25285050.12,4969644.98,5610714.67,-12091.59,49627025.18
2691,6504527.0,1250866.99,1239068.07,0.0,43708721.79,9069672.67,1893952.07,3144422.04,-79300.83,66731929.79
2692,6504527.0,4701697.37,3740706.07,20893694.84,4178768.29,36735700.22,7517327.83,6246045.62,0.0,90518467.25
2693,6504527.0,2910490.35,2750200.96,6459426.86,78101512.89,20642866.59,4017154.71,5311747.75,-33762.29,126664164.82
2694,6504527.0,2307066.43,1917049.79,0.0,0.0,19306998.04,3968858.39,5549675.43,-13650.02,39540525.06
2695,6504527.0,1405418.1,994847.07,33063024.88,16622966.2,12909268.61,2489053.85,4309948.34,0.0,78299054.05
2696,6504527.0,1295450.1,990123.16,0.0,5356694.82,9121378.31,1857003.03,4515291.15,0.0,29640467.56
2697,6504527.0,2639415.25,1612582.24,2165426.51,1215721.19,23002093.15,4589666.71,5456144.66,0.0,47185576.72
2698,6504527.0,1239225.04,1242539.48,0.0,10248199.38,10945577.49,2272693.44,5417963.81,0.0,37870725.63
2699,6504527.0,2925990.39,1855137.96,0.0,388324.09,19206402.47,3834435.19,3623243.87,-69708.15,38268352.81
2700,6504527.0,1468257.55,995945.51,0.0,1342354.68,11063434.51,2272846.72,2947952.34,-123224.11,26472094.21
2701,6504527.0,1895767.43,1767894.25,0.0,4859565.27,17392335.16,3617116.21,6207628.77,-58054.26,42186779.83
2702,6504527.0,2797176.68,2165575.25,0.0,69731759.48,15729753.95,3129491.71,4718915.8,-57864.84,104719335.03
2703,6504527.0,2108104.65,1548285.05,0.0,1990390.66,15070544.23,3006203.43,5098978.76,0.0,35327033.79
2704,6504527.0,2613482.15,2091213.37,6099782.56,1515584.88,20679409.22,4223741.93,6034329.68,0.0,49762070.79
2705,6504527.0,1339185.99,1277365.3,0.0,10094709.69,11256992.6,2259423.28,5446253.49,0.0,38178457.35
2706,6504527.0,824387.61,400380.79,0.0,6760774.8,7909874.08,1713048.3,3024973.02,0.0,27137965.61
2707,6504527.0,2265905.84,1896092.24,0.0,604822.77,18977954.6,3950606.7,5742964.75,-10410.44,39932463.45
2708,6504527.0,1417364.59,1642058.81,0.0,19767570.72,13785928.88,2907236.93,7437972.91,0.0,53462659.82
2709,6504527.0,3239485.98,1923345.38,7211154.24,0.0,26258553.83,5318623.3,5405818.1,0.0,55861507.83
2710,6504527.0,3534049.73,2856011.38,0.0,2084428.08,28539304.57,5776364.44,5888405.32,-36161.21,55146929.31
2711,6504527.0,1918130.12,1229393.42,0.0,39042130.54,9588178.71,1960564.08,3104280.04,-117417.67,63229786.23
2712,6504527.0,2210866.91,1860486.51,0.0,100310.21,18738237.72,3813579.0,5586094.65,-14451.34,38799650.65
2713,6504527.0,2653735.99,2044650.32,0.0,1934061.3,20556498.69,3940430.42,5081621.54,-37043.28,42678481.98
2714,6504527.0,3992340.22,2698510.08,1205542.48,582836.56,26920666.45,5384682.45,5397358.5,0.0,52686463.74
2715,6504527.0,2860689.59,1777329.38,0.0,94572.41,24763435.67,4999283.71,5129424.36,0.0,46129262.11
2716,6504527.0,3034197.37,2931510.89,0.0,75781525.11,22992709.83,4668180.67,6625232.73,-58081.95,122479801.66
2717,6504527.0,2570669.07,1869038.72,0.0,1195405.93,19347012.36,3855903.25,4589072.7,-80593.31,39851035.72
2718,6504527.0,2073976.45,1155510.84,0.0,340530.26,18114265.73,3701368.75,4765832.5,0.0,36656011.52
2719,6504527.0,2776739.6,2507055.38,0.0,69154016.7,19899337.22,4094264.9,4502875.59,-113631.29,109325185.11
2720,6504527.0,4024183.74,2432815.48,0.0,1774875.93,24227736.49,4938057.66,5237307.7,-4836.25,49134667.76
2721,6504527.0,1011583.14,507923.33,2554887.29,1665286.75,9668713.43,2063249.86,3440248.96,0.0,27416419.76
2722,6504527.0,1785877.83,880653.25,0.0,190706.25,14642397.25,3046840.9,3772019.74,0.0,30823022.22
2723,6504527.0,2066476.43,1059410.27,0.0,448900.97,15854501.56,3136782.13,2800790.25,0.0,31871388.61
2724,6504527.0,1724558.92,1173645.17,0.0,204336.77,12394509.0,2527295.03,2826232.21,-68278.72,27286825.39
2725,6504527.0,2714352.16,1565551.15,1588786.49,667299.03,22433948.72,4560406.27,5318910.68,0.0,45353781.51
2726,6504527.0,813890.42,239365.4,0.0,504731.37,4998565.82,1097747.85,1085880.74,0.0,15244708.61
2727,6504527.0,1061343.0,522072.65,5269583.29,1060015.21,9741798.67,2100511.69,3401611.51,0.0,29661463.01
2728,6504527.0,1386241.94,924881.68,38218480.88,1201524.67,13862419.42,2807097.18,4479177.01,0.0,69384349.78
2729,6504527.0,1417230.94,1236127.16,0.0,83780.11,12351476.69,2387599.89,5176622.11,0.0,29157363.9
2730,6504527.0,1719720.24,1175197.2,0.0,0.0,12096153.66,2475459.71,3059423.43,-34418.17,26996063.07
2731,6504527.0,3112542.82,1855755.02,0.0,743576.1,24777865.83,4912159.83,3922850.77,0.0,45829277.38
2732,6504527.0,3364029.39,2681632.38,0.0,274505.25,26843517.97,5488738.27,5719848.0,-4655.82,50872142.43
2733,6504527.0,2624920.04,2429997.46,0.0,2265627.01,23877939.31,4935975.55,7545133.83,-16719.53,50167400.68
2734,6504527.0,3007932.74,1592684.64,0.0,103402.73,22913724.21,4507884.54,4901998.81,0.0,43532154.67
2735,6504527.0,1095790.42,1550067.04,0.0,66822216.73,9824981.57,1936794.79,5160824.01,-26921.22,92868280.34
2736,6504527.0,1954829.51,1011608.53,0.0,0.0,16717840.72,3335832.78,3916617.94,0.0,33441256.47
2737,6504527.0,2359090.15,1081240.1,0.0,954762.33,16677840.73,3439756.01,3355890.41,0.0,34373106.73
2738,6504527.0,1430516.51,1514008.82,6360003.92,18138057.05,13001438.57,2758089.49,6558440.94,0.0,56265082.3
2739,6504527.0,2578218.74,1402017.18,0.0,1662778.99,14480906.65,2835449.04,2824140.91,-63769.06,32224269.45
2740,6504527.0,2256799.97,2769433.66,0.0,122617649.3,16876339.9,3445687.1,5043422.69,-80889.86,159432969.75
2741,6504527.0,1863224.07,1392927.52,0.0,79403.89,14495192.89,3153520.09,3801590.1,-59526.88,31230858.69
2742,6504527.0,3075494.48,2037456.93,0.0,1793546.07,20591065.99,4035101.8,4303038.73,-50053.05,42290177.95
2743,6504527.0,2366571.02,2168614.76,4293280.53,149716.12,21673740.44,4469434.05,6412660.89,0.0,48038544.8
2744,6504527.0,3448169.55,1732095.65,0.0,753038.78,17468272.39,3500354.95,3371630.4,-22288.47,36755800.27
2745,6504527.0,2465842.2,1688105.6,0.0,1248739.93,16842561.47,3548972.31,4591515.08,-9955.74,36880307.84
2746,6504527.0,2613693.43,2157675.93,0.0,1590973.85,21589353.84,4343731.56,4971341.35,-18878.82,43752418.14
2747,6504527.0,1193930.37,1650639.12,0.0,70190266.29,9961422.62,2064319.41,6216404.15,0.0,97781508.96
2748,6504527.0,948218.25,459646.04,0.0,732667.87,4782617.03,1087256.27,2563454.21,-26444.1,17051942.59
2749,6504527.0,2519120.81,1769067.14,0.0,4051479.87,16991442.87,3374867.27,5705898.79,0.0,40916403.74
2750,6504527.0,1317355.68,688096.88,22853020.53,12620036.56,10439192.1,2291883.25,3598582.88,0.0,60312694.89
2751,6504527.0,2159278.3,1272913.57,0.0,1154800.8,13321963.78,2626207.57,2753005.1,-74246.1,29718450.02
2752,6504527.0,1717837.95,1210515.44,0.0,1080883.2,12618002.06,2588203.97,3679427.06,-68787.11,29330609.57
2753,6504527.0,1021159.9,606474.77,23392560.04,7450033.05,10211599.02,2010700.6,3747258.78,0.0,54944313.16
2754,6504527.0,2169685.08,1672860.43,0.0,64356909.92,11763369.0,2399205.72,4475732.34,-103311.1,93238978.4
2755,6504527.0,2560065.5,2402659.19,0.0,74125276.41,17857949.11,3502643.87,5206649.16,-73931.9,112085838.33
2756,6504527.0,1990374.9,1514031.51,0.0,518350.21,15113582.96,3142086.87,4486484.0,-15712.55,33253724.9
2757,6504527.0,2376720.31,1393632.51,0.0,380159.34,14514371.69,2765699.11,2916714.85,-61716.91,30790107.9
2758,6504527.0,3111803.32,2932446.11,21438984.62,14723056.87,27603151.69,5650197.51,6781685.41,0.0,88745852.53
2759,6504527.0,2055101.16,1508130.76,0.0,0.0,15560513.75,3046336.8,3764326.43,-47920.62,32391015.29
2760,6504527.0,1123180.54,364909.54,0.0,397893.07,7457454.77,1671387.37,1954378.98,0.0,19473731.27
2761,6504527.0,926461.09,940661.23,0.0,6049697.65,8469223.89,1708110.65,4897022.77,0.0,29495704.28
2762,6504527.0,1474895.05,370435.86,0.0,0.0,7764749.25,1679101.43,1444236.3,0.0,19237944.88
2763,6504527.0,1620927.8,1301263.05,0.0,494993.26,13169385.55,2608396.56,5541128.67,-33972.61,31206649.27
2764,6504527.0,773850.55,1161978.8,0.0,60391280.44,6647320.87,1370166.35,6037500.2,-101641.47,82784982.76
2765,6504527.0,3348290.05,2422689.51,0.0,2844832.01,24088628.68,4654647.38,5429478.53,-7722.13,49285371.03
2766,6504527.0,1020977.78,1575294.34,26061293.31,64782350.48,10209777.79,2028190.92,5488360.02,-37576.43,117633195.21
2767,6504527.0,1025954.35,940292.61,0.0,32811843.19,7216505.4,1501272.19,2816729.52,-107591.52,52709532.75
2768,6504527.0,2506629.45,1520822.62,600895.62,1740094.66,21726284.75,4522031.5,5621113.05,0.0,44742398.66
2769,6504527.0,2708496.54,1768660.17,0.0,887064.06,18259585.63,3585134.51,4053121.92,-68649.65,37697940.19
2770,6504527.0,1399010.53,1784228.26,0.0,70724605.48,11531225.85,2406016.19,5160705.23,0.0,99510318.54
2771,6504527.0,1604994.99,713333.69,0.0,10732678.08,12603242.15,2680625.05,3929419.16,0.0,38768820.13
2772,6504527.0,2737295.34,2654189.09,7819182.01,76897085.25,19919754.56,4079232.61,5447558.58,-40754.74,126018069.71
2773,6504527.0,1428997.26,1502499.89,3145531.32,11534647.08,13673317.47,2792173.39,6747526.01,0.0,47329219.41
2774,6504527.0,3196786.16,2327276.53,0.0,268665.98,23848880.16,4868723.07,4721798.16,-60545.84,45676111.22
2775,6504527.0,3471770.53,2406719.91,5379829.81,2260517.91,23776200.63,4858880.59,5551075.84,0.0,54209522.22
2776,6504527.0,2043753.7,1139716.06,0.0,758255.93,11643234.47,2356139.84,1454806.68,-34767.26,25865666.43
2777,6504527.0,889580.61,796760.23,0.0,787467.97,8334693.4,1646672.91,3978650.51,-65189.33,22873163.31
2778,6504527.0,3367470.9,2186179.42,0.0,1976990.13,21792456.23,4282956.17,5412535.6,-15262.02,45507853.43
2779,6504527.0,1913695.8,1598231.86,0.0,509378.6,16576565.79,3347588.25,3972743.53,-66777.56,34355953.27
2780,6504527.0,2009085.0,1104087.14,0.0,840569.53,17516140.99,3519144.5,4215601.29,0.0,35709155.45
2781,6504527.0,1840158.26,2164175.35,5866341.52,76832107.11,14810232.4,3063142.53,5909382.11,-19357.89,116970708.39
2782,6504527.0,980830.77,660404.21,42277408.7,12713470.56,9750275.42,1967894.81,3985139.29,0.0,78839950.76
2783,6504527.0,3801760.62,3084703.47,0.0,2597598.63,30459046.2,6401980.27,5452221.06,-29750.55,58272086.7
2784,6504527.0,1197616.17,3115945.39,13109109.67,255165591.21,8439086.51,1662624.99,5867243.53,-180739.37,294881005.1
2785,6504527.0,2183438.79,1187589.66,0.0,4023482.33,17699265.51,3677455.29,4561244.15,0.0,39837002.74
2786,6504527.0,1016746.1,517912.8,0.0,2205276.19,9474973.84,1926375.7,3363692.98,0.0,25009504.61
2787,6504527.0,1095167.63,808214.35,0.0,379502.77,9272629.5,1884905.91,2971516.17,-133076.68,22783386.64
2788,6504527.0,1381161.48,2882782.13,0.0,212340256.45,9406782.83,1971677.5,5857791.29,-195408.47,240149570.22
2789,6504527.0,597073.74,558325.08,0.0,707753.94,5321634.1,1117082.53,3032600.05,0.0,17838996.44
2790,6504527.0,1772372.73,1409033.41,0.0,1323243.1,13918859.21,2827980.73,5599771.7,0.0,33355787.89
2791,6504527.0,3198119.1,2402798.53,359999.37,2253745.05,23791291.54,4738915.4,5489361.15,0.0,48738757.15
2792,6504527.0,1380923.09,2043556.73,0.0,82332211.56,12635201.86,2487295.91,7302649.66,0.0,114686365.8
2793,6504527.0,983622.22,976804.82,0.0,6200496.27,8940560.56,1844676.79,5141401.8,-1178.15,30590911.3
2794,6504527.0,2502336.31,1129289.28,0.0,15768.59,12059276.25,2393958.03,1911482.09,-77221.22,26439416.33
2795,6504527.0,2038882.65,3238757.41,8022759.66,220505414.81,14035044.23,2931127.72,5775907.71,-197011.65,262855409.54
2796,6504527.0,2260716.1,1249458.46,0.0,788793.32,13205947.42,2574550.7,2998607.14,-82433.97,29500166.18
2797,6504527.0,1254826.12,395648.75,0.0,541676.5,4173765.9,948536.91,605604.2,-32319.99,14392265.38
2798,6504527.0,1612689.22,475882.75,0.0,0.0,9120461.73,1909338.24,1692319.96,0.0,21315218.9
2799,6504527.0,1437852.75,1743793.81,22989802.62,24696946.99,14378527.5,2969983.57,8032965.99,0.0,82754400.23
2800,6504527.0,1095924.19,1136274.78,0.0,13764432.65,9879899.89,1969317.49,5323737.19,0.0,39674113.19
2801,6504527.0,2600731.06,1737949.73,0.0,4283443.1,23875846.53,5005108.16,6112932.6,0.0,50120538.17
2802,6504527.0,2518439.68,2665981.49,10571954.93,78831355.59,19433305.1,3874162.17,6105730.48,0.0,130505456.44
2803,6504527.0,1539389.3,814187.13,27599352.51,0.0,13054771.34,2770314.31,3887700.78,0.0,56170242.37
2804,6504527.0,2453927.06,2245974.75,0.0,67429205.13,17124861.06,3609832.4,4999087.32,-111775.02,104255639.7
2805,6504527.0,2179388.3,1798895.99,0.0,63960324.08,13267520.54,2655201.59,4488012.24,-133671.96,94720197.79
2806,6504527.0,1310836.98,912521.77,0.0,267462.81,9026351.75,1867815.76,3804114.08,0.0,23693630.15
2807,6504527.0,3823443.89,3033907.43,0.0,231826.54,30549487.47,6212250.64,5260530.85,-27672.29,55588301.53
2808,6504527.0,2225620.34,1413849.58,0.0,985362.45,14458832.9,3016084.0,3571623.62,-45707.33,32130192.55
2809,6504527.0,2755345.12,1983474.8,0.0,10360822.49,25316956.08,5161220.15,6925645.34,0.0,59007990.98
2810,6504527.0,3512793.7,2613934.52,0.0,270636.64,26140503.1,5590734.8,4770041.62,-6493.73,49396677.64
2811,6504527.0,1072016.99,487842.5,6131339.26,771250.83,9506237.05,2016579.43,3237247.99,0.0,29727041.04
2812,6504527.0,2128620.86,1171484.87,0.0,0.0,17994075.14,3658687.28,3975413.28,0.0,35432808.43
2813,6504527.0,1604795.58,840143.04,0.0,205206.01,14624127.23,3089988.71,3313274.63,0.0,30182062.2
2814,6504527.0,1996349.37,1513591.24,9579185.19,21725038.07,19568083.9,3960840.37,7473319.82,0.0,72320934.95
2815,6504527.0,2043926.44,1322119.1,0.0,4679465.89,18623886.98,3733196.76,5173384.53,0.0,42080506.69
2816,6504527.0,2610988.84,2294053.12,0.0,1572551.12,22817537.48,4568784.65,5773465.58,-45155.18,46096752.6
2817,6504527.0,1371748.41,1194501.66,0.0,532258.41,11755413.3,2423913.61,4452611.62,-714.26,28234259.74
2818,6504527.0,2877316.3,2851873.42,4093380.43,77650686.69,21628671.71,4440519.83,5359116.39,-43762.02,125362329.74
2819,6504527.0,2774270.56,2294151.63,6166567.36,124231.92,22912828.8,4540036.42,5699979.27,0.0,51016592.96
2820,6504527.0,611277.83,436140.86,0.0,264653.83,4977522.92,1004395.48,1843546.48,-71394.19,15570670.2
2821,6504527.0,2009360.44,1330657.19,0.0,1533401.72,13353304.64,2774616.18,4475116.87,-39688.73,31941295.31
2822,6504527.0,2225702.93,1386335.65,0.0,0.0,20888456.52,4218412.59,5400222.27,0.0,40623656.96
2823,6504527.0,1000460.74,620541.78,11409449.38,10798800.66,9469445.9,1923022.04,3748404.66,0.0,45474652.17
2824,6504527.0,587114.67,381812.48,0.0,207211.41,4865070.77,1069255.77,1660222.21,-112354.03,15162860.28
2825,6504527.0,2192821.81,1300659.75,5082154.66,4776772.65,19283227.15,3866916.58,5494379.5,0.0,48501459.09
2826,6504527.0,1909805.35,1438616.09,0.0,1121627.19,14657112.51,2900645.42,3973188.45,-43045.37,32462476.63
2827,6504527.0,1888477.1,3689880.1,13871145.81,285475228.42,12458280.49,2646594.0,6123601.63,-178448.92,332479285.63
2828,6504527.0,1422265.78,1532920.09,0.0,15570741.27,13544678.37,2825151.9,6806473.98,0.0,48206758.41
2829,6504527.0,3415627.42,1843201.57,9791317.14,0.0,25457115.7,5112328.02,5797602.79,0.0,57921719.63
2830,6504527.0,2642807.16,1754874.0,0.0,847780.87,18416789.01,3534263.28,3688306.28,-95017.59,37294330.01
2831,6504527.0,2051812.24,1254858.38,0.0,564301.95,12690397.42,2903791.96,1994445.66,-28808.95,27935325.66
2832,6504527.0,2757549.8,1980405.76,0.0,3474819.02,20023109.39,3930286.96,4435907.64,-52540.3,43054065.26
2833,6504527.0,1326640.57,744918.19,23211459.83,798878.68,12066781.49,2684807.34,3956584.39,0.0,51294597.48
2834,6504527.0,923368.26,447921.59,0.0,0.0,5467985.08,1225430.7,2048110.07,-98876.92,16518465.79
2835,6504527.0,1761443.85,1166160.17,0.0,1088836.75,11475235.35,2301116.23,4095799.69,0.0,28393119.04
2836,6504527.0,1989140.28,2610805.3,12106286.28,152707955.75,13026918.91,2554237.19,5294100.2,-98641.38,196695329.52
2837,6504527.0,2945426.84,2346079.62,0.0,2861238.43,23065794.39,4921030.5,5261458.97,-25728.02,47879827.74
2838,6504527.0,1021054.95,1081256.97,0.0,43873022.49,7466090.86,1606005.62,3440762.81,-83094.18,64909626.53
2839,6504527.0,933775.69,422128.93,18959250.24,24041069.78,6609283.81,1504594.49,2953177.42,0.0,61927807.37
2840,6504527.0,2677955.68,1317029.43,146929.3,1786083.76,19981139.71,4040887.73,5233772.33,0.0,41688324.93
2841,6504527.0,3837369.94,1971054.06,1833755.43,0.0,26735640.6,5336413.3,5393841.53,0.0,51612601.85
2842,6504527.0,1523825.29,1597058.16,0.0,8407285.56,14988620.86,3064512.46,6223553.74,0.0,42309383.07
2843,6504527.0,328101.82,362844.03,0.0,17623816.23,1516868.42,358306.75,2928905.0,-13436.3,29609932.95
2844,6504527.0,2789361.06,1533064.86,0.0,338241.62,16105988.55,3273833.1,2374766.82,-81316.19,32838466.82
2845,6504527.0,2101991.98,2336113.08,1075402.59,138128696.84,11230069.14,2322778.05,5577838.56,-69910.89,169207506.34
2846,6504527.0,2818283.94,1337598.47,0.0,3722790.55,19904616.64,4027475.77,4610769.85,0.0,42926062.22
2847,6504527.0,2619776.89,1530210.05,0.0,173629.03,15723548.35,3151464.94,3305553.83,-45552.98,32963157.12
2848,6504527.0,3300803.94,2319045.89,0.0,1808129.32,22978090.58,4716108.72,5362097.0,0.0,46988802.45
2849,6504527.0,1385519.2,724380.25,0.0,677659.93,13442551.69,2714938.43,4423774.09,0.0,29873350.59
2850,6504527.0,2965237.73,2213250.25,0.0,873192.13,22023069.3,4600727.29,4896348.58,0.0,44076352.27
2851,6504527.0,1055230.99,690461.78,35595816.1,8453973.39,10552309.91,2099969.83,4069331.47,0.0,69021620.47
2852,6504527.0,1968087.22,985126.56,0.0,766033.1,15580887.5,3022427.45,3553278.21,0.0,32380367.05
2853,6504527.0,1676227.24,1028881.69,0.0,1160349.58,10220715.41,2018064.11,3534680.14,-7269.17,26136176.0
2854,6504527.0,1693416.29,659780.35,0.0,143278.82,10777797.93,2231180.62,1887935.34,0.0,23897916.35
2855,6504527.0,2477522.99,1638654.2,0.0,115488.51,16603629.8,3301212.71,3177730.85,-22899.39,33795866.67
2856,6504527.0,1356796.5,1173265.13,0.0,6328098.65,10959928.75,2323953.32,4511892.16,0.0,33158461.51
2857,6504527.0,3338206.08,2537236.84,7703689.72,2175112.6,25149282.19,5031977.61,5548711.85,0.0,57988743.89
2858,6504527.0,858488.98,991048.01,0.0,62053484.81,4691699.3,1082188.28,2079169.13,-185429.81,78075175.72
2859,6504527.0,3130857.77,2252661.1,0.0,1034166.83,22650519.28,4466579.8,5486590.02,-23823.85,45502077.95
2860,6504527.0,773873.59,804417.11,15305700.6,7400543.03,6984991.09,1427614.55,4215374.82,0.0,43417041.79
2861,6504527.0,1943315.97,1227527.38,3073779.89,12512606.31,17814158.76,3692872.59,5295785.45,0.0,52064573.35
2862,6504527.0,2993063.49,1822361.37,0.0,121589.76,18561895.98,3805216.12,3697596.78,-38322.72,37467927.79
2863,6504527.0,3765146.32,2385693.49,0.0,113273.88,23998800.4,4758434.34,5190880.45,-15125.27,46701630.61
2864,6504527.0,754273.22,253002.87,0.0,4722370.01,5125894.02,1110260.65,2241650.05,0.0,20711977.81
2865,6504527.0,1301882.22,669789.34,8382313.69,17058758.13,9794864.53,2095569.37,3309734.12,0.0,49117438.39
2866,6504527.0,748335.41,1140937.16,0.0,61053740.9,6300701.02,1463101.16,5140663.69,-84687.37,82267318.98
2867,6504527.0,2068300.51,1861486.77,5749658.96,9034601.37,17558609.82,3698715.13,5578287.32,0.0,52054186.89
2868,6504527.0,1275001.92,828864.85,0.0,0.0,9074302.78,1842218.34,2576365.38,-78565.43,22022714.84
2869,6504527.0,888118.77,922195.8,12141176.79,1171277.58,8881187.71,1715087.06,4941778.75,0.0,37165349.46
2870,6504527.0,1063275.41,742486.99,0.0,0.0,8301530.48,1762365.62,3341835.28,-87666.05,21628354.73
2871,6504527.0,2892900.37,2516486.75,0.0,57409667.72,20332529.32,4098137.75,4294270.36,-48454.93,98000064.33
2872,6504527.0,2585684.44,1986487.07,0.0,253831.77,20599848.77,4382321.18,3939144.85,-82880.53,40168964.56
2873,6504527.0,1393990.87,1474867.92,0.0,15436636.13,12943943.52,2727491.01,6117269.19,0.0,46598725.64
2874,6504527.0,2232715.03,1541050.58,0.0,0.0,15565600.02,3192300.79,5101671.72,-15509.43,34122355.71
2875,6504527.0,1009576.5,1371008.94,29257405.61,58765604.35,8933071.85,1868860.58,4153184.54,-13588.25,111849651.12
2876,6504527.0,2341393.94,1546677.77,0.0,1155342.71,15804844.18,3180800.14,4050767.87,-52233.91,34532119.7
2877,6504527.0,790972.13,481421.01,0.0,0.0,6030185.59,1094150.07,1613468.41,-121597.55,16393126.66
2878,6504527.0,2545845.95,1560750.75,0.0,1626582.49,16311651.74,3398851.52,3202618.84,-94718.1,35056110.19
2879,6504527.0,2069348.22,1214566.85,0.0,231708.25,12989648.53,2806409.69,2778042.9,-92078.54,28502172.9
2880,6504527.0,2664758.71,1752357.24,0.0,0.0,17873916.23,3620905.03,5032392.64,-35034.39,37413822.46
2881,6504527.0,863509.68,402653.38,24779536.24,3270986.97,8450562.48,1645466.31,2419367.57,0.0,48336609.64
2882,6504527.0,1122196.48,1168465.55,0.0,8760682.78,10599507.06,2268003.18,5143237.15,0.0,35566619.2
2883,6504527.0,953505.99,505227.6,0.0,0.0,5571393.34,1148907.94,2208241.26,-51911.74,16839891.39
2884,6504527.0,1427271.95,1357914.75,0.0,11225289.19,12079622.56,2670063.58,5224930.25,0.0,40489619.27
2885,6504527.0,1676326.37,1047799.19,0.0,429226.64,10854406.74,2088963.22,2978091.4,-42001.62,25537338.94
2886,6504527.0,2488620.46,1426183.06,0.0,876841.96,20894838.43,4351756.9,5174747.09,0.0,41717514.91
2887,6504527.0,991180.81,571786.15,8732861.87,10411359.69,9453683.43,2025199.72,3296927.42,0.0,41987526.09
2888,6504527.0,2408770.22,2133293.79,0.0,68067999.61,15864452.6,3207748.41,4594282.44,-92795.38,102688278.69
2889,6504527.0,3774942.6,2345165.63,232384.49,0.0,23451656.28,4629463.9,5313560.37,0.0,46251700.28
2890,6504527.0,3174711.51,2178044.8,0.0,112803.13,21896448.48,4384246.09,4648583.53,-12386.62,42886977.92
2891,6504527.0,3284493.21,2633589.44,1831041.71,1775779.2,26151426.59,5243518.3,5962074.1,0.0,53386449.56
2892,6504527.0,2810764.63,2112858.95,0.0,1528329.01,21001497.59,4122784.67,4977230.17,0.0,43057992.03
2893,6504527.0,2029601.88,1450395.88,0.0,2922101.3,13791443.8,2919803.88,5421623.19,0.0,35039496.93
2894,6504527.0,1605990.22,1113616.53,0.0,895578.98,10805120.29,2318611.26,4677554.38,0.0,27920998.66
2895,6504527.0,1695836.65,827752.81,0.0,218135.47,13509838.51,2868492.88,3307345.37,0.0,28931928.68
2896,6504527.0,1376661.62,1319946.35,0.0,6928630.37,12384433.0,2567756.72,4678834.73,0.0,35760789.81
2897,6504527.0,1986639.34,1318829.77,0.0,5381864.62,18750687.83,3787652.7,4952230.24,0.0,42682431.5
2898,6504527.0,2539630.34,1468097.91,0.0,68033.1,14891761.57,2999470.39,2750056.03,-21830.38,31199745.96
2899,6504527.0,1480331.79,1599380.18,4083664.8,17023666.95,13926747.64,2937703.11,7042972.19,0.0,54598993.66
2900,6504527.0,3275379.89,1836252.07,0.0,0.0,19205237.07,3710021.93,4226846.52,-84271.64,38673992.84
2901,6504527.0,2152212.31,1136663.38,0.0,391866.93,17480469.45,3509090.82,3742855.19,0.0,34917685.07
2902,6504527.0,1069564.39,1538472.74,58779140.09,61023328.34,10269752.5,2055792.81,5052644.8,0.0,146293222.66
2903,6504527.0,1943140.3,956386.69,0.0,1348414.0,15929915.55,3329090.97,3955597.35,0.0,33967071.86
2904,6504527.0,2386656.21,2181952.56,0.0,2802723.71,21508634.21,4229171.45,6107474.25,0.0,45721139.38
2905,6504527.0,1445396.07,1613661.71,8145141.0,17285763.11,14076769.71,2933964.59,7324803.82,0.0,59330027.0
2906,6504527.0,3222786.33,2396771.41,0.0,1447104.43,23761390.22,4959165.92,4366441.95,-13396.16,46644791.1
2907,6504527.0,1502324.15,909146.19,15458179.19,0.0,14004361.9,2959705.16,4079579.68,0.0,45417823.26
2908,6504527.0,1484870.82,1140527.72,0.0,704698.71,11648528.16,2342362.28,3898243.03,-44325.15,27679432.56
2909,6504527.0,2167804.77,1271039.15,0.0,1197168.49,13066525.76,2772496.34,2334180.59,-50452.37,29263289.71
2910,6504527.0,1149424.87,643241.22,19308723.79,73580.49,11318113.66,2266978.62,3624307.56,0.0,44888897.2
2911,6504527.0,3294955.93,2512547.86,4617302.54,1818153.73,24933966.0,4888937.71,5397103.75,0.0,53967494.54
2912,6504527.0,3220198.71,2730809.13,0.0,2687561.06,27229472.02,5295271.72,5191913.84,-21034.53,52838718.95
2913,6504527.0,3768751.2,3242429.58,18788203.39,216607.58,32344228.24,6455317.74,5500781.42,0.0,76820846.15
2914,6504527.0,2679292.75,2104559.21,10578959.48,0.0,21045592.15,4274422.9,5756529.81,0.0,52943883.29
2915,6504527.0,2779102.15,2445008.06,0.0,1884237.85,24335503.46,5053364.81,6265733.16,-17295.18,49250181.3
2916,6504527.0,3138710.22,2273147.93,0.0,3140847.03,22386812.47,4491465.47,5328557.09,0.0,47264067.21
2917,6504527.0,1423651.82,1286647.73,0.0,9571310.85,11729634.67,2547444.44,4647545.74,0.0,37710762.25
2918,6504527.0,2632948.72,1496524.76,0.0,0.0,21341209.25,4199149.67,4458105.14,0.0,40632464.54
2919,6504527.0,2693250.25,1595646.28,0.0,1044216.55,16341833.4,3372809.7,3967832.64,-50081.19,35470034.63
2920,6504527.0,1305515.41,554284.71,0.0,49240.26,9919730.93,2083384.83,2042122.26,0.0,22458805.41
2921,6504527.0,932818.51,506076.66,3532892.16,15543171.4,8561552.07,1790839.24,3358686.82,0.0,40730563.85
2922,6504527.0,1723213.35,817547.41,0.0,548302.58,13300034.35,2647237.96,2612695.55,0.0,28153558.21
2923,6504527.0,2242228.39,1482276.12,5183829.59,15681679.52,20014476.89,4157222.05,6025907.06,0.0,61292146.62
2924,6504527.0,3308732.11,2950406.26,1583563.49,451535.21,29420958.9,6175176.51,6636214.76,0.0,57031114.24
2925,6504527.0,2109757.39,2008177.78,0.0,6255631.63,19654593.48,3936978.34,6925722.21,-30326.8,47365061.03
2926,6504527.0,1533009.48,1551211.17,0.0,59236776.76,10626359.67,2210173.4,4661012.62,-96302.45,86226767.64
2927,6504527.0,2147011.75,1734873.88,0.0,2467371.59,17009737.99,3323746.63,5258589.44,0.0,38445858.27
2928,6504527.0,1410916.41,1335338.48,0.0,10035552.61,12180103.3,2620150.91,5008756.18,0.0,39095344.88
2929,6504527.0,813834.5,366432.4,0.0,814372.28,3400597.43,826966.8,1360176.05,0.0,14086906.48
2930,6504527.0,4435873.65,3955960.42,0.0,8828386.98,38003119.94,7652889.12,6515833.17,0.0,75896590.27
2931,6504527.0,2472629.7,2030169.31,0.0,0.0,20359465.11,4072684.0,5803697.69,-5777.21,41237395.6
2932,6504527.0,3127237.76,2872659.32,513269.07,3883766.49,27643193.65,5573008.71,6756059.2,0.0,56873721.19
2933,6504527.0,2442550.08,1934817.78,0.0,90987.7,19776235.37,3953889.21,4806071.19,-46169.06,39462909.28
2934,6504527.0,1771586.9,538843.82,0.0,756651.96,9645701.73,2042902.18,1813638.32,0.0,23073851.91
2935,6504527.0,1512191.04,732629.18,0.0,6252933.64,13620345.7,2765842.88,4126070.08,0.0,35514539.52
2936,6504527.0,2109790.93,817974.71,0.0,167331.59,9091450.52,1870104.39,1605014.88,-97355.65,22068838.38
2937,6504527.0,2046360.42,2055987.16,0.0,72792746.58,14253088.17,2928276.06,5317721.21,-52023.94,105846682.66
2938,6504527.0,3034852.07,1871783.89,0.0,789373.82,18962496.58,3757440.74,3850531.67,-31789.08,38739216.7
2939,6504527.0,2737631.27,1564600.79,0.0,393798.16,16426983.3,3302124.71,3263896.16,-90594.39,34102967.0
2940,6504527.0,3083289.97,2686783.29,0.0,72743058.07,20964318.12,4303563.5,5382700.02,-75916.3,115592323.69
2941,6504527.0,1047881.51,1641379.4,58659402.44,67179622.22,10413667.4,2077836.16,4909340.12,0.0,152433656.25
2942,6504527.0,1989721.02,1770992.92,1414675.83,5466653.93,16985123.37,3571626.28,6027062.55,0.0,43730382.89
2943,6504527.0,1485474.79,832576.79,8497293.28,0.0,13238667.94,2924048.92,3767707.28,0.0,37250296.0
2944,6504527.0,1509560.47,1440834.53,0.0,64299085.76,10248775.48,2314763.39,5153165.84,-179606.27,91291106.19
2945,6504527.0,1842676.78,1168742.06,0.0,15386307.33,16599936.79,3306278.22,6139170.56,0.0,50947638.73
2946,6504527.0,691590.85,905099.82,1659273.04,48408786.41,6675281.93,1452634.46,3433588.15,-206248.03,69524533.62
2947,6504527.0,2581731.79,1464009.75,0.0,0.0,21473876.5,4500648.73,4765491.9,0.0,41290285.66
2948,6504527.0,1404645.33,1246536.85,0.0,7391306.09,11601232.45,2398248.6,4622903.83,0.0,35169400.15
2949,6504527.0,2343200.24,1957818.79,0.0,56315191.73,15438795.72,3066054.82,4342317.84,-120924.39,89846981.75
2950,6504527.0,2556561.19,1538067.76,0.0,458599.05,15795170.17,3109489.73,2799549.06,-46831.65,32715132.31
2951,6504527.0,1348791.55,1485151.27,0.0,23518654.14,11830116.6,2599805.25,7324032.55,0.0,54611078.36
2952,6504527.0,1950708.89,1901706.19,0.0,68255945.19,13408912.5,2663276.4,4868782.28,-93422.14,99460436.31
2953,6504527.0,3973874.56,3252163.97,9686290.64,1463219.42,32365012.31,6604250.27,5853309.6,0.0,69702647.77
2954,6504527.0,3064591.91,2218745.07,0.0,1050741.9,22355532.28,4529461.68,4807679.57,-25158.92,44506120.49
2955,6504527.0,1920001.98,2044502.26,0.0,69147044.01,14055788.35,3026905.9,5544937.86,0.0,102243707.36
2956,6504527.0,2106487.71,1014262.52,0.0,228536.02,10835617.68,2201927.77,1995979.78,-77746.94,24809591.53
2957,6504527.0,1602714.98,1687334.47,0.0,58596125.49,11938202.32,2445995.72,4167711.73,-65838.43,86876773.27
2958,6504527.0,1412264.44,1024781.41,0.0,515234.83,10644060.56,2052091.21,3026098.37,-58669.97,25120387.86
2959,6504527.0,2438205.9,1331938.66,0.0,493982.86,14060807.0,2836094.11,3074340.39,-83640.5,30656255.41
2960,6504527.0,2868169.55,1844610.78,0.0,1544944.48,18724248.66,3715835.61,5047902.45,-42271.83,40207966.71
2961,6504527.0,1942241.44,1741520.69,0.0,718385.15,17315322.61,3390372.92,6924953.98,-6003.54,38531320.25
2962,6504527.0,2891643.43,2977639.42,9383114.31,76832107.11,22751294.18,4444865.2,5381475.28,0.0,131166665.92
2963,6504527.0,1204587.04,2345881.04,0.0,164909632.35,8434116.25,1827584.74,5212963.57,-217921.2,190221370.79
2964,6504527.0,1393369.86,1431315.62,0.0,9116580.6,13198565.42,2583569.88,6201320.11,0.0,40429248.49
2965,6504527.0,3546368.42,2273615.34,0.0,1777126.77,22529220.75,4416131.25,5038238.48,0.0,46085228.02
2966,6504527.0,1585782.02,974522.0,0.0,1642390.25,9138120.97,1982429.19,4999670.7,0.0,26827442.12
2967,6504527.0,2066981.89,2222782.63,0.0,65671814.95,16564033.8,3273729.9,4606079.48,-46010.86,100863938.8
2968,6504527.0,2171032.32,1346950.8,10263201.71,15077225.84,18731891.87,3883999.08,5380489.26,0.0,63359317.88
2969,6504527.0,1288057.03,1046033.43,0.0,206821.09,10460511.0,2181337.24,4050897.84,-1731.62,25736453.0
2970,6504527.0,1721984.04,1936437.37,0.0,67703213.71,13330420.91,2761033.85,5411736.91,-56951.8,99312401.98
2971,6504527.0,902266.74,1166249.74,6025693.37,51447366.5,8485943.67,1681470.43,3846683.12,-141487.41,79918713.15
2972,6504527.0,2738243.44,2201200.54,0.0,611319.55,22127213.29,4323517.19,5256790.43,-24575.09,43738236.35
2973,6504527.0,2935460.17,1834910.03,0.0,1738548.62,19451109.77,3637071.61,3257019.24,-128365.64,39230280.81
2974,6504527.0,1292297.55,973699.21,0.0,60620.74,10084218.18,2159223.91,3059027.54,-36963.41,24096650.73
2975,6504527.0,1812226.05,1581213.97,0.0,1325310.57,16093918.58,3379132.11,5659722.27,-42932.34,36313118.2
2976,6504527.0,1459195.63,634668.89,0.0,182666.97,6600901.33,1392692.56,1030714.41,-31322.52,17774044.29
2977,6504527.0,2709686.25,2368358.69,11432997.7,5915662.38,23023852.79,4643701.83,6163269.63,0.0,62762056.26
2978,6504527.0,1355146.87,982191.95,0.0,876146.66,9498057.53,2133821.8,3842240.62,0.0,25192132.42
2979,6504527.0,2310450.89,1224743.93,0.0,563990.43,16899191.05,3590608.31,2874978.91,0.0,33968490.51
2980,6504527.0,1672226.32,1541406.59,0.0,49491442.65,11926444.66,2542838.75,3646770.42,-110702.71,77214953.68
2981,6504527.0,2460023.72,1955071.67,0.0,2718138.81,19171842.92,3887706.6,4923726.21,0.0,41621036.93
2982,6504527.0,1023452.6,540331.95,0.0,86031.24,6224598.82,1379478.67,1847000.26,-82840.88,17522579.65
2983,6504527.0,2098308.02,1223328.9,0.0,1201972.52,18575098.43,3814115.86,4894664.76,0.0,38312015.5
2984,6504527.0,2945873.31,1840396.49,0.0,4689072.28,24880853.75,5047991.41,5874327.17,0.0,51783041.41
2985,6504527.0,1934511.43,1446114.8,0.0,154695.47,14707707.79,2968123.39,5062273.36,-30374.2,32747579.04
2986,6504527.0,2398280.21,2298162.5,1931232.52,77266650.19,16092540.58,3336631.2,5543232.06,-37600.79,115333655.47
2987,6504527.0,1916503.54,3225269.0,7035843.4,246303276.99,10602286.42,2204472.21,6365847.46,-227556.48,283930469.54
2988,6504527.0,994742.86,884694.41,0.0,1048222.79,8962358.39,1879567.37,3912878.88,-36656.03,24150335.67
2989,6504527.0,1096162.0,712850.88,41324465.75,7437005.85,10961620.03,2129844.42,3991174.31,0.0,74157650.24
2990,6504527.0,1563925.02,1757695.06,0.0,70524125.37,11601296.69,2503858.73,5396570.02,-91051.7,99760946.2
2991,6504527.0,1595530.63,1079511.51,0.0,341463.42,10849955.46,2400534.39,4246535.08,-18106.02,26999951.47
2992,6504527.0,2244357.61,1074405.13,0.0,1523384.29,10926597.01,2265070.87,1604084.41,-37957.46,26104468.87
2993,6504527.0,1173715.97,1234667.99,0.0,15481462.01,10302011.97,2188055.14,5103947.89,0.0,41988387.97
2994,6504527.0,970731.52,1007347.78,0.0,10835808.27,8719703.03,1763132.67,5300949.03,0.0,35102199.29
2995,6504527.0,2845334.6,1987666.62,2596454.33,518152.71,19685134.37,4002048.59,5350281.3,0.0,43489599.52
2996,6504527.0,1424586.94,1214771.29,0.0,4570548.57,11527343.94,2319302.36,4715106.68,0.0,32276186.78
2997,6504527.0,1454631.54,960452.05,0.0,458538.58,10321615.33,2111255.5,2363730.92,-78367.22,24096383.71
2998,6504527.0,1383791.76,1332420.2,0.0,3670558.97,12541629.24,2405489.11,5360786.64,0.0,33199202.92
2999,6504527.0,2308980.19,1313294.5,0.0,326669.01,13166163.26,2692965.16,2727205.25,-9088.11,29030716.27
3000,6504527.0,3076794.61,2307159.87,0.0,16517.45,23207918.21,4697436.42,4824374.59,-13747.13,44620981.02
3001,6504527.0,2395872.05,1597145.28,0.0,1002986.26,15912852.95,3399588.54,5189253.54,-1215.25,36001010.37
3002,6504527.0,825528.79,736312.49,0.0,588396.77,7294333.98,1527509.22,3887011.35,0.0,21363619.59
3003,6504527.0,575321.64,337398.12,3480299.05,10761538.85,5753216.43,992585.17,3004177.18,0.0,31409063.45
3004,6504527.0,945139.19,622034.27,0.0,297709.39,7112691.33,1476368.71,2072912.73,-91150.62,18940232.0
3005,6504527.0,1311723.24,1385569.74,0.0,18293760.25,11460696.68,2474761.71,6741946.23,0.0,48172984.83
3006,6504527.0,3339910.17,2155160.64,0.0,1327942.09,21791809.77,4369471.86,4603632.48,-42658.2,44049795.83
3007,6504527.0,2155993.31,1200820.52,0.0,1405927.88,12663924.24,2422374.26,2559368.71,-80545.95,28832389.97
3008,6504527.0,1923687.83,1311305.1,7321454.36,15938200.34,17876350.4,3762553.88,6096130.44,0.0,60734209.35
3009,6504527.0,1077136.54,584216.01,0.0,7657287.46,9504901.65,2273692.24,3520992.88,0.0,31122753.77
3010,6504527.0,1214537.71,774389.29,21768499.0,3093786.11,11940569.78,2637062.71,3984944.41,0.0,51918316.01
3011,6504527.0,2682355.45,1077027.41,0.0,1264396.05,16940425.54,3354322.22,3770944.64,0.0,35593998.3
3012,6504527.0,3319017.46,2095019.7,0.0,459729.64,27857290.15,5563646.38,4949478.89,0.0,50748709.22
3013,6504527.0,3647263.93,2268249.81,14286981.64,1010916.2,29621931.24,6041909.29,6153361.52,0.0,69535140.63
3014,6504527.0,965504.6,701204.09,0.0,20466506.92,4453700.58,932155.27,2347724.79,0.0,36371323.25
3015,6504527.0,3111204.28,1893438.17,0.0,231311.93,19678440.51,3886989.56,3980825.13,-77571.72,39209164.86
3016,6504527.0,2886300.44,1952999.72,1097744.45,6559317.43,25788231.03,5313676.59,6061639.6,0.0,56164436.27
3017,6504527.0,1182813.96,1113248.35,0.0,40305436.57,7754023.91,1604476.32,3423515.98,-81248.95,61806793.15
3018,6504527.0,1376256.2,1535539.07,598916.56,15709176.95,13444720.0,2732230.91,7351420.13,0.0,49252786.82
3019,6504527.0,2280673.39,1551998.59,0.0,2424802.72,15015370.22,3025923.81,4833851.85,0.0,35637147.57
3020,6504527.0,3175040.67,2210521.49,0.0,0.0,22139421.98,4371325.93,5290132.33,-3420.71,43687548.69
3021,6504527.0,1069646.85,876089.67,0.0,32332270.65,5902396.33,1194934.47,2685194.1,-45725.08,50519333.98
3022,6504527.0,3388075.59,2453423.63,0.0,817137.34,24558428.77,5023532.71,5504972.76,-22356.34,48227741.47
3023,6504527.0,3623349.27,2249469.96,0.0,703205.35,22706273.0,4453057.74,4149229.18,-33148.61,44355962.89
3024,6504527.0,1088463.76,705628.84,0.0,137097.38,7777550.34,1744739.18,2757986.34,-77193.91,20638798.91
3025,6504527.0,3008921.38,2120739.95,0.0,1549164.13,21372228.24,4168689.31,5089544.54,-33736.11,43780078.43
3026,6504527.0,2568886.68,1646509.4,0.0,1139507.72,17460711.78,3346636.99,3739515.52,-113493.56,36292801.53
3027,6504527.0,2658619.98,1670121.96,0.0,2145885.86,16446389.71,3152585.87,3105404.69,0.0,35683535.07
3028,6504527.0,887650.32,1381912.74,38517882.75,59942949.13,8876503.18,1714271.0,5402617.37,-30794.45,123197519.03
3029,6504527.0,633825.46,136887.11,0.0,0.0,4132881.58,953386.99,1041905.48,0.0,13403413.62
3030,6504527.0,2700015.04,1870636.84,0.0,2745694.73,19009615.52,3922909.34,4125294.36,-58873.71,40819819.11
3031,6504527.0,2834599.08,2199230.14,0.0,2857558.2,21916434.4,4756483.56,4299080.62,-63245.07,45304667.93
3032,6504527.0,1357226.77,1416804.63,0.0,13706274.08,12450586.75,2602183.04,5920045.15,0.0,43957647.43
3033,6504527.0,2393414.41,1516576.58,0.0,693937.65,22126155.5,4577333.51,5580998.75,0.0,43392943.4
3034,6504527.0,1866829.13,1410820.41,0.0,1121459.59,14077926.89,2959808.54,5069990.16,-4792.23,33006569.49
3035,6504527.0,2599991.44,1562051.37,2328675.17,1035293.47,22512754.81,4695428.62,5585908.49,0.0,46824630.38
3036,6504527.0,1423395.78,1336014.01,0.0,9657575.01,12231048.84,2519640.49,4908712.69,0.0,38580913.81
3037,6504527.0,2721686.34,2225907.28,0.0,432992.36,22149457.21,4560252.1,6267571.88,-2562.24,44859831.93
3038,6504527.0,2998411.99,2100677.68,0.0,94867.57,21537335.67,4503518.87,4162510.75,-53842.06,41848007.48
3039,6504527.0,2311882.63,2029292.0,0.0,59240365.92,15664781.04,3212603.29,4015274.78,-81095.39,92897631.27
3040,6504527.0,1299154.43,974978.37,0.0,20498.84,10278247.46,2193805.09,3429210.63,-53016.25,24647405.56
3041,6504527.0,3471718.46,3763406.22,16475379.64,77330401.86,30441336.02,6221125.41,5624895.77,0.0,149832790.38
3042,6504527.0,2554840.17,2281976.18,0.0,140419.73,22900197.24,4766123.66,6360009.25,-13234.07,45494859.16
3043,6504527.0,1798345.92,1346631.21,0.0,2213033.16,13134805.28,2592924.6,3632677.76,0.0,31222944.94
3044,6504527.0,915043.54,479001.14,0.0,16839516.77,8159115.76,1730822.88,3420594.69,0.0,38048621.77
3045,6504527.0,1354477.34,1307106.04,0.0,10187268.18,11813318.08,2460269.76,5281476.85,0.0,38908443.25
3046,6504527.0,2165263.46,1277124.9,0.0,1162542.24,13317409.35,2590274.2,2771935.71,-69597.19,29719479.67
3047,6504527.0,1297114.65,1236569.84,0.0,49453600.25,8812970.41,1919093.06,4050706.18,-117417.61,73157163.78
3048,6504527.0,2649764.97,1801125.72,0.0,1955544.99,24357890.93,4919620.07,6455238.76,0.0,48643712.45
3049,6504527.0,2949579.82,2324573.13,0.0,973382.52,23145780.28,4658748.28,5451305.93,0.0,46007896.96
3050,6504527.0,864014.08,1851521.97,1927184.48,126235460.28,7191672.46,1550624.97,5746079.56,-85765.1,151785319.7
3051,6504527.0,1095963.13,1267213.49,41209408.52,11067379.02,10959631.26,2138395.46,5296467.14,0.0,79538985.01
3052,6504527.0,2100460.0,1790323.68,7264750.0,1279040.72,17753700.96,3675933.1,6368931.18,0.0,46737666.65
3053,6504527.0,3001966.65,2612115.1,0.0,63277882.55,20957533.28,4275372.4,4192555.59,-73744.56,104748208.01
3054,6504527.0,2803491.37,3127395.46,9104914.19,77768141.36,24300618.19,5051561.71,6446138.81,-22766.73,135084021.35
3055,6504527.0,1027733.57,449836.05,0.0,27012373.71,3617484.28,845309.92,3642965.64,-234505.63,42865724.54
3056,6504527.0,1850466.03,1585809.11,0.0,62723643.84,11361375.31,2302613.37,4379681.93,-134532.8,90573583.8
3057,6504527.0,1631283.27,857520.34,0.0,21298.78,14218860.31,2980734.46,2858202.93,0.0,29072427.09
3058,6504527.0,1414412.72,1772340.64,0.0,73177145.59,11107101.58,2422294.09,5923283.74,0.0,102321105.36
3059,6504527.0,2669761.23,1063100.71,0.0,521295.76,16002100.98,3103203.46,2888706.3,0.0,32752695.43
3060,6504527.0,2949335.07,2298462.1,0.0,2447690.54,22600447.07,4761197.74,5362731.88,0.0,46924391.41
3061,6504527.0,3573906.95,2273378.09,0.0,1123556.34,22677088.19,4514017.08,4800713.04,-5599.48,45461587.21
3062,6504527.0,1253474.19,911826.53,0.0,77549.17,10371201.42,2214280.06,2551646.77,-125936.27,23758568.87
3063,6504527.0,3752187.8,2682079.41,10737349.41,1865541.71,26477425.71,5416249.82,5287058.14,0.0,62722419.0
3064,6504527.0,1737422.58,647990.1,0.0,92926.58,6848506.29,1427737.29,986916.36,-39267.67,18206758.53
3065,6504527.0,2674298.07,1926121.85,0.0,2125614.91,18949234.43,3687872.12,5571290.46,0.0,41438958.85
3066,6504527.0,1995849.66,1132733.66,0.0,1038379.17,11283288.6,2013994.74,1866622.22,-5669.08,25829725.97
3067,6504527.0,2673636.21,1423237.46,0.0,1358885.07,20483335.06,3893821.03,3934788.87,0.0,40272230.69
3068,6504527.0,1428156.87,1430534.69,0.0,12219700.5,12876711.2,2729084.22,5910477.46,0.0,43099191.94
3069,6504527.0,1403589.14,638624.44,0.0,0.0,12871896.47,2655566.81,3281581.81,0.0,27355785.66
3070,6504527.0,3134323.63,2287731.73,0.0,0.0,22880057.3,4652753.95,5078175.19,-274.0,44537294.8
3071,6504527.0,2064973.8,1414613.73,0.0,42780022.02,10611044.57,2055512.81,3460751.5,-80981.96,68810463.47
3072,6504527.0,2423547.56,1319553.65,0.0,2291122.69,19905858.89,4058091.31,5299116.35,0.0,41801817.44
3073,6504527.0,1755465.75,1811189.85,0.0,65157011.12,12625513.21,2666051.11,5450207.8,-91147.66,95878818.19
3074,6504527.0,1728862.68,1416998.39,0.0,40547013.58,10883580.92,2266466.94,3365406.64,-65258.28,66647597.88
3075,6504527.0,893961.4,477991.63,8481410.35,25125913.96,7279189.03,1538321.26,3059929.02,0.0,53361243.65
3076,6504527.0,3180763.78,2501476.46,2153086.76,1559655.47,24861395.22,4936938.38,5436435.7,0.0,51134278.77
3077,6504527.0,3187131.02,2458385.6,4088775.89,731199.25,24527821.83,4930163.89,5549787.19,0.0,51977791.68
3078,6504527.0,2660942.5,1792899.7,0.0,397921.2,18827258.06,3580466.05,3806321.27,-93441.63,37476894.15
3079,6504527.0,1645205.87,1112110.39,0.0,749412.7,11631208.22,2479440.81,2707830.01,-57623.69,26772111.31
3080,6504527.0,3559810.37,2746428.56,0.0,1422241.68,27416225.16,5458677.58,5518458.15,-17599.74,52608768.77
3081,6504527.0,1508884.48,1707839.78,0.0,70198863.09,10348972.8,2260605.27,5648064.74,0.0,98177757.15
3082,6504527.0,1008437.79,755426.14,0.0,123268.6,7897770.65,1726509.01,3612712.54,-38907.47,21589744.28
3083,6504527.0,2015006.03,1222227.23,0.0,501299.15,18648750.05,3985373.69,4741686.83,0.0,37618869.98
3084,6504527.0,3400364.57,2465457.05,0.0,255687.74,24776556.43,4983111.58,5342005.23,-14081.61,47713627.98
3085,6504527.0,789559.29,273150.19,0.0,206864.48,6578283.65,1473211.59,1448057.05,0.0,17273653.25
3086,6504527.0,1773855.01,1326481.64,0.0,2142611.44,14081621.92,2908950.9,4094731.89,-100961.51,32731818.28
3087,6504527.0,1070038.36,1058188.82,39031323.77,3010430.98,10302584.99,2066408.91,4391827.97,0.0,67435330.79
3088,6504527.0,1439653.0,621498.06,0.0,576220.68,11820107.35,2554428.71,2869349.43,0.0,26385784.22
3089,6504527.0,2861084.07,1916352.73,0.0,1491207.97,19866834.92,3787590.79,4057871.58,-86702.57,40398766.5
3090,6504527.0,3549155.96,2227342.47,0.0,972029.15,22374828.65,4484478.1,4853719.42,-23785.06,44942295.68
3091,6504527.0,1897605.82,2026158.17,0.0,70627509.5,14188843.76,2990786.15,5154146.43,-50449.4,103339127.42
3092,6504527.0,1444598.35,1718267.57,7798457.02,21868068.97,14445983.51,2993884.37,7449752.89,0.0,64223539.68
3093,6504527.0,3245225.9,1731963.26,0.0,481432.33,17669006.99,3514812.94,3286646.67,-39467.89,36394147.21
3094,6504527.0,945520.06,1409072.99,40915257.27,59110099.89,9122082.84,1855018.98,4632907.74,-7159.35,124487327.42
3095,6504527.0,2221262.02,1673091.6,4111681.97,2628736.86,16280418.7,3360605.9,5469416.48,0.0,42249740.53
3096,6504527.0,2459852.28,1397558.46,0.0,162950.78,14698004.91,2951201.44,2870444.34,-74147.13,30970392.08
3097,6504527.0,3247365.18,2902933.03,10446613.13,81162973.12,21513608.53,4378384.58,5776204.63,-2907.87,135929701.32
3098,6504527.0,2882396.24,1951606.56,0.0,160831.4,19889251.35,3886130.96,2908831.14,-38829.79,38144744.85
3099,6504527.0,1370612.68,652364.87,0.0,681688.02,10935025.87,2271338.91,2713327.47,0.0,25128884.81
3100,6504527.0,1126832.76,516600.41,6252070.53,6617463.38,9615068.61,1994904.19,3368388.49,0.0,35995855.37
3101,6504527.0,3242056.33,3322161.17,2667453.13,79779002.9,26327737.11,5329424.16,5678488.48,-38846.03,132812004.25
3102,6504527.0,1222562.39,1461808.31,0.0,22604301.65,11672518.63,2553145.57,7250440.56,0.0,53269304.11
3103,6504527.0,1089558.88,853799.21,0.0,599319.86,9067004.52,2011519.73,3814058.43,-62570.17,23877217.46
3104,6504527.0,934674.52,533442.74,18987293.81,13246466.64,9285830.22,1816137.21,3069347.06,0.0,54377719.2
3105,6504527.0,3488184.4,2352227.14,0.0,1207750.04,23488487.65,4803238.08,4956851.49,-30765.59,46770500.2
3106,6504527.0,1321318.64,1919966.48,0.0,141259391.88,5556129.65,1201777.13,5022273.44,-70424.55,162714959.66
3107,6504527.0,1386909.69,900105.4,30804758.48,1463057.07,13613368.78,2883663.59,4069226.06,0.0,61625616.07
3108,6504527.0,2633838.19,1625312.64,0.0,274160.17,16850785.99,3217745.59,3928810.49,-62418.43,34972761.65
3109,6504527.0,2693863.69,2686099.68,3809080.03,79490012.25,19945420.27,4084171.03,5752478.38,-37188.77,124928463.58
3110,6504527.0,2111234.63,1794501.88,0.0,962162.94,17795708.03,3533515.01,5180198.49,-19376.32,37862471.65
3111,6504527.0,1021947.04,770776.49,0.0,9106712.54,6643076.42,1394827.98,4268651.76,0.0,29710519.23
3112,6504527.0,601394.52,808845.4,0.0,44768876.22,4790481.1,1014008.98,3115385.89,-93055.13,61510463.97
3113,6504527.0,1750322.85,1421379.09,0.0,259045.18,14474591.84,2914731.17,4768196.14,-27907.44,32064885.83
3114,6504527.0,1432527.2,879141.09,26293176.15,865654.6,13464765.27,2839892.64,4398487.28,0.0,56678171.23
3115,6504527.0,2414881.49,1675780.45,0.0,1078166.4,16997596.11,3279699.17,4093304.63,-36538.97,36007416.28
3116,6504527.0,2261879.16,1443989.82,0.0,440048.11,14577876.75,2937209.07,4222034.75,-22149.58,32365415.08
3117,6504527.0,2856437.16,2725867.11,10047179.95,8065656.49,26238861.75,5308112.88,6695563.16,0.0,68442205.51
3118,6504527.0,1931808.83,1438110.79,5477504.0,19156459.71,18841821.85,3933648.69,7156169.0,0.0,64440049.87
3119,6504527.0,1237385.15,482805.08,0.0,369299.8,10758777.51,2351925.38,2775302.07,0.0,24480021.98
3120,6504527.0,3180457.23,2405469.65,0.0,1102544.46,24072939.36,4839972.68,5266233.11,-11697.83,47360445.67
3121,6504527.0,1834175.92,1469138.12,0.0,341613.45,15001464.86,3022001.52,5017002.76,-33418.16,33156505.47
3122,6504527.0,1754199.94,578236.77,0.0,763008.48,6604716.25,1153577.9,1270093.82,-107571.29,18520788.87
3123,6504527.0,2489704.54,2057894.77,325302.48,2658421.41,20271540.39,4267334.86,6435249.05,0.0,45009974.49
3124,6504527.0,921378.55,1174511.97,19189168.86,55118182.03,8206062.69,1671040.62,3826544.49,-128233.42,96483182.79
3125,6504527.0,3643128.54,2372656.4,0.0,466245.92,23798659.61,4832192.16,5111831.77,-13547.61,46715693.79
3126,6504527.0,882778.53,518009.86,0.0,0.0,6144950.49,1284616.57,2079720.13,-96485.19,17318117.39
3127,6504527.0,1301408.36,1092411.73,0.0,271945.19,10823594.51,2312094.12,4659856.01,0.0,26965836.92
3128,6504527.0,1163562.6,665444.79,0.0,4681521.35,5860727.51,1284249.56,3491746.57,0.0,23651779.38
3129,6504527.0,3569915.01,2058021.97,0.0,728782.72,20817482.79,4254678.64,4250537.09,-32837.77,42151107.46
3130,6504527.0,1087756.89,606030.61,0.0,3331046.84,9758162.71,1999059.89,3316404.12,0.0,26602988.06
3131,6504527.0,3983499.79,3548409.36,15985182.51,77918126.39,28316031.48,5780288.0,5499610.08,0.0,147535674.61
3132,6504527.0,1450981.43,1714256.1,17385808.63,20970847.92,14509814.33,3007514.07,6899469.13,0.0,72443218.6
3133,6504527.0,2248390.7,2833209.33,14535150.57,153209424.95,14571522.2,2787125.48,5701659.02,-36626.86,202354382.39
3134,6504527.0,1237193.88,1629462.62,1684155.43,81213392.97,8808417.78,1826274.51,6333309.58,0.0,109236733.76
3135,6504527.0,1555523.08,1201519.78,0.0,1395343.15,12369343.66,2469932.39,3458418.45,-52051.23,28902556.28
3136,6504527.0,3301080.15,2608415.31,0.0,2908361.9,25862381.93,5051035.69,5802549.9,-3407.48,52034944.41
3137,6504527.0,1200927.21,1260447.56,667035.44,19582052.84,10495816.19,2201940.05,6137265.81,0.0,48050012.1
3138,6504527.0,1287056.13,508475.33,31468151.92,6705910.78,9401240.83,1992599.56,2934329.81,0.0,60802291.36
3139,6504527.0,2121385.65,1112521.96,0.0,1246091.28,11822774.02,2379244.81,2436901.69,-85979.21,27537467.21
3140,6504527.0,1319688.91,825038.62,28241593.34,4499929.0,12456744.92,2627137.0,4023790.49,0.0,60498449.28
3141,6504527.0,1383988.25,952472.36,29412129.78,5377385.3,13839882.46,2802546.88,4504473.93,0.0,64777405.95
3142,6504527.0,2132938.4,2053990.51,0.0,7632444.39,19807486.99,4092738.84,6388291.91,-15991.0,48596427.04
3143,6504527.0,2029012.4,1763133.15,0.0,231183.93,17563211.6,3722802.56,6068657.58,0.0,37882528.21
3144,6504527.0,1093458.87,679853.58,0.0,994578.9,6554564.41,1535595.12,3706062.76,0.0,21068640.65
3145,6504527.0,3534602.1,2376906.81,0.0,699680.48,23832402.06,4831905.88,4996893.49,-17975.62,46758942.2
3146,6504527.0,1898624.62,2397159.53,6543602.86,78573556.17,17342176.48,3608289.41,6671537.61,-67176.09,123472297.59
3147,6504527.0,1533126.05,1283083.52,0.0,8228495.7,11868821.23,2595457.24,4500338.98,0.0,36513849.72
3148,6504527.0,2291260.85,1383192.41,0.0,689115.79,14574387.29,2936124.4,2577735.99,-80306.6,30876037.13
3149,6504527.0,1576022.44,1737873.36,0.0,59088484.41,12928741.1,2662359.02,4739633.65,-120048.6,89117592.38
3150,6504527.0,1109693.83,998006.26,0.0,43174.88,10130531.4,2177960.03,3592787.29,-16486.12,24540194.56
3151,6504527.0,3225120.85,2197296.11,0.0,0.0,22497166.92,4497108.66,4592288.37,-52420.58,43461087.32
3152,6504527.0,2996569.43,1997282.11,0.0,1303591.27,20268559.35,3842783.67,4548814.27,-45413.64,41416713.45
3153,6504527.0,1363867.72,946130.76,0.0,0.0,9961077.05,2014704.2,2806121.7,-49976.95,23546451.5
3154,6504527.0,1026953.81,742656.85,0.0,118032.59,7788800.29,1698211.1,3550195.61,-40586.18,21388791.08
3155,6504527.0,1996875.59,837919.76,0.0,1254863.74,12555865.27,2562823.2,2132397.89,0.0,27845272.46
3156,6504527.0,1175722.68,753430.83,24158923.27,4445606.44,11553389.55,2711643.86,3782532.3,0.0,55085775.93
3157,6504527.0,2433265.51,1292648.02,0.0,133158.25,13671982.39,2633075.94,2611017.16,-75719.41,29203954.86
3158,6504527.0,1747664.87,982266.27,0.0,909467.22,10374175.36,2181838.49,3132860.24,-69535.71,25763263.73
3159,6504527.0,2922136.51,1616378.93,0.0,6222451.7,22393793.68,4397891.75,4920927.64,0.0,48978107.19
3160,6504527.0,2788811.01,2963238.7,7256035.71,76874457.11,22729070.44,4605766.23,5425403.78,-13743.79,129133566.19
3161,6504527.0,2832617.19,1740112.88,0.0,767601.03,17822419.49,3651406.26,3875412.83,-49829.21,37144267.47
3162,6504527.0,2747365.27,1652028.04,0.0,607235.73,17232461.67,3420335.19,3018823.41,-77948.11,35104828.21
3163,6504527.0,1384185.82,1670671.31,14526382.76,22211305.95,13841858.22,2828032.69,7257636.43,0.0,70224600.19
3164,6504527.0,2359592.09,1838395.87,0.0,1000650.37,18314972.65,3832036.35,5192750.38,-24963.11,39017961.6
3165,6504527.0,945529.46,1347000.35,0.0,59972728.22,8618388.38,1822080.87,5449014.88,-110134.86,84549134.29
3166,6504527.0,2647901.48,1850044.69,4764698.68,7850982.62,24424633.83,5148828.13,5750421.55,0.0,58942037.98
3167,6504527.0,672644.14,133905.28,0.0,0.0,4589058.05,1054165.83,890426.75,0.0,13844727.05
3168,6504527.0,1394928.56,426473.96,0.0,248605.74,5312545.43,1190818.8,1563700.99,-110263.07,16531337.41
3169,6504527.0,1943210.88,1338445.74,1770706.51,0.0,13384457.36,2735726.41,5458431.55,0.0,33135505.44
3170,6504527.0,2098354.18,1158891.23,0.0,206897.29,17766986.04,3669094.43,3931725.65,0.0,35336475.82
3171,6504527.0,1091917.34,687889.81,19955573.93,5784958.75,10919173.44,2118972.27,3887177.24,0.0,50950189.79
3172,6504527.0,1390522.35,1280778.99,0.0,7520432.78,11870499.91,2432378.04,4916961.85,0.0,35916100.91
3173,6504527.0,2093589.97,1374159.42,0.0,10423149.08,19507010.32,3929974.6,5323296.38,0.0,49155706.77
3174,6504527.0,3130461.95,2120026.31,1745522.62,2466697.65,27659151.25,5580837.35,5747368.53,0.0,54954592.66
3175,6504527.0,1341277.68,1231706.09,0.0,11251340.38,10707181.8,2296891.94,5663603.92,0.0,38996528.81
3176,6504527.0,3698025.59,3338403.27,0.0,6915259.11,32205420.12,6424385.91,6364103.29,-13933.02,65436191.27
3177,6504527.0,1298150.16,1392780.16,0.0,55358018.75,9421052.34,1864832.26,4585116.3,-110848.6,80313628.37
3178,6504527.0,2260647.54,1325424.88,0.0,361745.36,20237056.29,4102882.85,4421708.32,0.0,39213992.24
3179,6504527.0,1742547.23,1669930.38,0.0,65014064.35,11872852.43,2425256.94,4850304.27,-127918.49,93951564.11
3180,6504527.0,1222854.67,455007.48,0.0,833935.71,8602332.7,1875628.33,1870002.66,0.0,21364288.55
3181,6504527.0,2404537.35,2073551.11,0.0,71300880.92,14565398.72,2936628.27,5131507.35,-46820.2,104870210.52
3182,6504527.0,2679490.37,1806796.56,0.0,318252.9,18569415.81,3744094.51,3279790.98,-53285.85,36849082.29
3183,6504527.0,990119.87,590174.58,0.0,6998252.08,9744514.96,1955678.8,3945177.27,0.0,30728444.57
3184,6504527.0,2739206.18,1908026.8,0.0,0.0,19428678.14,3801607.31,3724400.58,-34841.01,38071605.0
3185,6504527.0,1015446.56,670421.37,0.0,131012.35,6985101.76,1568332.82,2966813.42,-32931.59,19808723.68
3186,6504527.0,3581390.39,2450673.52,0.0,2255884.55,31135984.62,6476564.43,5955325.86,0.0,58360350.37
3187,6504527.0,3427987.14,2095339.08,0.0,482314.08,21913368.04,4462865.5,4402471.29,-101636.58,43187235.54
3188,6504527.0,2158115.17,1296598.03,0.0,783698.29,13178548.72,2500537.03,3249682.5,-28596.59,29643110.17
3189,6504527.0,3849335.11,2585462.82,0.0,919433.12,32764065.71,6796512.94,5466264.05,0.0,58885600.75
3190,6504527.0,2068435.15,1240057.92,0.0,8729555.35,17921366.38,3707806.9,4587185.6,0.0,44758934.3
3191,6504527.0,2849569.19,2482611.99,6604655.26,78161981.5,18114166.49,3655395.74,5298765.34,-46117.18,123625555.33
3192,6504527.0,2213452.01,1373409.53,6240677.99,3380759.67,20248667.68,4059136.94,5404570.25,0.0,49425201.08
3193,6504527.0,2879555.61,3134015.87,16284328.09,78171805.25,24158431.28,5011094.7,6156128.36,0.0,142299886.17
3194,6504527.0,899335.51,1255898.14,7696355.17,53381597.24,8788197.49,1734301.79,4520499.78,-142254.41,84638457.71
3195,6504527.0,3310193.79,1698596.54,0.0,909372.57,17128791.31,3495133.02,3099655.03,-29753.93,36116515.31
3196,6504527.0,2756720.43,1785326.5,0.0,1600585.28,18836505.11,3802826.62,2866286.8,-114709.87,38038067.86
3197,6504527.0,2575030.91,2257535.27,0.0,63419549.78,17252156.09,3426143.72,4620572.6,-79443.23,99976072.15
3198,6504527.0,1238563.32,599030.61,8945891.7,3013454.73,10691421.74,2208559.47,3161604.81,0.0,36363053.37
3199,6504527.0,2119512.21,1537921.64,12825077.67,14500816.33,20739344.09,4247862.31,6327028.02,0.0,68802089.28
3200,6504527.0,3873825.65,2543600.73,3807838.77,2073165.56,25197469.46,4984687.85,5592964.44,0.0,54578079.47
3201,6504527.0,2513516.78,1597310.52,0.0,1911225.98,22789686.19,4697732.07,6395199.13,0.0,46409197.67
3202,6504527.0,2703201.95,1500033.36,0.0,1082406.56,21373651.63,4296188.18,4601776.23,0.0,42061784.92
3203,6504527.0,1417330.54,1487153.16,0.0,11924268.41,13497453.37,2732415.79,6128079.34,0.0,43691227.62
3204,6504527.0,1895605.92,1814467.69,0.0,65028622.96,13279349.34,2836815.13,4606623.2,-119617.02,95846394.22
3205,6504527.0,2261024.01,2977511.59,10881359.74,85925259.23,22012119.74,4463950.31,8120688.92,-27221.68,143119218.87
3206,6504527.0,998409.87,1466324.87,28179764.79,59836624.24,9672158.61,1907778.97,5311161.69,-9916.4,113866833.63
3207,6504527.0,2240925.5,1720928.84,0.0,15548.0,17524718.21,3595962.65,4061674.98,-32117.7,35632167.49
3208,6504527.0,3203076.3,1929906.54,0.0,2293124.9,26144393.15,5231902.71,5534385.63,0.0,50841316.23
3209,6504527.0,1445879.62,491290.0,11264480.9,5538704.92,8864428.37,2065374.48,3147784.94,0.0,39322470.23
3210,6504527.0,3610492.95,2422349.22,9723349.18,0.0,24223492.17,4649656.58,5328238.35,0.0,56462105.43
3211,6504527.0,1213125.92,1419934.7,0.0,61048202.14,8985495.2,1927792.2,4570686.24,-55190.06,85614573.34
3212,6504527.0,1944270.47,1449581.06,0.0,2964787.57,13766493.53,2903643.41,5458222.61,0.0,34991525.65
3213,6504527.0,1989181.56,1268196.78,0.0,1152067.85,13224062.33,2834231.59,2330092.34,-70359.4,29232000.05
3214,6504527.0,1352053.56,783980.54,0.0,992955.12,8514199.05,1716314.23,2141925.55,-92988.95,21912966.12
3215,6504527.0,1851306.16,1416764.01,0.0,0.0,14287868.54,3005488.23,4474955.03,-12022.84,31528886.12
3216,6504527.0,1636687.75,1785792.18,0.0,63382530.68,12113689.98,2480437.32,4992222.33,-39893.94,92855993.29
3217,6504527.0,1333000.19,2014316.43,2058245.35,88119882.39,11798382.3,2493538.67,6388618.69,0.0,120710511.02
3218,6504527.0,1404415.33,1393528.46,0.0,4963568.01,13033027.13,2621710.68,5394815.09,0.0,35315591.71
3219,6504527.0,1436112.52,587992.18,0.0,98340.8,10630882.2,2258159.51,1886588.65,0.0,23402602.86
3220,6504527.0,2657158.09,2835196.06,8335393.85,78521062.23,21231307.51,4302661.12,5529622.13,-27683.91,129889244.08
3221,6504527.0,1931472.27,1272121.43,0.0,1353981.87,12501226.31,2563213.17,2986822.35,0.0,29113364.39
3222,6504527.0,2473168.39,1687537.64,0.0,61367.97,17326637.36,3432075.64,3766575.86,-45634.66,35206255.21
3223,6504527.0,575439.4,866325.14,250559.5,48766352.29,5754393.97,1263211.35,4188541.32,-186378.09,67982971.89
3224,6504527.0,1482555.18,629696.49,0.0,715474.18,11717748.41,2480856.96,3070593.02,0.0,26601451.24
3225,6504527.0,2714497.76,2521901.9,7871232.28,6702141.9,24330445.26,5024368.42,6430993.28,0.0,62100107.81
3226,6504527.0,926209.58,1305042.86,41773022.82,58765604.35,8137528.56,1653101.13,4141522.6,0.0,123206558.9
3227,6504527.0,1696692.6,943388.45,0.0,9807819.62,13597460.47,2700020.97,3883093.19,0.0,39133002.3
3228,6504527.0,1243738.16,1079429.72,0.0,41277192.98,7805715.31,1582207.2,3278742.8,-120920.71,62650632.46
3229,6504527.0,1775173.79,1247273.46,0.0,1133236.77,13302257.36,2874428.15,2934378.69,-98339.42,29672935.81
3230,6504527.0,2674487.54,1388286.02,0.0,1006372.69,20008097.14,4165746.6,4037871.85,0.0,39785388.85
3231,6504527.0,1915427.81,1474624.16,0.0,959924.68,15201907.55,3168441.61,3819099.7,-57739.49,32986213.04
3232,6504527.0,1168167.86,1593933.5,0.0,77010138.62,10320262.83,2359818.65,5988791.9,-172795.65,104772844.72
3233,6504527.0,932491.47,355367.33,0.0,80669.52,8436754.36,1827872.8,2401703.44,0.0,20539385.92
3234,6504527.0,2517326.97,1655894.14,1313524.58,593397.51,23542642.01,4852246.91,6119372.45,0.0,47098931.57
3235,6504527.0,3505842.59,1923727.55,0.0,939254.78,19498063.01,4039271.25,3956865.15,-37140.69,40330410.63
3236,6504527.0,867862.57,850316.19,13688245.23,602227.62,8280552.38,1806887.47,3739145.87,0.0,36339764.34
3237,6504527.0,2623466.62,1975739.04,0.0,61468610.15,15169352.3,2958991.42,4410950.13,-123922.85,94987713.82
3238,6504527.0,1270015.56,200995.38,0.0,485577.38,2857654.43,817291.53,235290.74,-91320.64,12280031.38
3239,6504527.0,1938528.05,1579526.23,0.0,454457.36,15802629.64,3189918.75,4669644.82,-7538.7,34131693.17
3240,6504527.0,2824421.62,1899087.6,0.0,5064419.58,25065982.92,5198661.33,5687699.16,0.0,52244799.2
3241,6504527.0,860174.43,338035.18,0.0,182830.11,3822093.37,873756.52,631165.72,-47663.53,13164918.79
3242,6504527.0,2870775.26,2229749.99,0.0,1414686.1,22727064.39,4576115.63,4838492.45,-64821.25,45096589.57
3243,6504527.0,2621576.24,2430487.72,7733076.48,76928369.54,17558869.79,3613167.85,5257350.76,-31467.54,122615957.83
3244,6504527.0,2618639.0,1980675.79,6224637.61,10969085.07,25213438.41,5190497.99,6765335.97,0.0,65466836.84
3245,6504527.0,2472527.84,1352621.85,0.0,0.0,14062431.94,2731882.74,3408135.03,-53621.34,30478505.06
3246,6504527.0,3260469.21,1786318.48,0.0,0.0,18956361.13,3779718.47,3761188.49,-109317.63,37939265.13
3247,6504527.0,1180441.05,1718977.94,2960807.15,82425503.11,9288902.9,2090431.11,6351032.68,0.0,112520622.95
3248,6504527.0,1018391.54,1068264.85,25556603.69,3835812.24,9951086.67,2027015.1,4275777.81,0.0,54237478.89
3249,6504527.0,1984751.4,1007368.56,0.0,1356865.93,15707370.34,3107005.04,3264238.48,0.0,32932126.74
3250,6504527.0,1428106.72,1414314.54,0.0,16220044.22,12246819.51,2533218.9,6066475.86,0.0,46413506.76
3251,6504527.0,1317000.41,1031566.33,0.0,2003247.0,10024990.97,2146730.19,4096817.43,0.0,27124879.33
3252,6504527.0,1559708.17,1144906.47,0.0,1186209.53,11358279.12,2254630.74,3562428.95,-5649.34,27565040.64
3253,6504527.0,2009031.13,1559056.12,0.0,2339272.33,15361529.62,3118522.5,4734917.84,-2785.19,35624071.35
3254,6504527.0,2872678.16,1965659.88,0.0,1454330.55,20270088.9,3983822.52,4564990.2,-75991.12,41540106.08
3255,6504527.0,1375616.0,1492167.03,9295779.81,11918899.27,13362205.01,2642161.36,6406828.95,0.0,52998184.43
3256,6504527.0,3400604.32,2349387.12,0.0,0.0,23586434.59,4659464.82,5056420.01,-9256.34,45547581.52
3257,6504527.0,2234109.47,1801769.36,0.0,844166.61,17911093.04,3528202.03,5331195.62,0.0,38155063.12
3258,6504527.0,2106680.12,996294.83,0.0,64972.73,16009649.61,3383247.14,3191955.16,0.0,32257326.59
3259,6504527.0,1492006.2,1964433.73,0.0,116445960.72,9163906.69,1885290.34,5207034.19,-122120.57,142541038.3
3260,6504527.0,3664237.77,2138072.94,0.0,617530.38,21621385.23,4394767.95,4220291.05,-32115.22,43128697.09
3261,6504527.0,3582886.08,2191651.69,0.0,309174.36,22109855.35,4460611.73,4659761.22,-25138.13,43793329.29
3262,6504527.0,2309435.72,1521717.42,0.0,0.0,15986001.03,3229943.42,4301336.6,-76882.68,33776078.51
3263,6504527.0,1090614.89,575695.68,0.0,122974.74,6533713.91,1306352.1,1598004.16,-80222.33,17651660.14
3264,6504527.0,2640806.45,1774302.65,0.0,523006.69,18246202.72,3807923.79,3657544.21,-60866.62,37093446.88
3265,6504527.0,2210166.01,2032383.2,4209619.87,3395547.55,19805644.88,3942951.13,5870767.18,0.0,47971606.83
3266,6504527.0,1180341.57,1131024.79,2440521.64,17823683.6,9386745.59,1920273.6,5925543.17,0.0,46312660.96
3267,6504527.0,1623093.44,759705.7,0.0,765812.69,13811187.05,2820672.09,3879177.82,0.0,30164175.78
3268,6504527.0,1881123.47,1059292.73,0.0,393068.99,11169892.92,2375227.11,2255604.71,-66726.84,25572010.09
3269,6504527.0,2139056.99,2279062.66,0.0,73505464.57,16226381.82,3286339.2,5420010.2,-32621.12,109328221.33
3270,6504527.0,980059.95,673823.75,13327496.39,13124286.04,9800599.53,1969755.56,3961529.05,0.0,50342077.29
3271,6504527.0,2082192.91,2100843.3,0.0,65843499.12,15205204.95,3013158.35,5188877.24,-66994.83,99871308.05
3272,6504527.0,2690773.13,1869620.23,0.0,2290129.44,25453557.51,5275141.48,6016126.13,0.0,50099874.92
3273,6504527.0,1284649.25,1723370.55,1741654.24,80399511.21,9718684.24,2113875.76,6488064.74,0.0,109974336.98
3274,6504527.0,590821.55,155607.92,0.0,0.0,4732584.49,1023658.03,913799.2,0.0,13920998.2
3275,6504527.0,1448518.71,1249641.36,0.0,767774.56,12774312.39,2582656.23,4241638.14,-47793.93,29521274.46
3276,6504527.0,2525782.98,1996959.87,0.0,373061.11,20244065.92,4245206.74,5008459.01,-41236.69,40856825.94
3277,6504527.0,1407712.3,1382057.5,0.0,9269039.85,12721236.07,2534884.28,5576157.94,0.0,39395614.94
3278,6504527.0,2452587.9,1453024.51,0.0,326507.73,14903800.47,2991322.32,2620921.55,-49424.69,31203266.78
3279,6504527.0,1259640.13,1357700.85,0.0,57795452.85,8409393.41,1717752.01,4706567.57,-56117.7,81694916.12
3280,6504527.0,1300800.05,1359404.02,0.0,66067082.52,7639028.92,1643333.48,5048222.48,-34455.11,89527943.35
3281,6504527.0,3392753.09,2228680.09,0.0,0.0,22380588.47,4360501.08,4387135.78,-9378.76,43244806.75
3282,6504527.0,1050730.23,1746074.34,56506949.32,71890393.71,10507302.27,2108488.2,5608347.4,0.0,155922812.47
3283,6504527.0,2689408.33,1520327.14,0.0,1149305.23,22094003.25,4585777.39,5890534.96,0.0,44433883.31
3284,6504527.0,1083424.09,766760.22,0.0,115605.74,7680126.78,1678153.34,3564357.82,-5525.75,21387429.24
3285,6504527.0,1299943.01,521042.07,30224171.78,9116516.09,9367789.87,1964690.22,3018480.83,0.0,62017160.88
3286,6504527.0,3965623.58,2780052.58,0.0,1744622.44,27813248.21,5296686.82,6099966.6,-23419.95,54181307.28
3287,6504527.0,2368941.74,1706768.6,0.0,1276853.48,16918206.96,3448093.35,4377878.65,-1027.58,36600242.19
3288,6504527.0,2369211.95,1504461.45,0.0,1943878.39,16017323.33,3017960.64,3201557.22,-115956.83,34442963.14
3289,6504527.0,1382390.55,855793.5,63979452.73,2749633.52,12964596.04,2748898.37,3904175.39,0.0,95089467.11
3290,6504527.0,618277.59,357445.02,15619867.29,14384309.43,6182775.9,1108601.86,2953251.18,0.0,47729055.27
3291,6504527.0,3506490.62,2229363.77,0.0,1837113.25,28627476.19,5767861.28,4797466.32,0.0,53270298.43
3292,6504527.0,1930530.79,1032415.65,0.0,0.0,15383239.22,3336330.48,3013333.35,0.0,31200376.49
3293,6504527.0,977752.74,1060955.85,7399389.0,52254486.76,7483129.08,1609634.71,3462306.91,-144314.91,80607867.15
3294,6504527.0,2038079.63,1821592.31,0.0,2596522.6,19174422.79,3742875.76,5611135.4,-141815.69,41347339.82
3295,6504527.0,978377.53,648854.71,0.0,27701987.89,4949991.95,1083461.03,2863329.83,-148341.71,44582188.24
3296,6504527.0,2070496.04,1387707.72,0.0,10667211.81,19547797.58,3905772.62,5450084.79,0.0,49533597.55
3297,6504527.0,5055265.31,3904773.24,14767799.74,1347870.61,38952651.39,7962300.8,6000871.06,0.0,84496059.15
3298,6504527.0,1282268.33,1734882.44,0.0,70269616.51,11090961.62,2322067.74,5650143.89,0.0,98854467.53
3299,6504527.0,1733063.46,2118743.27,5644637.54,77309381.89,14931073.94,3079346.91,6230796.94,-80829.36,117470741.58
3300,6504527.0,1255427.31,785984.65,31210886.21,9980011.24,11309682.63,2488288.81,4182649.61,0.0,67717457.46
3301,6504527.0,2416314.54,1759596.31,0.0,336776.29,17914387.61,3721308.71,5569952.84,-44291.17,38178572.11
3302,6504527.0,1163120.7,1432616.71,0.0,22054673.36,11351926.32,2441928.19,7152910.49,0.0,52101702.76
3303,6504527.0,2425522.83,1812774.18,0.0,0.0,18151786.83,3666980.45,5677827.61,-2404.5,38237014.41
3304,6504527.0,1494652.19,1033151.85,0.0,588800.96,10113871.99,2038829.74,3915053.88,0.0,25688887.6
3305,6504527.0,1639258.47,635350.78,0.0,399164.19,6631120.4,1450585.2,1015930.21,-35738.97,18240197.27
3306,6504527.0,1776520.38,1193660.58,8264299.86,15693917.51,17017753.18,3460135.43,5678844.35,0.0,59589658.28
3307,6504527.0,1929267.47,2164487.2,0.0,111591069.29,11689216.93,2351355.25,4747842.77,-105267.36,140872498.54
3308,6504527.0,1165809.11,1474714.91,0.0,73263150.95,8183252.07,1669176.21,6009161.66,0.0,98269791.91
3309,6504527.0,1978354.46,1683415.01,0.0,622925.46,16874201.11,3512772.89,6138021.4,-14904.67,37299312.66
3310,6504527.0,2417280.41,1199919.3,0.0,1759596.9,12777358.92,2433563.55,2573526.62,-94596.74,29571175.95
3311,6504527.0,1755891.9,1340878.79,0.0,586974.61,13616068.78,2839301.98,4471740.08,-38562.1,31076821.03
3312,6504527.0,1236099.57,1391638.07,0.0,19619197.0,11295377.62,2357430.1,6866929.86,0.0,49271199.22
3313,6504527.0,1329444.48,1668814.69,0.0,63215759.66,11242884.59,2208460.6,5299377.85,-76427.0,91392841.85
3314,6504527.0,1484772.54,1572067.45,5257412.79,17834858.16,13635556.65,2893692.67,7456633.39,0.0,56639520.64
3315,6504527.0,1177348.06,944044.08,0.0,268765.93,9354302.44,1990720.15,3374821.58,0.0,23614529.25
3316,6504527.0,2976626.39,2155896.64,0.0,604454.42,21689844.75,4451975.58,4738527.75,-19000.67,43102851.86
3317,6504527.0,2197563.0,1622663.55,0.0,30534.53,16873859.17,3426178.6,4239740.18,-64937.77,34830128.27
3318,6504527.0,1641518.17,1564253.79,0.0,60757096.37,11167632.07,2275917.84,4383743.07,-126731.54,88167956.78
3319,6504527.0,836842.01,1199322.76,0.0,91038814.02,2734432.27,754271.31,4676073.9,-194997.44,107549285.83
3320,6504527.0,3554790.81,2664437.18,7651651.58,1710417.05,26468908.98,5288069.37,5670569.2,0.0,59513371.18
3321,6504527.0,3531276.17,2687854.54,0.0,1687093.41,26566080.23,5723201.45,4452698.37,-11439.4,51141291.76
3322,6504527.0,2013477.09,2406489.33,8524974.98,183828295.1,6872390.69,1454162.53,5570201.28,-73284.62,217101233.39
3323,6504527.0,2763443.88,2402575.56,0.0,1361976.81,23800153.83,4914080.42,6575914.39,-6566.71,48316105.18
3324,6504527.0,2662594.06,1883067.13,1254169.12,4588289.92,24910147.42,5062365.93,6260152.29,0.0,53125312.86
3325,6504527.0,1966469.68,1108890.85,0.0,1039569.57,11356454.42,2309403.94,4154779.96,-38247.35,28401848.06
3326,6504527.0,1320621.77,1126916.17,0.0,7596817.17,10384990.19,2155208.74,4542952.06,0.0,33632033.1
3327,6504527.0,1436820.06,750408.04,1627824.89,495722.01,12375899.37,2677935.1,3664515.81,0.0,29533652.3
3328,6504527.0,1420730.93,1608740.82,4258367.74,15349973.7,14088872.18,2917784.08,6967414.36,0.0,53116410.81
3329,6504527.0,990501.39,481917.57,3661133.89,17024700.84,8222111.27,1691645.54,3181808.58,0.0,41758346.08
3330,6504527.0,3836692.39,2806883.7,0.0,1573646.25,28185249.05,5805218.48,5220663.49,-41077.33,53891803.03
3331,6504527.0,1619341.21,1188835.67,0.0,11841551.54,10365488.41,2181105.8,4940172.15,0.0,38641021.79
3332,6504527.0,1300751.71,744379.66,0.0,1146642.44,7899845.86,1640043.43,1830340.39,-57460.93,21009069.55
3333,6504527.0,3417210.65,3112490.91,8700505.76,77533865.99,24221709.56,4813057.58,5336807.68,-22701.44,133617473.69
3334,6504527.0,989957.36,411442.89,0.0,26278.25,8643446.85,1882020.67,2135052.14,0.0,20592725.16
3335,6504527.0,3604162.06,2204631.79,0.0,730217.9,22257905.6,4457724.09,4719452.08,-31954.54,44446665.99
3336,6504527.0,2315538.47,1826652.85,0.0,905954.26,18117000.38,3632837.05,5426351.53,0.0,38728861.55
3337,6504527.0,1326157.17,1420324.91,0.0,55105315.34,10049893.28,2197291.2,4082690.7,-93784.37,80592415.24
3338,6504527.0,1396403.76,581072.51,0.0,705459.04,11865879.92,2570866.12,3058162.04,0.0,26682370.39
3339,6504527.0,895931.26,3005848.97,19546014.17,251742528.88,7369971.87,1630431.72,6075481.41,-277619.24,296493116.04
3340,6504527.0,2102560.85,1409837.8,6789015.5,13655185.22,19527016.17,4094685.8,5770789.21,0.0,59853617.55
3341,6504527.0,2331098.14,1215963.28,0.0,2153200.34,16724828.34,3593857.71,2657683.94,0.0,35181158.76
3342,6504527.0,1915948.69,1399007.02,0.0,429923.78,14720971.69,3140526.37,2992053.35,-78824.61,31024133.28
3343,6504527.0,3023352.71,2632589.71,7496271.73,477630.99,26208633.28,5482395.6,5664430.45,0.0,57489831.46
3344,6504527.0,1536136.22,1807064.03,200657.25,73765958.85,13366023.6,2644690.71,5887780.62,-216491.53,105496346.75
3345,6504527.0,2251368.16,1134637.4,0.0,527626.37,17819000.63,3685575.16,4160851.8,0.0,36083586.52
3346,6504527.0,1405885.56,830569.52,0.0,5732.18,9613254.98,1994553.3,2109957.38,-130795.95,22333683.97
3347,6504527.0,3111090.39,2681377.14,0.0,1266819.83,26666337.63,5369604.16,5970005.54,-9068.94,51560692.75
3348,6504527.0,674299.23,380876.97,0.0,20484962.48,3087505.56,708255.08,2012894.29,-161409.97,33691910.64
3349,6504527.0,2407025.93,1986682.18,0.0,173395.33,20295305.13,4033099.56,4523752.41,-47161.23,39876626.3
3350,6504527.0,2183393.0,1951727.17,0.0,2846834.18,19341023.98,3957815.02,5299741.92,-10940.32,42074121.94
3351,6504527.0,936253.26,1593109.87,52450196.18,69337626.8,9362532.56,1855681.06,5138654.45,0.0,147178581.18
3352,6504527.0,2188228.9,1319141.09,0.0,865607.0,13612232.25,2704939.61,2851953.2,-56899.8,29989729.26
3353,6504527.0,1473959.09,796661.47,0.0,5661.8,13388945.77,2786743.02,3370529.31,0.0,28327027.46
3354,6504527.0,921504.62,475409.12,28546781.64,2362677.77,9022589.37,1854194.8,2823594.17,0.0,52511278.49
3355,6504527.0,2131043.07,1218775.39,0.0,2532285.35,18618549.99,3954702.94,4283250.79,0.0,39243134.52
3356,6504527.0,2342487.96,1724470.22,0.0,100153.63,17741649.11,3784265.04,3443884.9,-53396.81,35588041.06
3357,6504527.0,2740785.95,1699394.61,0.0,1644173.47,17773674.43,3419799.14,3749816.29,-93662.15,37438508.75
3358,6504527.0,2173491.98,1259842.03,0.0,0.0,18825412.99,3869135.75,4342643.76,0.0,36975053.51
3359,6504527.0,1294923.94,1515738.02,0.0,19186629.6,12545014.44,2645618.67,7228890.82,0.0,50921342.5
3360,6504527.0,2149411.14,1267209.0,0.0,222461.88,13245045.88,2699930.78,2766681.68,-59851.48,28795415.88
3361,6504527.0,2422968.43,1349526.58,0.0,1177875.07,20356336.02,4124990.78,4993765.4,0.0,40929989.28
3362,6504527.0,1738157.83,1342998.88,0.0,5981377.98,12748641.83,2580672.14,5598731.5,0.0,36495107.16
3363,6504527.0,1033985.18,1050667.07,0.0,53131356.65,7074995.55,1544982.95,4961001.83,-205058.77,75096457.45
3364,6504527.0,752636.85,687172.19,0.0,35979112.62,4280396.99,941580.1,3731371.63,-133157.74,52743639.65
3365,6504527.0,2870568.01,1726575.15,0.0,620004.24,24077996.8,5034081.58,5394953.75,0.0,46228706.54
3366,6504527.0,1745420.55,1038905.15,0.0,388078.19,10686646.47,2296349.31,3136337.58,-44104.56,25752159.69
3367,6504527.0,1311710.79,466592.45,0.0,131586.34,5944683.7,1329239.55,1515089.97,-131332.2,17072097.62
3368,6504527.0,1803822.94,1049576.92,0.0,4663682.59,16808628.52,3542106.44,4674271.78,0.0,39046616.19
3369,6504527.0,2367321.53,1634881.21,0.0,2679103.75,16958494.71,3379863.11,3690465.91,-92298.19,37122359.03
3370,6504527.0,687920.69,232794.24,0.0,331791.1,5987758.64,1183042.12,1559395.0,0.0,16487228.8
3371,6504527.0,622236.65,652241.48,0.0,28904472.53,4967947.69,1037184.3,2779993.36,-153253.91,45315349.11
3372,6504527.0,3838985.04,3025174.73,6028624.63,418627.1,30153197.78,6227240.83,5608487.5,0.0,61804864.62
3373,6504527.0,2026348.86,1936836.37,0.0,74103196.14,13172939.95,2723362.42,5112116.48,-72232.15,105507095.06
3374,6504527.0,1431824.92,1511164.03,0.0,17935717.03,13014730.8,2741786.49,6662948.42,0.0,49802698.7
3375,6504527.0,1833939.56,1642385.33,0.0,1825223.09,16240158.89,3405522.32,6055150.49,0.0,37506906.68
3376,6504527.0,1438880.82,826705.8,0.0,798520.19,9568836.22,1917632.65,2665836.93,-138692.33,23582247.29
3377,6504527.0,2276367.37,1281198.52,0.0,949789.47,13238581.75,2791450.18,2768385.56,-54342.61,29755957.23
3378,6504527.0,3214563.53,2347412.93,0.0,1554286.14,23329012.06,4709256.67,5591339.94,-902.71,47249495.55
3379,6504527.0,1792228.35,1378645.2,0.0,203229.87,14730066.58,3192240.64,3444927.96,-96608.23,31149257.38
3380,6504527.0,1569385.76,1214070.93,34617215.55,8805719.78,15693857.58,3185561.66,5574106.97,0.0,77164445.23
3381,6504527.0,1187019.77,1198320.53,0.0,11959278.02,10199096.63,2187282.33,5558438.41,0.0,38793962.67
3382,6504527.0,1448731.77,1560362.75,0.0,53462874.82,11149795.96,2272969.27,3899718.79,-67481.57,80231498.78
3383,6504527.0,1342396.37,1260762.41,0.0,10862745.37,11116420.24,2337086.83,4987728.11,0.0,38411666.32
3384,6504527.0,864148.94,392736.83,0.0,6140721.67,7912682.72,1736458.54,2925385.95,0.0,26476661.65
3385,6504527.0,1193345.21,3196373.52,6160771.36,251353087.05,9217020.6,1834965.67,6624459.24,-173653.31,285910896.35
3386,6504527.0,1357077.77,674990.98,15974445.73,4905248.53,10925978.44,2282014.48,3140058.13,0.0,45764341.06
3387,6504527.0,897645.69,1376959.9,45574091.26,59237986.56,8976456.89,1734255.49,5061757.78,-28812.45,129334868.13
3388,6504527.0,3223809.88,2259765.47,0.0,167913.79,22736621.29,4515511.39,5050465.78,-15752.99,44442861.61
3389,6504527.0,1097270.6,1012810.72,0.0,3470949.0,9613932.09,1952173.97,4578202.53,0.0,28229865.91
3390,6504527.0,1457272.77,688284.14,0.0,678525.27,11544928.91,2486992.92,3109134.71,0.0,26469665.73
3391,6504527.0,1675255.66,1067661.25,0.0,0.0,11205096.63,2344439.13,3170167.9,-52848.41,25914299.16
3392,6504527.0,2605809.03,2094974.68,9643371.23,154361.51,20913326.66,4279400.11,5675140.3,0.0,51870910.52
3393,6504527.0,3923728.04,3164253.27,6450598.88,969887.88,31510281.15,6435817.78,5488025.63,0.0,64447119.63
3394,6504527.0,1592545.37,1215831.94,0.0,370094.13,12260259.17,2605923.51,3668600.66,-23874.27,28193907.51
3395,6504527.0,1423838.2,2982048.81,3126171.71,229311729.38,9105126.37,1849061.29,6124113.72,-177323.76,260249292.71
3396,6504527.0,1225552.28,1219749.0,0.0,13369232.08,10617817.09,2189370.51,5385885.17,0.0,40512133.13
3397,6504527.0,1858776.28,1342315.1,4205684.33,20061861.03,17858130.97,3727827.75,5986999.63,0.0,61546122.08
3398,6504527.0,2995311.17,2154271.59,0.0,2519083.17,21213149.56,4246957.83,4807867.77,0.0,44441168.1
3399,6504527.0,1986602.01,2778475.94,12089799.3,155408264.51,14485376.59,2910842.76,5304677.74,-92874.01,201375691.84
3400,6504527.0,930061.01,881809.57,0.0,1419272.7,8418858.63,1702005.06,4533945.92,0.0,24390479.9
3401,6504527.0,1507595.89,994259.86,0.0,862089.1,9957826.56,2068406.04,3069554.96,-21265.4,24942994.02
3402,6504527.0,2230536.89,1548245.32,0.0,162853.41,15602588.01,3125597.63,4343052.47,-15741.7,33501659.02
3403,6504527.0,3080941.02,2372960.7,0.0,899752.48,23765186.87,4740356.28,5086029.57,-17098.04,46432655.87
3404,6504527.0,938935.03,763520.79,3286617.8,0.0,7635207.94,1607994.04,3595468.27,0.0,24332270.87
3405,6504527.0,1728204.29,690161.5,0.0,1334532.19,12317155.85,2544747.98,3167134.75,0.0,28286463.57
3406,6504527.0,1953202.18,1188443.55,0.0,2176380.97,12944513.51,2517328.83,3051609.25,-124810.1,30211195.2
3407,6504527.0,3318448.47,2042973.36,0.0,1109569.86,20366106.83,4101676.61,3611297.68,-13117.94,41041481.87
3408,6504527.0,856727.08,353177.94,0.0,9271434.36,3468175.06,911479.72,636720.57,-79871.56,21922370.17
3409,6504527.0,1850385.11,2189727.47,2436231.55,78289231.22,15863480.49,3283984.5,6442117.63,-116772.16,116742912.83
3410,6504527.0,3782513.01,2667298.68,7991738.26,0.0,33698086.8,6848107.63,6062686.84,0.0,67554958.22
3411,6504527.0,1589610.73,1307278.77,0.0,5115536.14,12286847.97,2601996.33,5249714.06,0.0,34655511.0
3412,6504527.0,1172088.94,1252216.89,0.0,17657497.06,10063203.18,2178219.26,6453238.82,0.0,45280991.15
3413,6504527.0,2920457.0,2362126.94,2325262.96,0.0,23621269.38,4954703.68,6235248.75,0.0,48923595.71
3414,6504527.0,1468063.72,648785.45,0.0,791353.96,12575258.52,2719520.84,3296935.17,0.0,28004444.67
3415,6504527.0,1849868.61,1615354.13,0.0,63925597.96,11502438.36,2329873.13,4484174.31,-128443.33,92083390.19
3416,6504527.0,3248680.72,2247959.44,0.0,0.0,22538083.85,4502463.1,5407958.43,-5848.95,44443823.58
3417,6504527.0,2155372.75,1710696.12,0.0,58625562.01,12513086.01,2542512.62,4116750.17,-93689.0,88074817.68
3418,6504527.0,738089.56,372624.12,0.0,1728716.04,6895510.26,1302522.46,2979842.13,0.0,20521831.56
3419,6504527.0,2929131.51,2228409.7,0.0,528117.6,22658590.18,4606711.83,4829047.89,-42877.54,44241658.18
3420,6504527.0,828609.86,820441.2,0.0,3128330.76,7838671.01,1649880.53,4020342.43,0.0,24790802.79
3421,6504527.0,2427235.13,2375846.43,0.0,73970805.51,17293394.06,3651857.15,5114506.83,-30479.3,111307692.81
3422,6504527.0,2067123.38,1015182.46,0.0,77632.08,15707469.81,3157959.92,3013484.2,0.0,31543378.86
3423,6504527.0,2368923.66,1360755.27,0.0,0.0,20065811.16,4036766.42,3861852.37,0.0,38198635.89
3424,6504527.0,2123541.51,1876224.66,0.0,59848236.38,13359605.53,2612573.38,4386003.29,-51234.92,90659476.84
3425,6504527.0,2939316.07,2022644.94,0.0,1702222.59,20588380.79,4403091.43,4281222.81,-76265.45,42365140.17
3426,6504527.0,1422474.11,1328961.66,0.0,9199067.26,12210260.24,2530350.36,4851881.89,0.0,38047522.52
3427,6504527.0,2064758.2,1113481.85,0.0,605321.6,17099475.15,3610930.49,4049888.61,0.0,35048382.89
3428,6504527.0,2968879.86,1981896.67,0.0,1536080.68,20046522.94,3851819.1,4515213.92,-39737.46,41365202.72
3429,6504527.0,983903.56,523017.38,10911951.92,10699064.35,8974862.86,1900054.01,3068363.19,0.0,43565744.27
3430,6504527.0,1478076.2,1767892.87,0.0,73748578.66,11076370.16,2320741.22,5456884.3,-34283.56,102318786.86
3431,6504527.0,3126015.63,2246571.54,0.0,921102.77,22701407.26,4614253.31,4398772.56,-40218.82,44472431.24
3432,6504527.0,1307270.39,1462372.43,0.0,17918983.58,12257911.84,2527002.36,6700782.12,0.0,48678849.72
3433,6504527.0,1350732.31,1248159.72,0.0,45294370.73,9952652.6,2237663.18,3662787.17,-171538.0,70079354.7
3434,6504527.0,3078855.98,2067671.22,0.0,1310824.2,20519709.18,4169061.11,4286092.91,0.0,41936741.6
3435,6504527.0,2443331.92,1464050.1,0.0,1118448.84,15171476.54,3098781.7,3093550.01,-68503.23,32825662.88
3436,6504527.0,2593145.82,1685039.75,0.0,1276361.27,16756515.35,3290551.46,4772155.47,-7557.53,36870738.58
3437,6504527.0,2239482.47,2923089.9,23899121.48,155456754.94,15452219.11,3163120.01,5332964.11,-39706.44,214931572.58
3438,6504527.0,3601476.27,2347249.89,0.0,1013146.48,23261350.03,4726735.81,4915583.02,0.0,46370068.49
3439,6504527.0,1863816.55,947755.87,0.0,0.0,15258887.98,3196070.48,3411278.37,0.0,31182336.25
3440,6504527.0,1749762.13,2200608.07,8882394.22,78474167.71,15135845.74,3133854.33,6444315.2,-34684.25,122490790.16
3441,6504527.0,1127509.26,1089920.01,0.0,9636811.77,9474447.42,2125271.24,4549953.43,0.0,34508440.13
3442,6504527.0,1404243.07,1501027.12,1916393.7,15023095.94,13253883.46,2818915.48,6435590.88,0.0,48857676.65
3443,6504527.0,1489109.06,1074821.41,0.0,1243656.1,11165659.98,2261101.45,4432710.98,-73070.84,28098515.13
3444,6504527.0,2996674.68,2135338.83,0.0,461448.92,21546954.21,4315039.84,4366901.4,-23790.24,42303094.65
3445,6504527.0,1934052.58,1674997.17,0.0,55119515.61,11986247.94,2326549.99,4108900.92,-62099.46,83592691.75
3446,6504527.0,1204248.23,630520.65,0.0,40111.88,7907160.09,1780999.04,2252736.52,-161678.07,20158625.34
3447,6504527.0,2702512.24,1703276.88,0.0,753148.42,23728697.1,4896431.16,4986611.38,0.0,45275204.17
3448,6504527.0,1883799.89,640646.17,0.0,115395.54,12034719.63,2571887.61,3171511.45,0.0,26922487.29
3449,6504527.0,932490.32,1320078.24,41835306.99,58771634.91,8285653.2,1712444.02,3980027.1,0.0,123342161.78
3450,6504527.0,620066.98,282375.21,0.0,954096.24,5958421.51,1300113.27,2116274.52,0.0,17735874.73
3451,6504527.0,1365275.78,1605231.66,10045959.97,19571418.22,13652757.84,2773297.53,7570906.14,0.0,63089374.16
3452,6504527.0,2272158.06,1905537.99,0.0,3927083.63,18010513.37,3819479.65,5327112.73,0.0,41766412.43
3453,6504527.0,1243762.31,698365.19,13829811.43,1136617.09,11476408.72,2476979.23,3253536.41,0.0,40620007.38
3454,6504527.0,1050573.76,455531.85,34565501.88,5932023.78,8983539.65,1855257.6,2767383.91,0.0,62114339.42
3455,6504527.0,1618979.1,867969.3,0.0,1377920.8,15013245.2,3136831.07,4330937.87,0.0,32850410.34
3456,6504527.0,1064542.23,1069560.79,0.0,40431817.09,8562205.62,1876959.16,3030443.41,-167377.61,62372677.69
3457,6504527.0,1425119.93,1234726.46,0.0,7539839.62,11463986.57,2410608.0,4478499.83,0.0,35057307.4
3458,6504527.0,3894824.8,2213482.58,0.0,672238.54,22277179.63,4526765.2,4598648.09,-22803.03,44664862.81
3459,6504527.0,2683926.01,1570849.82,0.0,269473.48,16662782.58,3407577.8,3286243.78,-98342.42,34287038.05
3460,6504527.0,779383.23,506387.81,0.0,0.0,6011115.41,1158770.11,1736725.59,-94723.73,16602185.42
3461,6504527.0,2023672.11,1961664.43,168912.54,6476668.06,18500973.56,3913278.21,6282196.91,0.0,45831892.82
3462,6504527.0,1897124.53,1642867.44,0.0,1003779.86,16095836.82,3463140.15,4941628.29,0.0,35548904.09
3463,6504527.0,3367162.57,2167172.17,0.0,2253298.59,21387205.12,4155038.08,4130097.34,0.0,43964500.87
3464,6504527.0,2813937.33,1869890.34,0.0,1741914.42,18974718.69,3637066.65,4189565.05,-46977.0,39684642.48
3465,6504527.0,2543585.09,2021613.32,0.0,1209831.15,20626463.44,4108888.15,4496190.2,-56022.26,41455076.09
3466,6504527.0,1574679.47,787700.44,0.0,310896.14,9444721.98,1899670.07,1575401.01,-166317.05,21931279.05
3467,6504527.0,1748169.42,1125396.91,0.0,1112449.59,10968692.11,2285004.74,4753444.97,0.0,28497684.74
3468,6504527.0,962349.38,929993.91,31172594.31,674611.98,9252350.81,1844047.51,4139690.22,0.0,55480165.11
3469,6504527.0,1178537.51,930453.97,0.0,33324153.48,6837475.13,1472459.01,2899150.93,-104368.37,53042388.65
3470,6504527.0,769962.51,250777.38,0.0,296666.04,3345740.33,827790.09,288398.32,-87688.96,12196172.72
3471,6504527.0,1373970.18,1665297.6,0.0,62347109.53,11766592.87,2371794.99,4718238.57,-93597.56,90653933.19
3472,6504527.0,1780859.33,779435.18,0.0,348612.49,8334606.26,1617708.4,1728178.89,-57961.75,21035965.8
3473,6504527.0,1988228.26,2807570.59,0.0,145561924.56,15382225.05,3225175.68,5761132.81,-63501.54,181167282.41
3474,6504527.0,1381816.56,1362017.76,780912.94,4015489.49,12900106.37,2520588.1,5668739.47,0.0,35134197.7
3475,6504527.0,2337487.16,1480811.4,0.0,878265.68,14491726.84,2926339.33,3312022.83,0.0,31931180.25
3476,6504527.0,2667720.46,2766910.14,6067836.06,77042688.27,20880962.78,4278450.57,6249603.33,-31480.14,126427218.47
3477,6504527.0,799375.04,446436.68,0.0,1760499.35,7717622.77,1667504.75,2836032.15,0.0,21731997.73
3478,6504527.0,1002935.97,1287989.42,36452556.66,58790932.61,8437935.33,1770435.35,3599576.76,-48030.36,117798858.75
3479,6504527.0,898639.11,1130521.02,22464244.84,58641443.93,7204548.8,1555119.5,3405529.58,-89386.91,101715186.88
3480,6504527.0,645771.49,1016749.07,0.0,54475925.69,6161971.17,1419318.81,5125146.05,-162567.39,75186841.9
3481,6504527.0,1658087.11,895561.24,0.0,2364588.37,15228772.81,3201053.12,4427185.73,0.0,34279775.37
3482,6504527.0,1258950.45,855974.88,9789686.25,5545692.12,12504930.72,2784239.49,4179213.08,0.0,43423213.99
3483,6504527.0,3272004.16,1576181.23,0.0,0.0,22647685.23,4548637.83,4266954.24,0.0,42815989.68
3484,6504527.0,1844273.12,1173869.62,0.0,10790951.85,17322691.41,3553590.39,4997334.37,0.0,46187237.76
3485,6504527.0,1300221.38,1198078.05,0.0,7859722.56,11045900.83,2383108.93,4569175.67,0.0,34860734.43
3486,6504527.0,1521057.8,2300514.96,0.0,123231056.63,11656650.71,2401579.47,5287691.51,-51590.78,152851487.3
3487,6504527.0,2588529.07,2770153.92,5787658.86,77372659.81,20728865.66,4267228.44,5711460.92,-12049.78,125719033.9
3488,6504527.0,1819628.77,1526300.17,0.0,1257850.81,15428475.18,3206568.79,5705224.02,-25923.32,35422651.43
3489,6504527.0,2252553.15,1777490.01,0.0,50852237.56,13529327.1,2641231.53,3408111.62,-55182.56,80910295.42
3490,6504527.0,3430307.61,2136982.27,0.0,293446.2,21755065.84,4354845.59,4860717.51,-40956.14,43294935.89
3491,6504527.0,2391626.34,1649500.42,0.0,1062523.53,16977864.58,3230812.7,3889442.87,-60628.45,35645668.99
3492,6504527.0,1467231.4,734831.43,0.0,328753.29,13752282.93,2828781.36,3822961.54,0.0,29439368.95
3493,6504527.0,1344261.98,1293343.74,0.0,17383794.72,10901054.52,2361091.18,5686638.85,0.0,45474711.98
3494,6504527.0,1479293.66,3277114.84,3212276.2,240273740.18,10678535.38,2171976.6,5858675.47,-158232.02,273297907.32
3495,6504527.0,864228.84,866587.85,48043292.03,304217.25,8572034.12,1728838.86,3803187.32,0.0,70686913.27
3496,6504527.0,2471728.43,1396259.08,198178.79,1766505.54,20781164.2,4242423.03,5281212.34,0.0,42641998.41
3497,6504527.0,1514300.46,729435.63,0.0,1801525.69,11615644.83,2278201.0,3180270.49,0.0,27623905.11
3498,6504527.0,2279192.92,2045317.96,0.0,652447.61,20473133.23,4253104.31,5671505.57,-9828.32,41869400.27
3499,6504527.0,2316423.22,1505542.82,0.0,1333208.74,21647009.36,4349600.7,6514711.89,0.0,44171023.73
3500,6504527.0,2669574.25,1601708.66,0.0,393337.45,22133976.59,4489447.08,4079665.68,0.0,41872236.72
3501,6504527.0,488441.28,307125.96,16019333.78,18241190.0,4884412.84,976013.15,2456218.8,0.0,49877262.81
3502,6504527.0,1164839.38,506572.8,2636208.26,8082793.92,9411425.64,1904219.03,3268624.32,0.0,33479210.34
3503,6504527.0,3873106.93,2928554.54,0.0,1177267.96,29499476.94,6123559.37,4271989.26,-37728.21,54340753.78
3504,6504527.0,971126.84,781319.72,0.0,693602.96,8308814.55,1754792.53,3474854.31,-70085.63,22418952.28
3505,6504527.0,777713.27,917199.68,0.0,53237832.65,5693289.82,1261074.74,4963074.17,-203776.37,73150934.96
3506,6504527.0,2643844.36,1588018.13,0.0,983541.47,16407815.42,3202266.35,3342270.15,-63452.64,34608830.23
3507,6504527.0,1400069.07,556915.19,0.0,225008.67,10990989.87,2380524.72,2689858.62,0.0,24747893.13
3508,6504527.0,1162397.56,687852.95,0.0,1704246.48,6588841.49,1395385.56,3867352.62,0.0,21910603.65
3509,6504527.0,1415602.33,1606947.66,5619598.06,19332430.16,13847125.93,2852111.24,7804168.95,0.0,58982511.33
3510,6504527.0,1523004.47,554815.27,0.0,701159.1,11008456.68,2324603.81,2514131.94,0.0,25130698.28
3511,6504527.0,1424048.64,1030814.81,0.0,1652224.63,9879640.33,2220465.41,4106578.34,0.0,26818299.16
3512,6504527.0,2508886.78,2614121.99,0.0,74761773.19,19703621.55,4083972.77,5444147.23,-47643.76,115573406.74
3513,6504527.0,2172902.95,1286389.7,465193.77,6819964.04,19091657.95,3875972.01,5316291.85,0.0,45532899.26
3514,6504527.0,2949572.92,2047757.42,0.0,1729788.54,20691051.54,4055906.03,4847596.7,-40244.4,42785955.75
3515,6504527.0,982623.15,1110070.16,0.0,51384371.63,7531284.14,1620876.85,4240993.06,-144770.14,73229975.84
3516,6504527.0,2119112.39,1284962.68,0.0,720997.53,13193174.03,2662070.94,2578707.1,-49788.28,29013763.4
3517,6504527.0,486680.52,161654.73,0.0,909792.9,1877126.38,399894.21,439833.64,-59687.81,10719821.58
3518,6504527.0,3156109.76,2369432.69,1173342.84,1519861.14,23542830.01,4680763.48,5585670.16,0.0,48532537.08
3519,6504527.0,1496671.76,181955.27,0.0,269098.34,5419567.08,1245464.24,931602.89,0.0,16048886.57
3520,6504527.0,1468953.37,1072171.34,0.0,38423082.08,7708330.93,1578399.37,3362801.04,-106529.46,60011735.67
3521,6504527.0,1378593.95,987319.72,43271287.36,10669672.35,13785939.49,2791316.92,3971644.57,0.0,83360301.35
3522,6504527.0,1384626.91,569430.08,0.0,588140.07,9949917.18,2243340.42,2124925.63,0.0,23364907.28
3523,6504527.0,3162634.71,1889075.17,4262995.57,34827.12,25902978.05,5235926.68,5459615.22,0.0,52452579.52
3524,6504527.0,935765.99,379060.21,0.0,212688.36,8624883.24,1886174.17,2485693.54,0.0,21028792.5
3525,6504527.0,1662724.2,997088.43,0.0,9179770.07,15722871.13,3192877.37,5379072.2,0.0,42638930.39
3526,6504527.0,2398267.15,2482704.95,1273814.53,77240914.87,18067920.5,3518269.07,5422148.3,-41049.29,116867517.09
3527,6504527.0,1957413.46,1749068.41,0.0,3736331.79,17333508.83,3528266.7,5691795.72,-29519.72,40471392.18
3528,6504527.0,1670695.95,1560638.05,0.0,56247306.41,11179803.92,2392982.74,4318801.6,-90531.82,83784223.84
3529,6504527.0,957309.44,698424.23,0.0,206876.7,8340787.05,1877100.78,2475512.74,-137368.88,20923169.05
3530,6504527.0,2589543.34,2205546.92,34790.35,1197883.65,21926391.0,4648251.04,6422345.06,0.0,45529278.37
3531,6504527.0,1054321.35,1433780.5,0.0,63143834.52,9119487.82,1996388.87,5627353.49,-93310.02,88786383.53
3532,6504527.0,1714051.2,752653.9,0.0,1296245.8,12291851.87,2486680.69,2870106.38,0.0,27916116.83
3533,6504527.0,3416410.72,1674443.91,0.0,798207.6,17265187.46,3404593.46,3135504.06,-59840.37,36139033.83
3534,6504527.0,1416379.15,1021179.46,29408324.72,6174367.06,14113761.35,2944469.09,4278076.44,0.0,65861084.27
3535,6504527.0,3061091.96,1338402.42,0.0,1863169.94,20229215.39,4118362.16,4916377.9,0.0,42031146.77
3536,6504527.0,1843988.69,1544251.77,0.0,397258.68,15556333.84,3223608.66,4721511.93,-17045.14,33774435.43
3537,6504527.0,1126164.7,1410190.9,0.0,58601163.78,8277558.64,1656332.42,5010117.69,-8151.08,82577904.05
3538,6504527.0,2380107.04,1862107.94,0.0,61711862.24,14116006.67,2830232.48,4214901.33,-119820.9,93499923.79
3539,6504527.0,3130293.28,1249330.89,0.0,67658.74,13148675.61,2678097.72,2118115.78,-66008.46,28830690.57
3540,6504527.0,1667198.77,1443426.0,0.0,1092853.44,14927092.25,2928299.1,4567823.18,-73832.96,33057386.78
3541,6504527.0,2606252.35,2039022.72,0.0,65878758.28,14914285.74,2945597.85,4528802.33,-65091.64,99352154.63
3542,6504527.0,938348.06,1175592.86,24343164.42,57686062.92,7683289.92,1649635.93,3546610.81,-78333.87,103448898.06
3543,6504527.0,1026158.4,452551.74,0.0,540738.91,4808550.81,1098931.15,667759.95,-37314.09,15061903.87
3544,6504527.0,2049163.93,2333534.43,0.0,73772108.26,16955640.86,3594478.5,5635296.95,-53031.6,110791718.34
3545,6504527.0,4288684.26,2814320.9,0.0,1176256.49,28084202.9,5807348.05,5314661.56,-14812.75,53975188.41
3546,6504527.0,925080.95,1271679.51,28215784.83,55126606.72,8801688.58,1772945.49,4081263.16,-83631.83,106615944.42
3547,6504527.0,1382023.89,1294006.13,0.0,42958427.45,9112055.51,1906473.26,3878809.13,-49438.25,66986884.13
3548,6504527.0,2318537.77,2734248.95,5808523.44,76832107.11,20504683.03,4075769.84,5959308.85,-18729.35,124718976.64
3549,6504527.0,2587810.1,1425307.46,12237445.24,417775.85,21123746.46,4336880.86,5505864.42,0.0,54139357.39
3550,6504527.0,2069658.92,1296987.85,0.0,3035050.69,18729664.32,3793855.48,5150343.41,0.0,40580087.66
3551,6504527.0,1640013.37,1283079.74,0.0,735040.07,13249456.87,2603224.73,4404182.89,-57108.62,30362416.04
3552,6504527.0,1450957.05,939483.39,29952290.43,990317.18,14185108.73,2950789.42,4547672.76,0.0,61521145.95
3553,6504527.0,3367736.02,2779367.57,2559932.68,123861.68,27747891.04,5799447.49,6247743.73,0.0,55130507.22
3554,6504527.0,2491117.31,1814957.64,0.0,635926.31,18319234.6,3694087.59,4381300.98,-31846.5,37809304.93
3555,6504527.0,778818.89,571369.72,0.0,0.0,6358933.97,1339016.94,2388190.79,-64523.68,17876333.63
3556,6504527.0,1692321.35,782446.86,0.0,358784.43,13443720.96,2807098.06,3026213.91,0.0,28615112.56
3557,6504527.0,1344674.76,870929.5,39845987.96,1471116.5,13376493.3,2801616.03,4019940.6,0.0,70235285.66
3558,6504527.0,1279553.89,412146.99,0.0,206637.59,9383890.71,2047369.35,2098324.94,0.0,21932450.47
3559,6504527.0,1759650.25,1223339.45,0.0,233145.16,12467211.86,2523317.17,4751192.93,-31999.79,29430384.03
3560,6504527.0,1693275.77,1262162.1,0.0,2408652.02,12526079.16,2501981.68,4466435.59,-9953.86,31353159.47
3561,6504527.0,2540470.33,1974006.81,0.0,63304360.16,15000803.92,2976741.68,4371745.9,-113871.35,96558784.45
3562,6504527.0,2251434.71,1598101.71,0.0,759098.71,16172686.23,3235372.09,4100113.88,-26415.61,34594918.74
3563,6504527.0,3215266.3,2030236.07,0.0,737951.96,20557358.19,4164112.93,4056710.31,-33876.14,41232286.62
3564,6504527.0,1665508.03,1490669.55,0.0,2115226.99,14808636.23,3059249.7,5205912.37,-20402.61,34829327.27
3565,6504527.0,1033149.85,908798.52,35032772.33,382263.35,8946684.0,1901878.47,3792797.19,0.0,58502870.69
3566,6504527.0,2175345.85,1865625.74,0.0,1054115.03,18459290.19,3721941.16,5055344.4,-17204.1,38818985.29
3567,6504527.0,2034245.41,1249822.41,0.0,11572209.57,18120421.52,3796562.28,4857487.82,0.0,48135276.03
3568,6504527.0,1591175.95,2572730.99,0.0,192100434.98,8012201.81,1683246.82,5962578.65,-31017.93,218395878.27
3569,6504527.0,1524165.29,1536429.7,0.0,70628357.48,9095906.91,1949111.91,5485195.76,-42959.55,96680734.5
3570,6504527.0,2058254.59,1479244.0,0.0,881188.24,14660117.89,2943090.12,4055500.38,0.0,32581922.22
3571,6504527.0,1781286.51,1472697.27,0.0,1003584.08,15166232.55,3122039.31,5734570.94,-52242.8,34732694.86
3572,6504527.0,2053796.0,804958.23,0.0,500319.48,9527852.62,1980848.05,1491147.55,-159934.29,22703514.64
3573,6504527.0,3663164.01,2284703.05,0.0,358919.97,22952758.81,4529847.99,4770159.41,-16673.76,45047406.47
3574,6504527.0,2203172.09,1622263.05,709569.09,0.0,16222630.49,3361845.91,5333475.99,0.0,35957483.61
3575,6504527.0,1873844.32,1248488.92,6320973.58,13910729.41,17551413.49,3650701.67,5520156.41,0.0,56580834.8
3576,6504527.0,2087717.39,2211747.22,4187034.01,78320089.65,14976292.6,3031067.25,5359111.45,-6034.93,116671551.65
3577,6504527.0,1666608.19,480108.22,0.0,459128.21,4776030.82,1145095.95,925994.82,-7632.44,15949860.77
3578,6504527.0,1957444.76,1186158.22,0.0,10192828.92,17498349.5,3753306.13,4549817.98,0.0,45642432.52
3579,6504527.0,2140163.37,2000726.39,6055687.38,77236544.36,13382796.68,2770381.16,5237166.82,-55013.04,115272980.12
3580,6504527.0,1422289.45,1302578.58,0.0,7028349.73,12202523.71,2494553.51,4756704.2,0.0,35711526.17
3581,6504527.0,1387829.47,1357587.56,0.0,10552179.35,12342193.98,2637656.43,5367063.08,0.0,40149036.87
3582,6504527.0,1170813.7,1172660.21,0.0,6217225.91,10711329.58,1895680.95,4452917.87,0.0,32125155.22
3583,6504527.0,966338.16,451454.21,44259660.36,442055.87,9396258.79,1879740.91,2716529.37,0.0,66616564.67
3584,6504527.0,1358454.99,524781.38,26768275.14,8584277.45,9436399.09,1983448.54,3024960.86,0.0,58185124.44
3585,6504527.0,2729757.49,1958856.72,0.0,7570697.27,25728558.05,5260643.26,6430356.47,0.0,56183396.26
3586,6504527.0,2591477.26,1698662.1,0.0,405532.25,23861818.61,4811274.12,6658697.59,0.0,46531988.93
3587,6504527.0,1942193.29,2724100.35,11163049.76,88355642.69,18706918.14,3869148.24,7014390.8,-7578.42,140272391.85
3588,6504527.0,1759830.23,1075630.6,3592702.94,18324834.55,15004320.06,3133787.53,5649907.7,0.0,55045540.6
3589,6504527.0,1988324.92,1455355.83,0.0,165292.21,15035050.06,3148114.53,3995231.36,-54259.1,32237636.82
3590,6504527.0,1277809.58,792096.09,610812.27,1961228.78,12271044.8,2658447.25,4794447.24,0.0,30870413.02
3591,6504527.0,1396634.13,1428911.39,0.0,59123784.24,9241491.33,1965915.45,4729368.11,-42736.49,84347895.15
3592,6504527.0,2423672.42,1279139.39,0.0,42073.18,19809342.34,3988572.8,5074853.64,0.0,39122180.78
3593,6504527.0,1240140.16,1262953.09,0.0,55264099.28,7867087.72,1709975.94,4550252.68,-69032.39,78330003.47
3594,6504527.0,2528174.85,1699593.44,0.0,1160602.54,17374111.42,3362321.96,4107153.93,-52208.42,36684276.72
3595,6504527.0,1724180.75,643986.97,0.0,876416.71,12489057.2,2716514.02,3116470.34,0.0,28071153.0
3596,6504527.0,579454.98,269198.15,0.0,14708104.74,2773788.57,765871.13,2417752.72,-194855.96,27823841.33
3597,6504527.0,2028424.54,1940818.04,2854017.48,7898771.59,18261681.81,3795431.45,6057140.79,0.0,49340812.71
3598,6504527.0,2847088.93,1530495.99,0.0,145684.19,22276208.71,4588529.29,4802634.51,0.0,42695168.63
3599,6504527.0,1628925.33,2182900.17,0.0,75527125.61,15499992.9,3251732.98,6767297.35,-64594.25,111297907.09
3600,6504527.0,300990.12,47399.82,0.0,253495.5,972560.53,279747.41,93959.63,-52882.97,8399797.03
3601,6504527.0,4553303.66,2745713.09,1783022.26,4081288.45,27134529.19,5387967.65,5338052.26,0.0,57528403.55
3602,6504527.0,1480056.83,1733919.32,19860547.05,20228872.33,14800568.27,3055104.11,7271060.19,0.0,74934655.1
3603,6504527.0,928516.17,2991262.86,19640220.59,262208475.88,6890265.04,1489172.24,6262329.74,-204420.34,306710349.17
3604,6504527.0,3201035.68,2484609.45,9532189.47,1337709.7,24700547.44,4942358.47,5472896.37,0.0,58175873.58
3605,6504527.0,1018184.08,516196.68,0.0,133417.09,6062090.81,1258638.18,1655272.22,-91903.59,17056422.47
3606,6504527.0,1015823.3,734868.16,0.0,906006.53,8087811.82,1756833.41,2590186.23,-81471.73,21514584.73
3607,6504527.0,2420419.38,1675970.17,0.0,961638.08,16750306.31,3370712.67,4114561.54,-16970.35,35781164.79
3608,6504527.0,2645992.47,1345846.89,0.0,3650191.55,19586109.05,4087198.87,4182215.58,0.0,42002081.41
3609,6504527.0,1577097.66,1183831.88,49009027.27,6796077.8,15770976.57,3210773.1,4602767.86,0.0,88655079.13
3610,6504527.0,3452967.84,2555061.21,9571847.44,1615170.77,25379788.2,5125713.17,5564397.71,0.0,59769473.33
3611,6504527.0,1567398.5,1355890.4,0.0,1888648.04,13451517.62,2713194.27,5550080.13,-9539.59,33021716.35
3612,6504527.0,4320166.07,3212226.86,6095279.88,4852924.83,31244557.33,6400091.8,5684498.63,0.0,68314272.4
3613,6504527.0,2505772.44,1888276.18,0.0,60689072.93,14040473.24,2817858.87,4059285.77,-72070.86,92433195.57
3614,6504527.0,2430448.97,1344889.61,0.0,80210.74,14417136.08,2900246.39,2583885.54,-97383.3,30163961.02
3615,6504527.0,2086048.42,1709049.51,0.0,1694812.27,17017664.65,3215564.61,4845827.28,-12320.39,37061173.34
3616,6504527.0,2997367.71,1298466.53,2326027.9,4382714.41,19451812.38,3927160.86,4691389.92,0.0,45579466.71
3617,6504527.0,4002661.24,2662289.74,4340961.68,1812360.87,26448457.4,5229738.98,5509214.92,0.0,56510211.82
3618,6504527.0,2097147.32,1787779.11,0.0,5058178.55,16996938.58,3544743.67,6381741.4,0.0,42371055.62
3619,6504527.0,2642759.56,1620228.86,0.0,1841854.26,22777827.92,4530907.94,4279102.53,0.0,44197208.06
3620,6504527.0,857371.86,362314.87,0.0,1376363.56,8139401.09,1696468.87,2964765.68,0.0,21901212.92
3621,6504527.0,2250928.21,1045702.79,0.0,1856601.63,17152425.48,3393144.44,4034137.16,0.0,36237466.7
3622,6504527.0,1048702.05,1002328.62,0.0,11291507.56,8636751.42,1810596.66,5101115.62,0.0,35395528.92
3623,6504527.0,2893564.76,1875168.52,0.0,1279802.39,19114832.88,3664714.7,3787921.43,-49938.15,39070593.53
3624,6504527.0,1838598.1,1248473.8,0.0,111956.4,13486723.88,2874401.71,2846892.55,-101888.79,28809684.63
3625,6504527.0,1520940.47,1227913.82,17839694.52,13119228.49,15209404.71,3123434.22,5858335.53,0.0,64403478.76
3626,6504527.0,1656789.83,840069.22,0.0,450555.33,13302207.62,2626542.8,2536739.79,0.0,27917431.59
3627,6504527.0,1326969.68,1060066.54,0.0,1703846.94,10401464.4,2225108.79,3993157.16,0.0,27215140.49
3628,6504527.0,3090169.21,2276012.63,0.0,1431180.93,22917842.34,4575154.17,5168494.6,-30192.4,45933188.48
3629,6504527.0,2783875.0,1916124.73,0.0,597911.91,19380345.08,3954181.11,4011659.81,-42757.81,39105866.83
3630,6504527.0,1471823.57,656714.22,0.0,723677.59,6809498.27,1434567.23,1052425.49,-33759.88,18619473.49
3631,6504527.0,2106775.73,1053585.33,0.0,18622.75,16806448.58,3453899.57,3879466.63,0.0,33823325.59
3632,6504527.0,2745764.21,1870605.25,0.0,45863.28,19318582.76,3916991.5,4077259.76,-62032.61,38417561.15
3633,6504527.0,2076332.14,2435527.14,2825718.26,77825876.78,17371430.84,3512434.75,5583678.56,-14097.12,118121428.36
3634,6504527.0,1298957.66,448111.06,0.0,458593.41,9647115.96,2145162.03,2215707.42,0.0,22718174.55
3635,6504527.0,821589.45,768012.75,0.0,1320493.49,7566474.3,1391423.93,3722471.87,-16215.47,22078777.32
3636,6504527.0,2673117.98,2214977.14,0.0,2514533.55,21755393.04,4517637.71,6542382.91,0.0,46722569.33
3637,6504527.0,1146374.36,756459.49,0.0,483142.04,8013435.85,1541943.49,2453420.13,-51588.5,20847713.87
3638,6504527.0,2475715.53,2036860.34,0.0,1212228.16,20336057.24,4129528.35,5700687.35,-41416.88,42354187.09
3639,6504527.0,2972793.89,2407702.65,0.0,176599.47,24255402.98,4958938.73,5721825.54,-24365.53,46973424.73
3640,6504527.0,2612924.9,2335211.54,5041558.65,76832107.11,16992365.83,3362374.03,5349477.24,-66535.04,118964011.27
3641,6504527.0,1418624.57,1317879.51,0.0,554401.41,13065583.39,2649521.38,6314786.75,-9171.92,31816152.08
3642,6504527.0,3021513.73,1732125.52,2571103.77,370553.35,24209382.53,4938365.57,5421451.36,0.0,48769022.82
3643,6504527.0,4001940.05,2653317.33,9002628.55,1487885.85,26359220.82,5154567.62,5518661.65,0.0,60682748.87
3644,6504527.0,1075602.02,1420150.81,0.0,60374289.96,9189691.03,1939664.35,5739909.08,-97593.34,86146240.91
3645,6504527.0,2789846.15,2407490.66,2793933.94,4029116.2,23603852.6,4904446.42,5877477.32,0.0,52910690.3
3646,6504527.0,2848123.43,1963472.78,2683063.36,3723837.67,26223605.93,5332370.51,6313930.38,0.0,55592931.06
3647,6504527.0,2524373.88,2250753.81,0.0,62575390.89,17432098.61,3511964.82,4858698.01,-92543.87,99565263.15
3648,6504527.0,1648970.78,1282770.3,0.0,26842.23,12817780.97,2614263.1,4730706.43,0.0,29625860.81
3649,6504527.0,2517273.15,2714698.19,11212549.76,78972704.74,19849782.88,3825087.57,5744278.33,0.0,131340901.62
3650,6504527.0,1900586.68,1550212.42,0.0,0.0,15985620.44,3346783.12,4353318.08,-48349.63,33592698.11
3651,6504527.0,1885417.42,1589929.61,0.0,416561.68,15884180.93,3317206.56,5743350.37,-1940.58,35339232.99
3652,6504527.0,1023795.46,1600327.56,33949206.7,63672961.51,10237954.64,2037456.45,5549650.21,0.0,124575879.53
3653,6504527.0,3911539.8,2449713.41,0.0,1286049.49,24570406.51,5009454.99,5241216.24,-28672.79,48944234.65
3654,6504527.0,2073074.74,1162149.56,0.0,1529308.57,17923965.11,3717827.92,4133362.8,0.0,37044215.7
3655,6504527.0,3135267.14,2260710.18,9578975.47,2292516.44,28973529.64,5894358.56,6855693.62,0.0,65495578.05
3656,6504527.0,2400254.64,1574946.27,0.0,2621143.25,22446804.67,4449765.65,5757884.13,0.0,45755325.61
3657,6504527.0,1524004.28,735755.7,0.0,472741.45,8202954.56,1630952.64,1822722.31,-89224.25,20804433.69
3658,6504527.0,1307885.74,1471452.91,0.0,23376554.8,11686595.28,2560741.81,7289629.91,0.0,54197387.45
3659,6504527.0,4277346.52,2333621.18,0.0,295490.86,23533000.06,4596403.44,4611355.46,-21535.89,46130208.63
3660,6504527.0,1157113.19,770198.85,0.0,355252.29,8967228.97,1865561.03,2836427.66,-139655.71,22316653.28
3661,6504527.0,2720843.0,1761512.54,0.0,1735667.54,17693112.02,3339577.09,3893446.56,-26326.65,37622359.1
3662,6504527.0,2729857.23,1834462.32,3680692.54,94694.57,25334719.92,5120900.8,5703735.66,0.0,51003590.03
3663,6504527.0,1186121.39,436425.07,0.0,13895266.76,5260491.1,1123524.45,783078.45,-213691.12,28975743.1
3664,6504527.0,1443958.59,1054554.49,0.0,71554.29,11488192.35,2397118.27,3217615.6,-96909.71,26080610.88
3665,6504527.0,953275.76,996475.79,32551130.44,3473432.83,9254310.15,1895741.29,4359504.55,0.0,59988397.82
3666,6504527.0,2763367.91,2497784.46,6098205.63,76832107.11,18210062.85,3595868.97,5105952.59,-25731.82,121582144.7
3667,6504527.0,1589894.4,1163822.68,0.0,0.0,12689624.97,2704255.88,3052675.68,-105139.82,27599660.79
3668,6504527.0,1381392.96,1617627.32,10958843.78,18207375.67,13813929.57,2800228.33,7777446.12,0.0,63061370.74
3669,6504527.0,2439466.5,1820970.16,0.0,73862.71,18182398.73,3697936.33,5504264.25,0.0,38223425.67
3670,6504527.0,2653456.51,2403955.58,0.0,76340817.44,17645492.58,3473765.35,5414732.38,-61154.92,114375591.91
3671,6504527.0,1113922.64,651488.05,9411938.85,21838162.82,9035473.43,1929612.81,3401058.4,0.0,53886183.99
3672,6504527.0,1851051.46,1321604.57,0.0,8445980.91,11463814.54,2312471.18,5622758.87,0.0,37522208.54
3673,6504527.0,1379305.37,1462705.83,0.0,17431702.03,12589074.45,2619834.12,6344752.82,0.0,48331901.62
3674,6504527.0,2778568.2,2312665.08,0.0,1382452.86,23130185.47,4728055.06,5458345.21,-14029.01,46280769.87
3675,6504527.0,1262108.26,1046674.57,0.0,1674157.66,10242025.66,2077736.9,4248687.48,0.0,27055917.53
3676,6504527.0,1484889.11,1277057.85,0.0,46417132.24,9112270.68,1780837.4,3683669.99,-102519.79,70157864.49
3677,6504527.0,2576430.03,1449677.41,2083747.45,4121165.22,20999067.05,4232711.51,4981442.29,0.0,46948767.94
3678,6504527.0,1404252.4,1268743.56,0.0,12377216.62,11240384.25,2422282.19,5012579.65,0.0,40229985.68
3679,6504527.0,2619769.58,1713338.18,0.0,100369.03,17790440.97,3660503.27,3461324.59,-68286.46,35781986.16
3680,6504527.0,2640304.73,2630284.09,8121749.75,79842722.8,19152448.08,3866873.3,5924501.83,-25113.32,128658298.27
3681,6504527.0,1402868.76,823177.57,21137233.42,2073678.62,12697684.65,2745923.74,4131987.51,0.0,51517081.29
3682,6504527.0,1165954.2,516390.03,25168736.93,6928830.3,9591000.46,1945261.9,3393365.18,0.0,55214066.0
3683,6504527.0,1408315.54,493789.21,0.0,437564.1,6755522.88,1424990.81,1138286.85,0.0,18162996.39
3684,6504527.0,3903593.56,2208690.33,2839672.56,675813.78,29057514.58,5815030.0,5476435.87,0.0,56481277.69
3685,6504527.0,1728784.76,900267.74,0.0,279467.37,14364995.12,3058505.43,3630264.54,0.0,30466811.95
3686,6504527.0,3432579.38,2565077.12,5903491.71,2608566.1,25294209.78,5006539.69,5754148.74,0.0,57069139.53
3687,6504527.0,544704.27,292742.28,0.0,0.0,3695196.03,764766.18,1306636.61,-76777.32,13031795.06
3688,6504527.0,1893626.02,1976801.06,4401953.83,78695566.37,12716282.17,2594062.9,5875947.53,-16694.65,114642072.23
3689,6504527.0,3226885.79,2431463.43,0.0,824064.22,24471133.35,4927975.03,3621068.23,-31231.15,45975885.89
3690,6504527.0,2335825.5,1224969.48,0.0,1336197.37,13817243.13,2746208.52,2743862.15,-173508.48,30535324.68
3691,6504527.0,3044095.82,3114059.25,0.0,78789569.46,23900301.85,5024935.02,6265607.79,-36241.41,126606854.77
3692,6504527.0,2711557.52,1678359.3,0.0,1361403.4,17610815.87,3400035.95,3592261.37,-97348.14,36761612.27
3693,6504527.0,2393284.16,1240599.05,0.0,1564671.48,13989121.48,2738514.39,2214688.46,-176303.27,30469102.74
3694,6504527.0,1426191.43,699790.27,0.0,1355352.94,13345273.36,2738329.0,3964392.81,0.0,30033856.81
3695,6504527.0,2074482.54,1793158.19,0.0,2045063.82,17898571.84,3701607.9,5644042.65,-20608.35,39640845.59
3696,6504527.0,963327.98,891821.17,10423949.91,48128.14,8900421.47,1809875.25,4258783.66,0.0,33800834.6
3697,6504527.0,3097042.52,2095815.23,0.0,1628651.62,21010990.31,4170215.93,3994144.8,-22281.06,42479106.35
3698,6504527.0,1115741.09,641039.84,11208934.66,10528385.0,9984861.74,2037274.6,3511741.28,0.0,45532505.21
3699,6504527.0,1082948.07,671322.39,20372996.9,7095425.66,10595265.69,2233114.9,3620114.9,0.0,52175715.51
3700,6504527.0,957570.13,424100.12,0.0,17546158.7,7537369.82,1557933.12,3229147.33,0.0,37756806.21
3701,6504527.0,3899651.26,2474210.89,0.0,1593019.21,24397261.99,4670194.0,4871248.29,-19950.01,48390162.62
3702,6504527.0,3163375.87,1995511.71,712269.54,1385113.72,26830723.79,5346441.01,5631750.17,0.0,51569712.81
3703,6504527.0,1966436.92,1503565.78,0.0,1282839.53,14845586.06,3007493.77,3348396.42,0.0,32458845.5
3704,6504527.0,1415641.48,604291.69,0.0,0.0,11733132.4,2428743.68,2743291.65,0.0,25429627.89
3705,6504527.0,1808844.02,1693534.67,0.0,7495782.23,16284113.62,3289873.35,6775322.92,-3812.7,43848185.11
3706,6504527.0,1299875.05,1400700.61,0.0,66057352.15,8890398.57,1876436.91,4985952.99,-103340.28,90911902.99
3707,6504527.0,3507697.38,2684860.75,11657351.06,203306.55,26794262.91,5324063.6,5388477.87,0.0,62064547.13
3708,6504527.0,1845599.94,1472609.59,0.0,2891523.05,14421903.38,2875853.03,5251538.97,0.0,35263554.96
3709,6504527.0,2603539.55,2236526.6,0.0,49896764.32,18165723.73,3672172.84,3859925.4,-54123.17,86885056.28
3710,6504527.0,1368566.87,1560331.32,0.0,66373940.26,10633781.26,2213173.61,5089714.77,-123946.05,93620089.02
3711,6504527.0,1183518.86,955607.54,0.0,751653.38,9278231.52,1990709.75,4506746.79,0.0,25170994.84
3712,6504527.0,1423932.02,837628.15,10521877.58,89221.94,13256201.14,2920032.83,3929290.79,0.0,39482711.45
3713,6504527.0,1686871.03,1391978.66,0.0,1176124.18,13552877.18,2762695.86,6365948.1,-6783.73,33434238.28
3714,6504527.0,2500509.06,1542573.4,1547544.17,710701.53,22316706.33,4624120.18,6312366.89,0.0,46059048.57
3715,6504527.0,2288005.23,1094917.17,0.0,169938.42,11773525.45,2285690.85,1860520.75,-83620.36,25893504.51
3716,6504527.0,3420582.25,2536956.66,2882190.13,768049.01,25269671.92,4950262.44,5382355.59,0.0,51714594.99
3717,6504527.0,1123289.19,914326.35,0.0,0.0,9373901.44,2002249.27,3530317.3,-23063.79,23425546.76
3718,6504527.0,2207684.49,1832392.72,0.0,1048873.87,18246326.39,3843621.96,4839912.71,-11304.31,38512034.82
3719,6504527.0,1922582.47,1420954.51,0.0,1143243.48,14058102.93,2766210.51,4755204.05,0.0,32570824.94
3720,6504527.0,3068372.03,2003545.89,0.0,246343.28,20164179.82,4037833.92,4875024.76,-15407.8,40884418.9
3721,6504527.0,2135651.82,1296831.53,0.0,8663404.96,18980555.0,3861755.85,4820651.63,0.0,46263377.8
3722,6504527.0,1195607.29,1386616.96,0.0,52062727.85,9654489.24,2060793.56,3842794.22,-65859.62,76641696.51
3723,6504527.0,1774606.74,1900584.28,0.0,66630952.89,13566319.01,2801290.99,4712906.73,-83203.74,97807983.9
3724,6504527.0,1558734.8,1233875.15,0.0,9103513.65,11174867.47,2556707.25,4873796.67,0.0,37006022.0
3725,6504527.0,1360307.24,1144297.38,0.0,377382.22,11379312.21,2198568.72,4558668.37,-6930.54,27516132.61
3726,6504527.0,2100567.49,1462647.79,0.0,673183.82,14710139.99,3074767.29,4453828.33,-33250.02,32946411.69
3727,6504527.0,1102784.7,1159872.62,0.0,24367382.67,8826754.14,1992791.91,4998521.62,0.0,48952634.67
3728,6504527.0,3558601.33,2485020.95,0.0,491191.67,24999138.1,5225803.11,5248429.61,-27132.44,48485579.33
3729,6504527.0,2266457.19,1704156.53,0.0,1315756.34,17128912.17,3506164.74,4458611.34,-22828.49,36861756.83
3730,6504527.0,1619866.44,904797.11,0.0,14923871.94,14223497.89,2886147.65,5442167.63,0.0,46504875.64
3731,6504527.0,1792664.5,1426326.89,0.0,650014.13,14432213.11,2974217.16,3687057.44,-28920.3,31438099.94
3732,6504527.0,2440800.1,1340412.57,0.0,1041064.15,20342951.49,4082705.36,4565664.85,0.0,40318125.53
3733,6504527.0,3466449.74,3052607.61,10669723.64,0.0,30526076.1,6164742.97,6198293.76,0.0,66582420.82
3734,6504527.0,1599619.79,786784.21,0.0,537175.29,13913731.99,2727212.57,3414571.46,0.0,29483622.32
3735,6504527.0,1417652.69,1168107.92,0.0,43245484.88,8680741.07,1736482.26,3607971.07,-135615.44,66225351.45
3736,6504527.0,2685103.65,2238679.66,0.0,82420.07,22717445.8,4731895.19,5213630.29,-36111.53,44137590.13
3737,6504527.0,2094820.23,1157288.67,0.0,255230.96,12054065.57,2380926.82,2200668.78,-49978.25,26597549.78
3738,6504527.0,998339.67,531106.53,0.0,5207611.92,9438385.99,1991777.98,3251905.08,0.0,27923654.18
3739,6504527.0,1692130.6,1380897.06,0.0,347183.66,14032908.06,2805165.97,4615518.14,-35227.16,31343103.33
3740,6504527.0,1186127.12,787420.56,0.0,279658.27,8262611.51,1805791.12,3090600.88,-42218.24,21874518.23
3741,6504527.0,1418704.33,807473.88,23858550.83,1206305.06,12594108.73,2678558.27,4012233.94,0.0,53080462.03
3742,6504527.0,3536584.71,2783017.44,0.0,637389.18,28002178.65,5590997.15,5079418.23,-25058.51,52109053.85
3743,6504527.0,1525105.21,1339682.84,0.0,44241382.91,10487090.04,2155886.21,3788601.2,-145878.77,69896396.63
3744,6504527.0,1882357.1,1429374.82,0.0,871557.49,14434747.3,2897256.44,4698119.44,-22331.48,32695608.11
3745,6504527.0,2287744.73,1351726.44,0.0,2148471.83,19834957.44,4092194.55,5203711.74,0.0,41423333.72
3746,6504527.0,2164679.15,1713843.79,0.0,1523802.57,16792177.29,3420154.99,5042046.0,-6122.5,37155108.29
3747,6504527.0,2100988.2,1797116.86,0.0,920574.62,18051453.01,3581248.33,4766066.21,-26107.4,37695866.83
3748,6504527.0,2580563.31,1940846.29,0.0,2009619.05,19211931.06,3874846.73,5206756.81,0.0,41329090.26
3749,6504527.0,2156502.94,1262464.59,0.0,9138619.8,18009105.02,3704909.33,4487356.46,0.0,45263485.15
3750,6504527.0,4219386.69,2307539.98,0.0,1450774.18,23105284.95,4623238.7,5052893.42,-21329.99,47242314.94
3751,6504527.0,1418690.02,814242.33,2492804.46,730466.67,13003794.98,2756645.94,3973668.89,0.0,31694840.3
3752,6504527.0,1353264.5,1700237.57,0.0,63985334.13,11458826.44,2392634.95,5353066.15,-16913.8,92730976.94
3753,6504527.0,2333621.93,846974.96,0.0,208416.08,14455166.07,2865893.85,2868169.46,0.0,30082769.36
3754,6504527.0,1406015.38,391946.29,0.0,52422.09,7924183.97,1659493.41,1425648.24,0.0,19364236.38
3755,6504527.0,2534799.6,1576535.35,0.0,1159316.1,16879062.18,3228306.51,3643169.84,-124187.46,35401529.11
3756,6504527.0,975266.18,368871.36,0.0,567478.86,7604775.99,1630732.67,1793727.87,0.0,19445379.93
3757,6504527.0,3192911.93,2116539.29,0.0,0.0,21506654.53,4286579.22,4919185.24,-34126.16,42492271.05
3758,6504527.0,2772227.19,1270953.22,0.0,2574234.38,19171009.77,3820471.81,4028030.48,0.0,40141453.85
3759,6504527.0,2267502.13,1634520.68,0.0,1453604.74,16209222.8,3436050.49,4373863.63,-2420.09,35876871.38
3760,6504527.0,1388539.13,1588184.55,6347635.13,17323262.64,13784714.84,2795604.75,7701156.32,0.0,57433624.37
3761,6504527.0,2826250.27,1900548.08,0.0,1366892.65,19286358.58,3814219.56,3356633.94,-44017.71,39011412.37
3762,6504527.0,3705989.56,2368831.81,0.0,233714.02,30627027.19,6220772.24,5392198.73,0.0,55053060.56
3763,6504527.0,3334100.14,2134048.2,0.0,1256263.15,21979172.39,4445567.43,4294033.18,-75681.89,43872029.61
3764,6504527.0,1213392.38,1159329.45,0.0,13465855.95,9817386.01,2093581.51,4944407.89,0.0,39198480.18
3765,6504527.0,1423449.8,1716223.38,1571724.51,76904546.82,10912679.81,2263855.52,5417302.9,-80232.29,106634077.45
3766,6504527.0,1478456.59,1610456.56,0.0,66382620.62,10089266.64,2086745.42,5466298.65,-49380.38,93568991.1
3767,6504527.0,943445.13,465569.3,0.0,17009019.66,7730934.12,1773135.75,3081771.21,0.0,37508402.17
3768,6504527.0,2070839.61,1521815.96,0.0,46320281.92,12143306.63,2412980.34,3559231.52,-152458.96,74380524.02
3769,6504527.0,2832229.35,1331841.53,0.0,10897790.06,19058197.9,3810708.82,4877693.05,0.0,49312987.73
3770,6504527.0,2795922.98,1939115.36,4406284.77,0.0,19391153.59,3901579.24,5751415.65,0.0,44689998.59
3771,6504527.0,1509303.81,1097396.25,0.0,594063.17,10754370.84,2415364.81,4995335.0,0.0,27870360.88
3772,6504527.0,1654986.24,870635.9,0.0,342348.87,9514160.57,1948943.67,1937036.98,-88829.3,22683809.94
3773,6504527.0,1413133.75,1548737.22,0.0,18434303.69,13150841.34,2770105.07,7544458.02,0.0,51366106.09
3774,6504527.0,1674656.09,1230500.25,0.0,38484990.4,9306309.14,1805806.46,2939824.9,-88467.75,61858146.48
3775,6504527.0,1908290.92,1508102.49,0.0,43334194.66,11446351.62,2251502.16,3578077.04,-73267.74,70457778.16
3776,6504527.0,3076987.67,2225662.08,0.0,685315.21,22494424.44,4647625.35,5090918.19,-30385.47,44695074.47
3777,6504527.0,1401770.06,1684032.19,9869142.35,21677803.98,14017700.58,2953959.9,7411996.69,0.0,65520932.75
3778,6504527.0,1693054.43,1380098.96,0.0,164132.88,13912940.79,2773460.06,5494159.4,-17262.18,31905111.34
3779,6504527.0,3567141.04,2675794.13,0.0,2183748.04,27169176.75,5511689.51,4940948.89,-64482.39,52488542.96
3780,6504527.0,1503826.45,680964.08,0.0,319293.0,11658961.18,2605356.28,2424187.82,0.0,25697115.81
3781,6504527.0,1673482.81,931401.59,0.0,597960.14,15575380.57,3246036.63,3729062.92,0.0,32257851.65
3782,6504527.0,1880293.5,724998.13,0.0,273785.16,7458010.42,1427195.01,1447393.2,-23656.78,19692545.64
3783,6504527.0,750309.44,1072549.75,7662202.19,52812383.1,7443528.33,1587321.64,3535533.04,-143774.2,81224580.3
3784,6504527.0,1954359.6,916936.67,0.0,216656.03,15140939.59,3146508.82,3409892.42,0.0,31289820.12
3785,6504527.0,878316.58,562116.56,0.0,0.0,6592726.86,1326672.67,1972298.91,-97156.13,17739502.44
3786,6504527.0,1333131.49,808346.1,542368.18,137782.96,12954643.2,2756204.96,3936596.77,0.0,28973600.65
3787,6504527.0,1152248.11,1363576.83,0.0,54433467.97,9674068.61,2021990.22,4254730.1,-115519.03,79289089.8
3788,6504527.0,2365999.37,2118961.72,0.0,62692668.98,16085569.05,3354471.24,4575445.38,-87558.49,97610084.25
3789,6504527.0,2253292.67,1642901.25,0.0,3358611.63,21641229.86,4432791.98,6107406.98,0.0,45940761.37
3790,6504527.0,2460391.37,1620932.57,0.0,181769.23,16278788.44,3260656.41,3296768.93,-12333.74,33591500.22
3791,6504527.0,4025535.58,2478016.32,0.0,704737.22,24679452.42,4828880.72,5191262.33,-7257.21,48405154.37
3792,6504527.0,1058583.27,2568955.14,0.0,193916645.11,7909452.83,1579821.13,5961305.62,-219793.34,219279496.76
3793,6504527.0,3587563.81,2645252.92,0.0,1865235.08,26579885.84,5523145.08,4694053.97,-41850.76,51357812.95
3794,6504527.0,950100.12,1127080.52,34831784.9,11362758.87,9501001.17,1993061.72,4932674.61,0.0,71202988.91
3795,6504527.0,1912723.03,2070720.58,0.0,67006088.42,14889222.92,3086107.96,5013010.32,-46830.33,100435569.9
3796,6504527.0,2239735.95,1471030.35,0.0,436331.8,15121832.83,2953550.32,3027991.44,-47086.95,31707912.74
3797,6504527.0,1753367.89,903299.09,0.0,898246.83,13463338.8,2683494.51,2797673.28,0.0,29003947.39
3798,6504527.0,887365.01,711329.15,0.0,62770.24,7739304.31,1605528.59,3270355.81,-64921.55,20716258.56
3799,6504527.0,2488966.31,1326077.9,0.0,202631.91,13320560.53,2718505.05,2690304.72,-8347.17,29243226.25
3800,6504527.0,2606019.38,1991410.96,4352178.21,86534.18,19882122.8,3992744.44,5518035.39,0.0,44933572.36
3801,6504527.0,2137342.26,1694573.39,0.0,59312408.55,12308447.29,2488766.23,4134662.11,-90126.64,88490600.2
3802,6504527.0,2447353.36,1911532.88,0.0,1656964.93,18961750.75,3622329.25,5763447.2,0.0,40867905.39
3803,6504527.0,734690.51,445936.77,3447208.11,30004261.73,6503293.77,1373031.65,3188895.22,0.0,52201844.76
3804,6504527.0,984393.8,635659.45,0.0,4983.15,6995224.54,1360509.01,2220182.64,-63898.16,18641581.44
3805,6504527.0,2873860.12,1364035.12,0.0,4129282.75,19798970.47,4042682.31,4461075.17,0.0,43174432.94
3806,6504527.0,2637574.78,2523610.02,13798472.41,6694292.44,24307587.56,5082098.08,6494062.57,0.0,68042224.86
3807,6504527.0,1857886.66,951099.17,0.0,0.0,15937799.44,3210717.83,3902359.52,0.0,32364389.61
3808,6504527.0,2543444.15,1808790.17,0.0,456159.02,18249626.09,3738671.14,4993314.37,-23926.23,38270605.72
3809,6504527.0,3083077.96,3101249.56,0.0,77409251.17,24097201.63,4978037.17,5489407.66,-20022.94,124642729.22
3810,6504527.0,3429820.27,2400311.38,6073217.9,1089805.63,23885041.57,4681654.13,5334898.29,0.0,53399276.17
3811,6504527.0,937916.49,1141344.13,21919421.19,56831806.59,7555403.02,1589498.72,3381490.28,-95289.55,99766117.88
3812,6504527.0,810169.0,0.0,0.0,0.0,1263930.87,394892.71,0.0,-126393.09,8847126.5
3813,6504527.0,3945322.75,2912176.93,8390244.75,5089132.82,28050012.21,5780320.14,5675681.52,0.0,66347418.13
3814,6504527.0,1854450.65,1558577.25,0.0,165015.79,15840211.29,3072094.32,4832047.0,-28345.29,33798578.0
3815,6504527.0,2536063.9,1682633.54,0.0,0.0,16876813.72,3430785.96,5156685.38,-5047.84,36182461.66
3816,6504527.0,1273804.0,1157760.44,0.0,4629548.68,11050614.65,2236987.09,4754561.02,0.0,31607802.88
3817,6504527.0,1296374.46,919432.24,0.0,937543.31,8888929.97,1918395.23,3420558.5,0.0,23885760.71
3818,6504527.0,1821779.36,1676646.37,0.0,2900639.07,16077208.95,3366581.51,6605956.77,0.0,38953339.04
3819,6504527.0,639300.08,248046.01,0.0,0.0,2963279.49,584164.21,1147922.72,-48281.94,12038957.57
3820,6504527.0,2254692.48,1330962.22,0.0,52464.29,13917488.71,2767219.54,2684933.92,-61156.75,29451131.42
3821,6504527.0,1440249.91,1038577.64,0.0,755026.76,10209554.67,2084113.49,3057865.87,0.0,25089915.35
3822,6504527.0,2389979.12,2286558.29,6580910.54,1471006.62,22599135.09,4614911.98,6836250.71,0.0,53283279.35
3823,6504527.0,2593624.02,1686696.68,0.0,867245.18,23775770.28,4735882.45,6651986.24,0.0,46815731.84
3824,6504527.0,951081.26,1591951.83,49689799.18,69877396.12,9510812.64,1945356.71,4940475.64,0.0,145011400.39
3825,6504527.0,1978726.64,639048.36,0.0,3674.8,9001249.17,1887061.53,1343835.5,0.0,21358122.99
3826,6504527.0,1364746.83,955949.68,0.0,0.0,10292387.48,2045460.78,2933947.05,-73289.07,24023729.74
3827,6504527.0,981082.69,418298.28,0.0,887965.84,4974441.51,990649.94,1204636.52,-90689.73,15870912.05
3828,6504527.0,1360505.09,1581990.46,0.0,18526219.33,13512615.53,2746394.32,7824233.02,0.0,52056484.76
3829,6504527.0,2368969.98,1378394.8,0.0,458385.64,13885428.11,2999744.56,3128592.96,-13749.41,30710293.64
3830,6504527.0,2497338.51,1659374.01,0.0,669844.89,17577450.87,3353011.18,3622602.17,-106563.3,35777585.34
3831,6504527.0,3095200.47,2191762.21,0.0,934329.78,21897414.75,3896950.15,4297170.95,-19572.9,42797782.41
3832,6504527.0,1004485.19,854605.5,9194070.99,45866.27,8529100.87,1792236.57,3755835.43,0.0,31680727.84
3833,6504527.0,2392274.84,1616259.05,0.0,240100.37,16299944.29,3325696.3,4261229.7,-18278.09,34621753.47
3834,6504527.0,1743633.63,1530824.25,10235230.31,2336640.04,14984164.46,3000826.9,7228800.86,0.0,47564647.46
3835,6504527.0,2019806.88,1321725.64,0.0,0.0,13356921.96,2704978.09,4750142.9,-13966.56,30644135.9
3836,6504527.0,1472192.0,719601.97,0.0,695991.18,7339137.75,1505271.5,1102772.92,-25786.25,19313708.07
3837,6504527.0,3436489.07,2437182.9,4532451.45,1890720.62,24167922.5,5011522.11,5678315.94,0.0,53659131.59
3838,6504527.0,1171214.17,1058826.17,0.0,12800067.95,9091773.73,1887777.9,4972033.13,0.0,37486220.05
3839,6504527.0,2396069.41,1291571.65,0.0,579411.17,12705514.13,2585696.35,2869813.21,0.0,28932602.92
3840,6504527.0,2010453.7,911358.66,0.0,455987.32,9707036.06,1990617.05,2097666.75,-71637.54,23606009.0
3841,6504527.0,972233.82,1191415.29,2101697.56,49643667.25,8470150.57,1729980.08,3649600.91,-112116.29,74151156.19
3842,6504527.0,1547846.88,1132007.38,0.0,0.0,11882344.79,2360476.82,4102592.57,-56227.1,27473568.33
3843,6504527.0,2154535.12,1529556.12,0.0,919857.61,15280782.14,3127676.39,4018731.67,-9404.36,33526261.69
3844,6504527.0,1415872.3,1935152.81,0.0,111015565.26,10428746.63,2216414.27,5363798.19,-161351.29,138718725.16
3845,6504527.0,325510.12,125523.06,0.0,3165197.88,3255101.24,669727.34,1822027.94,0.0,15867614.59
3846,6504527.0,969081.16,534459.5,4174898.24,14446515.86,8837671.56,1890777.79,3322320.87,0.0,40680251.97
3847,6504527.0,1189372.59,823325.87,0.0,507582.34,8984034.4,1878358.6,2086440.0,-82970.96,21890669.83
3848,6504527.0,2001143.06,1287040.92,0.0,8566493.62,18360531.54,3742489.58,5063039.89,0.0,45525265.61
3849,6504527.0,2536214.08,1354259.63,0.0,337128.65,13934043.02,2725847.48,1898096.69,-42964.47,29247152.08
3850,6504527.0,2884138.62,1857035.05,0.0,2105212.62,19806142.47,3749059.85,3436424.08,-145793.37,40196746.32
3851,6504527.0,928762.41,1428675.16,58204796.45,63514211.05,9168443.94,1698495.67,5079336.62,-87486.87,146439761.43
3852,6504527.0,2728777.35,1927809.92,0.0,945703.6,19148965.93,3843454.35,4076232.87,0.0,39175471.02
3853,6504527.0,2312770.56,1552285.44,0.0,672347.93,15820311.57,3179950.95,3133385.85,-38089.54,33137489.75
3854,6504527.0,543240.53,396535.55,0.0,0.0,4005211.8,792954.33,2293824.55,-3985.63,14532308.12
3855,6504527.0,1543052.06,1405563.81,0.0,56082450.41,9684310.28,2157004.96,4473461.95,-108110.91,81742259.54
3856,6504527.0,1252429.14,867012.93,0.0,447641.45,9024557.33,1787284.17,3925506.71,-51989.58,23756969.14
3857,6504527.0,1746605.79,2070336.37,2474454.18,77140073.03,13826480.07,2869787.83,5794041.38,-18840.27,112407465.38
3858,6504527.0,1407620.17,1451328.95,0.0,10002196.88,13312252.17,2625869.78,6029781.08,0.0,41333576.03
3859,6504527.0,2084688.49,1540423.62,1253546.36,16656305.07,20285332.64,4014260.15,7091865.9,0.0,59430949.23
3860,6504527.0,790402.42,376069.96,0.0,1779430.66,7032600.56,1344763.68,3167634.8,0.0,20995429.08
3861,6504527.0,2708054.66,1471223.35,0.0,4303447.15,15635508.24,3100410.23,3281650.87,-145627.23,36859194.29
3862,6504527.0,869799.7,375412.44,0.0,1470512.06,7216110.56,1484924.81,2352739.18,0.0,20274025.74
3863,6504527.0,3287453.76,2861044.63,8978009.07,2162762.79,28235074.94,5720783.48,5700518.14,0.0,63450173.81
3864,6504527.0,3691858.79,2509935.51,5873807.95,2580852.89,24776190.18,5016626.91,5452208.29,0.0,56406007.5
3865,6504527.0,1640443.59,871631.18,0.0,163597.06,9408118.21,1827899.79,2076131.38,-70984.3,22421363.93
3866,6504527.0,1149131.63,668617.67,21999920.61,7304422.85,10421578.2,2446975.24,3449975.23,0.0,53945148.42
3867,6504527.0,916337.44,568161.97,789636.04,10009289.78,9163374.43,1855457.09,3411545.39,0.0,33218329.12
3868,6504527.0,2022413.17,1754535.1,0.0,1596650.02,17627068.21,3633337.0,5939544.36,-34326.62,39043748.24
3869,6504527.0,1118539.1,838956.01,0.0,5097.82,9023899.66,1848598.37,3128730.98,-63476.2,22404872.74
3870,6504527.0,3094449.32,1620141.48,0.0,0.0,23226514.85,4629412.3,4877247.21,0.0,43952292.16
3871,6504527.0,2176519.12,2487169.08,5983943.93,81722927.31,17655137.1,3730740.54,5788339.3,-38034.44,126011268.95
3872,6504527.0,1011521.09,875475.06,0.0,1211235.55,8492822.48,1845471.73,4186662.94,0.0,24127715.84
3873,6504527.0,2083705.8,1812665.41,0.0,58318709.95,13571552.11,2804494.31,3816280.06,-86433.4,88825501.24
3874,6504527.0,2883664.96,2165902.88,0.0,577471.63,22084303.81,4499053.4,4666044.35,-63873.37,43317094.66
3875,6504527.0,1434514.52,1308273.28,0.0,4882086.33,12511955.87,2565314.28,4769162.59,0.0,33975833.87
3876,6504527.0,2653571.3,1518885.44,0.0,0.0,22026306.57,4485305.33,5249739.29,0.0,42438334.92
3877,6504527.0,3699864.64,2504316.54,0.0,3017977.66,25118412.92,4990108.49,5173758.13,-41677.53,50967287.84
3878,6504527.0,3804033.25,2928398.72,9212036.07,1311333.83,29101164.92,5959748.71,5595246.76,0.0,64416489.25
3879,6504527.0,2986055.53,1374885.52,0.0,0.0,14391985.54,2970939.63,2819146.27,-64313.03,30983226.47
3880,6504527.0,2228553.15,1352400.71,0.0,0.0,20549107.11,4099542.78,5368026.16,0.0,40102156.91
3881,6504527.0,3287122.51,2694109.11,0.0,1650492.69,26995012.11,5698300.31,4748936.83,-30624.24,51547876.33
3882,6504527.0,2409158.31,2274394.83,0.0,74229609.32,16669127.33,3381826.15,5216662.59,-66630.17,110618675.36
3883,6504527.0,1075100.07,663869.52,0.0,66751.74,7568493.32,1529692.7,1886893.06,-95447.25,19199880.15
3884,6504527.0,2179051.55,893167.09,0.0,111751.26,14990940.78,3006610.71,3218633.21,0.0,30904681.61
3885,6504527.0,2423925.58,1464146.2,0.0,315993.39,14781409.85,3087485.7,3296374.87,-25624.86,31848237.72
3886,6504527.0,3198999.89,2472306.78,2837777.33,768717.9,24659346.56,4926560.79,5170175.27,0.0,50538411.51
3887,6504527.0,3043105.72,2115324.56,0.0,2061576.72,21009161.66,4230870.09,5592416.97,-134.31,44556848.41
3888,6504527.0,1011335.46,595879.41,8878649.27,10756986.34,9662324.23,2104413.72,3248614.06,0.0,42762729.48
3889,6504527.0,975158.24,461733.04,49519847.02,967872.82,9461955.07,1844716.4,2997824.35,0.0,72733633.93
3890,6504527.0,3063308.32,1677384.79,0.0,832869.47,23650115.39,4836157.3,4280192.71,0.0,44844554.97
3891,6504527.0,1610418.82,1196725.65,0.0,1172644.31,12273011.26,2503347.62,3056236.52,-58115.05,28258796.14
3892,6504527.0,1255427.31,715341.23,22724741.71,3590006.67,11309682.63,2488288.81,3988638.6,0.0,52576653.96
3893,6504527.0,1697014.48,1479762.49,0.0,2038776.25,14487160.02,3044545.62,4967767.13,0.0,34219552.99
3894,6504527.0,1978942.03,2453098.99,3255858.26,80637285.81,17517265.19,3347184.66,7305171.68,-57922.51,122941411.13
3895,6504527.0,1025536.04,682143.34,13969494.85,11210891.07,10255360.44,2018920.72,3967662.69,0.0,49634536.15
3896,6504527.0,1992144.89,1677137.32,0.0,1381698.67,16725989.89,3247104.04,4839361.64,-14797.92,36353165.53
3897,6504527.0,2791047.09,1513613.47,0.0,0.0,22039542.62,4527286.6,4787109.01,0.0,42163125.79
3898,6504527.0,2293088.37,2155554.1,0.0,65316803.36,16533895.59,3258126.13,4694087.17,-124894.2,100631187.52
3899,6504527.0,2586529.77,2355248.35,2244155.89,77866187.87,17110589.95,3384082.2,5196044.46,-69752.72,117177612.77
3900,6504527.0,1395093.87,1378428.79,0.0,11733043.47,12210870.83,2528638.48,5300344.04,0.0,41050946.48
3901,6504527.0,1010845.86,1763225.0,0.0,105897212.98,8620408.68,1767515.0,5602641.12,-144455.96,131021919.68
3902,6504527.0,872190.48,928878.23,51708562.27,3371571.53,8721904.82,1702353.9,4005343.38,0.0,77815331.61
3903,6504527.0,1480058.94,1096268.18,0.0,1516444.88,12127761.42,2490705.19,3297021.03,-133969.12,28378817.52
3904,6504527.0,956338.58,1403088.48,43767010.12,59644318.65,9046047.63,1833743.65,4377014.66,0.0,127532088.78
3905,6504527.0,3588842.66,1872949.33,0.0,918073.95,19011765.5,3955301.4,3833779.25,-39065.97,39646173.11
3906,6504527.0,1418954.22,1332287.36,0.0,8679693.54,12308108.96,2526606.32,4861997.6,0.0,37632174.99
3907,6504527.0,2546768.9,1643588.01,12084247.69,7858259.58,22531088.01,4541656.1,6646627.05,0.0,64356762.34
3908,6504527.0,1445993.79,1233722.63,0.0,4709874.75,11786583.12,2557620.44,4123707.66,0.0,32362029.4
3909,6504527.0,906725.95,838217.77,0.0,3304537.9,7998285.84,1706393.54,3964572.54,0.0,25223260.54
3910,6504527.0,2431835.82,1229915.17,0.0,1532660.46,12861109.67,2505489.52,2583575.54,-74650.57,29574462.61
3911,6504527.0,2352976.91,1122501.83,0.0,1538267.39,12528073.57,2430858.19,2099499.43,-148306.99,28428397.34
3912,6504527.0,1805828.17,1274376.57,0.0,0.0,13296823.47,2701020.54,3509304.36,-55305.77,29036574.34
3913,6504527.0,2610275.1,1322800.82,0.0,347241.61,13891413.43,2790144.78,2425192.27,-75769.33,29815825.68
3914,6504527.0,2347252.88,1244607.13,0.0,139287.21,13215762.47,2583277.53,2105163.94,-77940.37,28061937.79
3915,6504527.0,1269357.96,1238935.56,0.0,5660340.47,11669528.46,2445451.02,5158163.36,0.0,33946303.83
3916,6504527.0,1030568.67,402874.35,0.0,241787.08,7897400.98,1754495.58,1627748.53,0.0,19459402.18
3917,6504527.0,3177687.31,2059545.65,0.0,217950.68,20947071.23,4140883.69,4514502.4,-37681.36,41524486.6
3918,6504527.0,2458113.79,1288373.4,0.0,175864.04,13647192.61,2624061.91,2619442.97,-78063.49,29239512.24
3919,6504527.0,2759893.94,1181646.27,0.0,5816280.35,18123288.59,3671932.25,4581961.68,0.0,42639530.08
3920,6504527.0,2228102.65,1959539.85,0.0,63772028.62,14366914.93,2828519.64,4567725.74,-82830.75,96144527.68
3921,6504527.0,804115.35,0.0,0.0,0.0,1768257.49,545764.9,0.0,-176825.75,9445838.99
3922,6504527.0,1237146.74,523788.07,0.0,12086232.93,4887353.54,1028207.52,818663.94,-83172.87,27002746.87
3923,6504527.0,1925307.65,1613758.88,0.0,4026387.67,15387105.33,3276817.78,5430098.54,0.0,38164002.85
3924,6504527.0,2315973.81,2088050.19,0.0,966527.04,21168726.5,4497789.33,5616151.48,-64549.51,43093195.83
3925,6504527.0,3491261.11,2760792.78,14529065.61,3812328.07,27279583.58,5565968.39,6143120.78,0.0,70086647.34
3926,6504527.0,1377613.44,813599.33,3862776.1,124097.31,13036700.55,2652497.36,4570608.78,0.0,32942419.87
3927,6504527.0,1690368.32,1344508.38,0.0,118115.1,13814200.87,2827562.45,4601346.29,-39213.89,30861414.53
3928,6504527.0,985825.03,821745.78,0.0,255670.96,8122950.71,1673179.07,3938649.41,0.0,22302547.96
3929,6504527.0,1864883.95,1485439.5,0.0,3569813.74,14465657.93,3007628.35,5964344.0,-2861.88,36859432.57
3930,6504527.0,1275609.04,1690054.98,0.0,74504379.33,9867433.76,2180695.1,5925026.11,0.0,101947725.32
3931,6504527.0,2835549.97,2297411.2,0.0,0.0,23112742.35,4702655.0,6128677.44,-13863.04,45567699.92
3932,6504527.0,852900.31,377512.96,0.0,3408425.13,8173318.29,1674190.4,2937809.18,0.0,23928683.27
3933,6504527.0,1378298.47,1868642.99,0.0,103465555.88,8954920.04,1730353.43,4601121.32,-61488.15,128441930.98
3934,6504527.0,3357750.55,1728478.26,0.0,220825.91,17570703.27,3525244.25,3746688.57,-30704.0,36623513.81
3935,6504527.0,739660.84,373098.96,0.0,706553.71,4616073.85,987858.22,1420713.67,-95652.62,15252833.62
3936,6504527.0,4237324.97,3268693.58,7352387.12,1739777.96,32201130.79,6498717.29,5635270.46,0.0,67437829.18
3937,6504527.0,2737422.6,1686087.56,0.0,709797.31,17142691.03,3426539.85,4582170.0,-36028.57,36753206.78
3938,6504527.0,2215476.22,1593246.23,0.0,461779.83,16258896.41,3269662.29,3720591.45,-40399.35,33983780.08
3939,6504527.0,3014358.96,1949605.75,7687246.17,0.0,26521157.53,5328759.96,5544946.5,0.0,56550601.87
3940,6504527.0,3161223.93,2095299.34,0.0,186137.59,21220436.07,4199234.55,4917337.1,-28867.03,42255328.55
3941,6504527.0,1060565.76,1058453.2,0.0,7314191.64,9661973.32,2051937.26,4759991.98,0.0,32411640.16
3942,6504527.0,967500.63,335160.76,0.0,0.0,7149168.53,1585748.55,1426102.02,0.0,17968207.5
3943,6504527.0,1038564.36,795165.6,0.0,558037.46,8494100.59,1765853.87,3141405.88,-74871.95,22222782.81
3944,6504527.0,2102479.77,1469267.42,0.0,674077.21,15292320.83,3019135.24,3812244.61,-69501.58,32804550.5
3945,6504527.0,3197065.75,3014059.19,9750635.65,76975042.17,23112971.7,4476702.01,5763854.52,-5031.48,132789826.51
3946,6504527.0,2237133.25,1394872.49,0.0,10893096.8,19700285.72,4110854.29,5492146.87,0.0,50332916.43
3947,6504527.0,1034550.3,573280.47,0.0,1020109.4,5422823.9,1087107.75,2674406.42,0.0,18316805.25
3948,6504527.0,1190628.96,277690.25,0.0,608147.0,3023703.99,820811.1,368086.8,-42234.95,12751360.15
3949,6504527.0,1724634.24,1445779.09,0.0,1649121.85,14111596.59,2736574.69,5326567.04,0.0,33498800.51
3950,6504527.0,2948542.17,1978781.47,0.0,54514.92,20023243.52,4091055.85,4397034.43,-25557.99,39972141.38
3951,6504527.0,1437546.72,1504508.69,0.0,81686607.0,9165567.27,1960486.35,3103457.88,-181314.22,105181386.69
3952,6504527.0,3229606.02,1567847.48,0.0,4046426.62,22176779.15,4554214.64,4882675.33,0.0,46962076.24
3953,6504527.0,2627804.28,1909229.19,3748070.61,0.0,19092291.95,3873191.49,5572029.89,0.0,43327144.41
3954,6504527.0,1434354.44,1642914.16,8098928.01,18555159.6,14246198.19,2934389.38,7617465.84,0.0,61033936.61
3955,6504527.0,2513969.56,1416163.04,0.0,1750530.15,14593312.09,2695841.24,3080332.15,-62191.31,32492483.92
3956,6504527.0,3023858.68,1988766.25,0.0,1497962.89,20347358.87,4104718.34,4052504.79,-61046.09,41458650.73
3957,6504527.0,989779.7,555367.63,29557583.08,1538723.78,9897796.95,2085832.66,3380903.88,0.0,54510514.68
3958,6504527.0,2785754.62,2622178.18,6008926.96,73432345.01,19568109.23,3733425.05,5280300.91,-24600.9,119910966.07
3959,6504527.0,1628924.12,1339433.22,0.0,867283.22,13333009.54,2662938.22,5390629.43,-25926.3,31700818.45
3960,6504527.0,1362656.11,1046980.9,0.0,1129004.19,10430380.45,2138180.47,3960256.72,-16042.7,26555943.14
3961,6504527.0,1636489.03,1273273.81,0.0,167671.31,13504097.6,2849762.31,4050605.97,-83333.81,29903093.22
3962,6504527.0,518197.44,342353.16,0.0,14172481.84,3575131.89,780708.12,2140152.79,-192327.16,27841225.08
3963,6504527.0,1307157.13,1126980.01,0.0,14155468.69,9614848.88,2115617.5,5047581.05,0.0,39872180.25
3964,6504527.0,1773843.72,942904.68,0.0,2618276.28,13536552.97,2805273.02,3134190.17,0.0,31315567.83
3965,6504527.0,3225137.21,2400764.02,0.0,1558433.48,24246377.76,4635470.93,3492954.53,-50609.49,46013055.45
3966,6504527.0,1481195.03,1066114.89,0.0,708099.98,10864131.57,2207401.23,2988439.41,-36484.41,25783424.7
3967,6504527.0,2414600.15,1337867.38,0.0,648140.46,19829107.91,3999374.05,4584795.04,0.0,39318412.0
3968,6504527.0,1100495.02,1209629.81,21445124.3,9820868.88,10813523.71,2097738.86,5376069.69,0.0,58367977.28
3969,6504527.0,3346475.37,2395657.7,0.0,2007472.51,23867923.76,4693752.16,5350816.67,-10802.65,48155822.52
3970,6504527.0,2256536.53,1330407.81,0.0,720554.82,14560667.51,2982675.11,2321502.35,-139501.39,30537369.75
3971,6504527.0,3895745.18,2707131.28,6093879.67,873294.81,26967761.03,5431514.94,5504881.28,0.0,57978735.18
3972,6504527.0,1380415.32,1207568.06,0.0,0.0,12176193.01,2376194.04,4835730.11,-10051.24,28470576.31
3973,6504527.0,1765244.88,1989125.54,4465414.23,77112450.22,13578238.12,2800734.29,6055371.44,-81570.97,114189534.74
3974,6504527.0,1912143.68,1268204.67,0.0,403056.33,13682034.58,2982955.19,3123649.65,-111424.3,29765146.8
3975,6504527.0,1754884.34,1457185.51,0.0,1292272.33,14851104.29,3194259.27,4708583.47,-61989.81,33700826.4
3976,6504527.0,2466323.89,1327774.36,0.0,0.0,19767134.64,4059920.34,4265048.18,0.0,38390728.4
3977,6504527.0,1281269.78,699059.88,0.0,1851012.39,10988230.23,2343025.85,3588492.94,0.0,27255618.07
3978,6504527.0,1929946.99,1866830.49,12585091.97,8802258.32,17438230.93,3756742.89,5499603.36,0.0,58383231.95
3979,6504527.0,4344968.07,2622867.91,0.0,4352028.06,25700949.82,5261733.55,5546118.77,0.0,54333193.19
3980,6504527.0,1679048.05,1430211.55,0.0,33718125.93,12637974.73,2523811.76,2140736.4,-139707.89,60494727.53
3981,6504527.0,1173066.55,946618.46,0.0,52499185.63,5280090.03,1110467.44,2727506.11,-140961.71,70100499.51
3982,6504527.0,3029938.82,2037980.78,0.0,2092984.89,20547376.16,3983327.24,4388428.5,-37077.31,42547486.07
3983,6504527.0,1327420.67,547152.08,7280576.19,13322890.24,8830052.53,1994533.66,3029236.73,0.0,42836389.09
3984,6504527.0,2876282.15,2267975.63,0.0,2020924.07,22636837.78,4423475.71,5031808.79,-34887.56,45726943.58
3985,6504527.0,1691558.68,1464662.24,0.0,659097.75,15014695.0,3045411.32,6249806.5,-44512.94,34585245.54
3986,6504527.0,951302.33,885417.55,0.0,2735036.24,8541453.22,1821829.07,4383027.42,0.0,25822592.84
3987,6504527.0,2795113.16,1242337.68,0.0,844984.67,18001017.8,3503963.13,3243167.0,0.0,36135110.44
3988,6504527.0,2792981.69,1362997.2,0.0,3467212.39,19866863.75,4020784.94,4462530.86,0.0,42477897.83
3989,6504527.0,2880248.42,1870464.39,0.0,570187.1,18814122.09,3735826.91,4012836.84,-32024.42,38356188.33
3990,6504527.0,3055113.93,1961865.12,0.0,615508.62,19817147.12,4031348.88,4066780.51,-26654.23,40025636.94
3991,6504527.0,1108708.62,351481.65,0.0,195417.51,7274338.4,1661593.78,1546601.76,0.0,18642668.73
3992,6504527.0,2709954.43,2276339.41,0.0,2666664.67,22217970.22,4271934.86,6031701.97,-14890.91,46664201.65
3993,6504527.0,1361933.14,986815.36,0.0,0.0,10333746.85,2159376.28,3420034.38,-46559.33,24719873.68
3994,6504527.0,2479344.96,1930349.4,0.0,1343928.75,19725358.07,4352377.41,4424585.44,-55673.61,40704797.42
3995,6504527.0,1355601.93,1727956.77,0.0,63187071.91,11750549.51,2346270.38,6009079.04,-29473.47,92851583.06
3996,6504527.0,2775215.89,1605549.12,0.0,322968.26,16343775.38,3495800.7,3179047.35,-36411.09,34190472.62
3997,6504527.0,2408111.38,1734747.62,0.0,1015472.43,17392924.1,3439185.94,4536775.46,-13473.81,37018270.12
3998,6504527.0,1930199.01,1573399.45,0.0,0.0,16075718.78,3356479.59,5575775.09,-34172.43,34981926.5
3999,6504527.0,1154006.18,781574.15,0.0,59273.56,8496140.59,1831191.31,2512378.47,-69084.44,21270006.82
4000,6504527.0,1453741.31,1141938.49,0.0,206638.18,12203248.22,2466831.83,3709212.02,-81896.86,27604240.19
4001,6504527.0,2206773.11,1246466.21,0.0,9226808.27,18328713.04,3711577.13,4726216.04,0.0,45951080.81
4002,6504527.0,1449882.36,1553426.97,0.0,18197325.31,13423880.33,2788192.05,7316714.16,0.0,51233948.18
4003,6504527.0,1612846.47,1386830.5,0.0,1704745.16,13513196.96,2846012.2,5141906.59,0.0,32710064.88
4004,6504527.0,2041774.68,867439.72,0.0,458122.89,9665378.89,1912699.91,1476999.47,-103328.86,22823613.7
4005,6504527.0,2188553.1,1593759.21,725034.46,1985640.69,15563454.03,3117767.05,5559895.54,0.0,37238631.08
4006,6504527.0,2614015.27,1774086.75,0.0,191081.36,18772432.46,3653641.47,3777436.66,-104992.21,37182228.76
4007,6504527.0,2961572.77,2476561.13,13295398.4,5687376.75,24132716.93,4964203.94,5794659.6,0.0,65817016.51
4008,6504527.0,1846600.61,864350.06,0.0,0.0,14770541.4,3152306.19,3577343.57,0.0,30715668.83
4009,6504527.0,2823202.61,1918961.7,0.0,2316737.54,25790610.1,5209474.17,5315771.53,0.0,49879284.65
4010,6504527.0,2343474.96,1159598.24,0.0,608538.42,18396140.12,3855228.22,4555289.36,0.0,37422796.32
4011,6504527.0,1623761.31,1748098.11,0.0,65331237.84,11820276.08,2400065.75,5006570.92,-43465.61,94391071.39
4012,6504527.0,945664.14,1160005.28,0.0,47059515.17,8235128.18,1722870.67,3947343.2,-153970.65,69421082.99
4013,6504527.0,3024431.14,2176825.44,2217972.01,1867083.79,21555789.37,4262092.28,5476548.1,0.0,47085269.12
4014,6504527.0,1428695.71,1938124.56,0.0,82408965.21,11704141.18,2435057.45,6426689.72,0.0,112846200.83
4015,6504527.0,2834895.34,1506977.28,0.0,5516902.23,21455022.92,4273628.38,4737526.09,0.0,46829479.23
4016,6504527.0,2571236.06,1837487.32,0.0,93919.17,18699550.37,3828942.55,5036552.52,-35939.38,38536275.6
4017,6504527.0,2622683.22,1587322.94,0.0,927916.18,22644283.7,4405815.37,5193451.8,0.0,43886000.2
4018,6504527.0,1752759.27,757571.12,0.0,104853.03,8154211.46,1711170.69,1797202.25,-58589.68,20723705.14
4019,6504527.0,2107264.21,1970454.31,0.0,6327599.44,19298580.77,3917341.68,6682710.41,-36950.92,46771526.89
4020,6504527.0,2865580.68,1458746.18,0.0,3163906.53,20621615.09,4211799.6,4652378.01,0.0,43478553.09
4021,6504527.0,1323793.04,1097433.17,0.0,79605.81,11317013.13,2273220.45,3914613.5,-37210.72,26472995.39
4022,6504527.0,1493878.94,2884830.06,12798080.57,247448752.17,7685624.33,1737164.76,6349350.72,-265313.34,286636895.21
4023,6504527.0,1377998.51,768280.86,22069178.43,478460.16,12556058.08,2693228.01,3910562.58,0.0,50358293.63
4024,6504527.0,1254792.36,1188626.64,0.0,15378246.21,10039312.91,2247580.69,5320142.02,0.0,41933227.83
4025,6504527.0,3319161.11,2129253.02,0.0,773143.49,27440820.53,5488977.71,3948441.94,0.0,49604324.79
4026,6504527.0,3256716.09,2305572.54,0.0,1449977.51,23838186.3,4828959.46,3537846.25,-108320.97,45613464.18
4027,6504527.0,3205730.77,1988590.22,6461324.12,360900.52,26777597.63,5453291.06,5896071.4,0.0,56648032.72
4028,6504527.0,1464306.13,881865.62,11358303.68,137609.03,13680689.93,2940126.07,3897005.28,0.0,40864432.74
4029,6504527.0,1304417.1,1686334.16,0.0,73433880.67,10075770.16,2129765.25,5804453.34,0.0,100939147.68
4030,6504527.0,1380159.06,1612740.78,3641274.31,18556844.58,13763869.26,2791810.29,8003462.51,0.0,56254687.79
4031,6504527.0,1425086.6,1283045.96,0.0,7820086.8,11912523.63,2446695.6,4830719.87,0.0,36222685.46
4032,6504527.0,1551021.14,3182111.45,5255351.22,226150716.95,11178665.13,2326404.75,6042352.75,-192293.89,261998856.51
4033,6504527.0,1578287.43,1114468.21,0.0,1207783.15,11178518.12,2194957.43,3586326.97,-16244.3,27348624.01
4034,6504527.0,1011433.83,958473.87,0.0,46019732.65,7047853.39,1539949.2,4206492.65,-217346.59,67071115.99
4035,6504527.0,2132476.13,1112979.89,0.0,86928.38,16176641.51,3316014.1,2847959.64,0.0,32177526.64
4036,6504527.0,3628143.86,2719322.58,2244753.03,597929.51,27101290.34,5270135.79,5584124.89,0.0,53650227.0
4037,6504527.0,878953.33,731029.23,0.0,136063.8,7273863.5,1483944.61,3266422.87,0.0,20274804.34
4038,6504527.0,1043289.22,1435988.92,9348967.46,76842466.71,7528554.01,1634580.15,5725964.29,-19759.41,110044578.36
4039,6504527.0,3292268.92,1988273.68,0.0,127591.08,20333699.3,3999933.43,4448543.85,-46960.97,40647876.28
4040,6504527.0,1276552.78,585592.83,0.0,330464.36,10646674.29,2260580.57,2917802.38,0.0,24522194.2
4041,6504527.0,926798.01,1464935.6,30418402.82,64465518.0,9256807.3,1826450.32,5262090.75,-37409.72,120088120.07
4042,6504527.0,2490732.34,3327412.79,12275858.16,155134950.44,19816545.56,4140249.14,5907616.81,-70109.2,209527783.04
4043,6504527.0,1427120.1,1692163.22,7352688.02,20731264.87,14271201.04,2963103.39,7266680.88,0.0,62208748.51
4044,6504527.0,2128166.21,803168.05,0.0,0.0,13295188.94,2818339.09,3188088.75,0.0,28737478.04
4045,6504527.0,1587209.76,674416.3,0.0,95559.46,11725407.94,2487129.27,2215534.08,0.0,25289783.81
4046,6504527.0,3557390.31,2469616.72,2524241.17,955214.98,24597697.84,4904843.32,5354237.77,0.0,50867769.11
4047,6504527.0,2562971.74,2229473.6,1727116.12,858701.04,22223574.45,4658319.68,6296279.73,0.0,47060963.36
4048,6504527.0,976156.74,669612.79,118327.32,13238778.29,9761567.44,1966941.69,4171021.42,0.0,37406932.71
4049,6504527.0,1662367.34,1184239.49,0.0,274544.84,11939620.61,2515732.97,4594788.75,-18219.12,28657601.88
4050,6504527.0,771436.93,2382757.26,500865.34,209882048.45,5262355.59,1086874.28,6720118.52,-250641.66,232860341.72
4051,6504527.0,3534291.12,2982775.43,9032391.58,238972.78,29739419.59,6113208.18,5483945.81,0.0,63629531.49
4052,6504527.0,2859215.58,1623590.24,0.0,947334.93,23150247.13,4770161.85,4641068.56,0.0,44496145.3
4053,6504527.0,2555994.04,3907688.1,22993840.77,230496321.34,18255659.06,3661711.93,5318442.32,-25407.81,293668776.75
4054,6504527.0,1668282.99,755566.35,0.0,253358.89,7559227.11,1670463.85,2515717.4,-3157.32,20923986.28
4055,6504527.0,1957562.26,1153433.62,0.0,27261507.96,10539907.18,2024944.88,1931632.9,-166581.96,51206933.84
4056,6504527.0,2633574.63,1669804.65,0.0,4215592.05,23169546.01,4797708.92,5391217.39,0.0,48381970.65
4057,6504527.0,2309445.49,1765565.22,0.0,1060659.59,17498695.34,3568248.34,4889520.82,0.0,37596661.81
4058,6504527.0,2287930.34,1622064.56,0.0,650265.64,16485130.87,3243745.44,3584808.89,-34064.65,34344408.09
4059,6504527.0,3107765.0,2449531.18,0.0,2034388.36,24043866.09,5038702.15,5578877.86,-169.7,48757487.95
4060,6504527.0,1269095.97,922266.9,0.0,143108.57,9941968.94,2097435.47,3142402.53,-77219.91,23943585.47
4061,6504527.0,1373032.01,1109153.5,0.0,1807311.07,11432354.62,2319055.52,3761763.33,-91628.12,28215568.91
4062,6504527.0,2259827.75,2005874.63,0.0,2525712.93,19609482.21,3965371.45,6115364.74,-30385.91,42955774.81
4063,6504527.0,599377.92,648508.12,0.0,28690491.19,4623575.23,1032570.01,2958003.76,-107166.63,44949886.61
4064,6504527.0,1556538.78,1229785.46,0.0,656138.35,12560738.19,2471301.47,4191846.57,-29796.09,29141079.72
4065,6504527.0,1444680.52,965970.53,15054153.26,2434384.99,13922252.5,2952962.98,4676139.17,0.0,47955070.94
4066,6504527.0,2550496.05,2269072.77,0.0,124551421.91,12068264.41,2550768.42,4771965.89,-126630.46,155139885.99
4067,6504527.0,2436033.98,2215982.34,0.0,69721937.08,16040913.86,3291742.76,4872370.4,-39785.04,105043722.38
4068,6504527.0,2348181.41,1834643.16,0.0,1229126.05,18534752.04,3818170.6,4449267.72,-35543.18,38683124.78
4069,6504527.0,3406038.86,2175208.36,0.0,586473.68,21922169.45,4589708.98,4540387.48,-30543.05,43693970.75
4070,6504527.0,1156890.83,632742.19,0.0,3432628.71,10474271.95,2293666.6,4548375.06,0.0,29043102.34
4071,6504527.0,1202157.9,1011926.89,0.0,1905479.14,9959701.53,2150358.15,4365819.75,0.0,27099970.35
4072,6504527.0,987894.57,159218.19,0.0,277684.89,2673253.27,795450.72,301276.39,0.0,11699305.03
4073,6504527.0,1069325.66,1651275.28,2526959.59,80976583.6,8874236.29,1980707.77,6147261.8,0.0,109730876.97
4074,6504527.0,3639029.79,1937860.02,0.0,1750228.18,26267538.34,5332672.88,5397859.25,0.0,50829715.45
4075,6504527.0,1321734.54,1764232.0,1376344.61,81241939.33,10015776.86,2182576.7,6585585.81,0.0,110992716.84
4076,6504527.0,1308154.91,1190108.19,0.0,3818914.43,11436083.29,2414433.93,4316699.68,0.0,30988921.43
4077,6504527.0,1577466.61,1780539.39,0.0,64756885.97,11690576.63,2538193.16,4889043.85,-4847.93,93732384.68
4078,6504527.0,1521608.94,1188108.09,0.0,763247.08,12369215.08,2437644.31,3855126.97,-56317.12,28583160.34
4079,6504527.0,1341333.8,538621.16,0.0,0.0,10862454.46,2370074.25,2355025.97,0.0,23972036.63
4080,6504527.0,1239499.27,797398.9,1171646.91,3581736.61,11998021.16,2639563.65,4736726.23,0.0,32669119.73
4081,6504527.0,3000581.03,1888889.18,0.0,1360792.13,19302465.87,3837896.9,3376432.08,-63540.4,39208043.78
4082,6504527.0,1581579.38,1229880.55,0.0,814819.34,12591542.45,2559396.57,3948030.88,-45066.48,29184709.69
4083,6504527.0,2365678.34,1612871.99,0.0,3627166.85,15650998.51,3191128.09,4825134.19,0.0,37777504.97
4084,6504527.0,1120967.18,1444079.28,0.0,64993371.38,9327593.91,2006998.55,5042203.73,-102179.66,90337561.36
4085,6504527.0,1632717.52,1180541.23,0.0,0.0,12427344.13,2555662.26,3398457.29,-62193.18,27637056.25
4086,6504527.0,1175814.62,1352744.41,0.0,54453887.15,8700169.18,1847078.81,4520710.18,-40198.74,78514732.62
4087,6504527.0,3348754.98,1862979.37,0.0,110468.19,25292934.75,5174077.12,4423736.46,0.0,46717477.87
4088,6504527.0,1276564.23,814264.44,37342351.67,7376715.95,11964394.94,2589051.15,4208289.89,0.0,72076159.27
4089,6504527.0,2806834.4,2980704.44,3969749.7,80984386.5,22465055.77,4738208.82,5891152.76,-38997.76,130301621.63
4090,6504527.0,1081849.03,1088537.26,0.0,11856602.42,9286616.93,1987275.14,5354223.62,0.0,37159631.41
4091,6504527.0,2426914.11,1323993.53,0.0,2163415.0,19969938.99,4086029.61,4196307.17,0.0,40671125.42
4092,6504527.0,1761493.79,1103557.89,0.0,13230488.26,16206781.02,3377329.9,5367930.79,0.0,47552108.65
4093,6504527.0,735765.88,1123130.47,0.0,59989472.88,6598168.76,1399916.67,5124058.11,-126671.34,81348368.42
4094,6504527.0,1449283.23,1749570.95,15892499.26,23824002.84,14492832.32,3010544.79,7237431.22,0.0,74160691.62
4095,6504527.0,1381763.43,373140.73,0.0,657079.89,3644349.46,898993.69,497200.99,-761.04,13956294.15
4096,6504527.0,1775485.79,1540000.65,0.0,60889367.67,10102694.41,2071169.9,5063380.95,-88806.07,87857820.3
4097,6504527.0,2208226.77,1109482.43,0.0,1321866.74,14108131.6,2876855.78,2140790.51,0.0,30269880.84
4098,6504527.0,2068924.83,1908172.55,2804589.59,7186584.7,18147278.88,3701411.8,6130175.99,0.0,48451665.33
4099,6504527.0,1030971.68,495468.41,21783318.17,0.0,9867584.14,2076849.12,3013742.48,0.0,44772461.0
4100,6504527.0,1308877.94,889392.73,29682943.63,5241192.29,12795401.63,2833296.52,4190574.02,0.0,63446205.76
4101,6504527.0,3183598.08,2512187.63,4067601.12,2412564.99,24891594.07,4971852.52,5657413.05,0.0,54201338.47
4102,6504527.0,1977602.53,1127724.0,0.0,4548521.83,17614028.99,3672021.9,4316405.8,0.0,39760832.06
4103,6504527.0,879913.82,704673.48,0.0,0.0,7054132.18,1471093.61,3386767.37,-739.73,20000367.73
4104,6504527.0,2800244.18,1317627.48,8631149.11,6509728.81,19420404.39,3811275.45,4893075.22,0.0,53888031.65
4105,6504527.0,2104995.8,2108360.3,0.0,73722232.95,14563300.99,2910807.24,5415184.01,-38134.83,107291273.47
4106,6504527.0,1407460.52,873465.69,23408488.33,1396099.58,13289713.15,2681152.99,4583207.29,0.0,54144114.57
4107,6504527.0,1212813.77,1115268.42,0.0,8675351.06,10026896.68,2162655.37,4831979.61,0.0,34529491.91
4108,6504527.0,1237549.84,666436.09,0.0,284134.01,7492125.67,1574766.79,1750576.64,-85038.76,19425077.27
4109,6504527.0,1767818.84,1071569.27,0.0,99388.59,11293909.27,2255464.67,2194459.57,-58514.69,25128622.51
4110,6504527.0,2493507.69,1262813.65,0.0,266929.18,19293411.04,3939681.14,5094754.75,0.0,38855624.44
4111,6504527.0,3221457.86,2116068.65,0.0,63823.41,21174608.45,4266649.76,4701674.75,-2284.13,42046525.75
4112,6504527.0,1778448.61,1435039.0,0.0,1551112.78,14276250.16,2689407.2,5019103.69,-17702.34,33236186.1
4113,6504527.0,2743505.38,1757358.48,0.0,1753736.31,24161357.6,4929783.65,6273681.52,0.0,48123949.95
4114,6504527.0,1091818.36,713727.98,45553081.09,8946380.09,10613689.11,2088378.37,4346961.49,0.0,79858563.49
4115,6504527.0,2628665.13,1585798.28,0.0,868065.48,16093129.46,3467872.76,2998801.58,-41605.19,34105254.48
4116,6504527.0,1019750.41,594599.46,4389797.42,5788819.51,9971367.43,2033529.17,3305122.69,0.0,33607513.09
4117,6504527.0,2740112.6,2275241.48,2190158.92,444229.48,22715600.97,4674350.13,6139184.41,0.0,47683404.98
4118,6504527.0,2823966.32,1346603.49,0.0,1200397.62,18871977.22,3624851.5,3136631.26,0.0,37508954.41
4119,6504527.0,2011507.96,2583042.67,0.0,194234628.31,9484427.07,1958458.27,5630839.8,-223852.79,222183578.28
4120,6504527.0,796220.14,372937.81,14248998.88,10172331.43,7136744.76,1603844.82,2868891.96,0.0,43704496.8
4121,6504527.0,1424763.92,1347233.72,0.0,7576571.8,12621126.37,2510198.78,5520490.47,0.0,37504912.06
4122,6504527.0,3078857.51,2453174.66,7293447.07,805834.18,24475555.69,5025996.98,6266455.25,0.0,55903848.34
4123,6504527.0,2340219.18,2472982.35,0.0,69929933.46,18623821.22,3552042.33,5359860.8,-59022.89,108724363.46
4124,6504527.0,1903239.86,1535233.01,0.0,1052886.96,15513680.47,3254672.27,3479176.57,-24817.81,33218598.34
4125,6504527.0,1134197.42,1971178.25,0.0,141591894.18,6188619.9,1324917.97,5824340.03,-118572.57,164421102.17
4126,6504527.0,1867428.33,1946494.36,0.0,65102477.72,13989437.26,2728903.3,5130031.0,-97707.52,97171591.45
4127,6504527.0,975571.44,1560699.51,27491997.21,64812289.58,9755714.35,1998394.76,5296471.39,0.0,118395665.23
4128,6504527.0,1226281.69,464248.43,0.0,10402916.24,9376046.12,1880242.86,3147403.29,0.0,33001665.63
4129,6504527.0,3333171.58,2074432.46,0.0,563283.17,20904926.16,4181359.84,4515465.77,-22061.88,42055104.12
4130,6504527.0,2021290.27,2084325.62,0.0,59740464.43,15496673.19,3025980.69,4520467.7,-41737.88,93351991.02
4131,6504527.0,1023031.06,555964.4,8783740.34,1026584.38,10093073.67,2129809.33,3644314.9,0.0,33761045.07
4132,6504527.0,3797147.7,3022352.88,0.0,4906435.33,29754177.83,5918617.45,5571809.72,-41673.15,59433394.76
4133,6504527.0,2285912.46,863673.13,0.0,333057.5,9916232.16,2055819.31,1525267.23,-134820.03,23349668.75
4134,6504527.0,1442166.34,1779612.43,2782636.19,69949183.94,11423424.74,2185818.34,5142334.82,-36613.79,101173090.02
4135,6504527.0,1296482.78,1043274.41,0.0,1724052.02,10157779.5,2229633.28,3818436.66,0.0,26774185.64
4136,6504527.0,608629.54,378003.61,0.0,0.0,4519359.28,959972.03,1547729.42,-73932.32,14444288.56
4137,6504527.0,2654477.16,1710487.57,0.0,835940.62,17010626.23,3444230.16,5225477.85,0.0,37385766.59
4138,6504527.0,3095913.66,2354180.43,0.0,1153975.64,23472140.6,4703492.07,5397006.05,-8635.06,46672600.38
4139,6504527.0,2373246.15,1119541.07,0.0,690440.34,12081772.72,2424065.53,2106005.24,-94704.74,27204893.31
4140,6504527.0,921080.18,683353.59,0.0,151214.48,6847117.17,1473922.92,2466682.46,-5309.64,19042588.16
4141,6504527.0,1368126.67,1598579.61,2058526.95,18799975.61,13681266.7,2784248.63,7882406.76,0.0,54677657.94
4142,6504527.0,1950829.68,2465850.56,14593985.24,85905015.95,16572669.18,3501186.09,5879664.55,0.0,137373728.25
4143,6504527.0,1070379.97,899293.72,0.0,4729400.08,8359767.89,1853068.34,4121713.95,0.0,27538150.94
4144,6504527.0,1263000.01,1081970.97,0.0,67281542.3,6171989.47,1300390.19,5067080.68,-179667.49,88490833.13
4145,6504527.0,2407468.33,2158273.84,0.0,60376219.29,16702160.38,3216887.21,4086164.01,-83620.38,95368079.66
4146,6504527.0,2883157.38,3722390.57,15056839.35,153946831.22,23609437.97,4932305.97,5651740.96,-48091.2,216259139.23
4147,6504527.0,2244895.29,1361650.67,0.0,963241.59,14532390.9,2801469.97,3663042.66,-100879.83,31970338.24
4148,6504527.0,2206394.98,838427.01,0.0,387086.49,9510602.12,1968259.73,1580156.32,-117075.61,22878378.04
4149,6504527.0,3131205.49,1811277.87,0.0,733027.35,17997059.3,3818768.19,3974779.63,0.0,37970644.84
4150,6504527.0,1332108.07,459830.25,0.0,532335.66,5015327.04,1068596.39,736178.3,-49844.74,15599057.96
4151,6504527.0,2426316.51,1423467.86,0.0,976997.87,19298156.5,3996440.88,3146160.67,0.0,37772067.3
4152,6504527.0,2800450.94,1794215.55,0.0,0.0,18674013.84,3829999.2,4448276.6,-73185.83,37978297.31
4153,6504527.0,428668.83,125436.78,0.0,0.0,3529824.06,692621.35,867969.41,0.0,12149047.44
4154,6504527.0,1610965.6,1781123.24,0.0,60645576.36,12992432.97,2661553.69,4484634.67,-87104.48,90593709.06
4155,6504527.0,1718619.83,953884.86,0.0,3483868.33,15721276.39,3333189.39,4539000.15,0.0,36254365.95
4156,6504527.0,2802801.52,2706884.42,5581934.36,5148205.29,26270606.32,5224019.07,7064373.92,0.0,61303351.9
4157,6504527.0,1344121.85,667619.11,0.0,62614.59,8013812.86,1701687.74,1979732.45,-134826.5,20139289.1
4158,6504527.0,957015.29,504717.9,0.0,19264261.05,7958278.44,1826088.09,3063965.07,0.0,40078852.85
4159,6504527.0,913026.35,581125.51,0.0,0.0,6806553.1,1346976.71,2021407.05,-99529.8,18074085.93
4160,6504527.0,3180553.95,1804532.59,1341792.76,920894.28,24886353.16,4940436.46,5559096.33,0.0,49138186.52
4161,6504527.0,2659093.6,1823345.38,0.0,1996943.76,18550020.65,3613386.46,4328068.96,-58226.19,39417159.63
4162,6504527.0,2930693.89,2249507.34,0.0,1722026.58,22309118.57,4512507.59,5482261.4,0.0,45710642.38
4163,6504527.0,993551.86,841462.78,0.0,2920734.9,8000716.51,1510940.82,3380351.45,0.0,24152285.32
4164,6504527.0,1427030.83,1164366.92,0.0,944245.41,11320752.7,2508913.4,4180203.8,0.0,28050040.06
4165,6504527.0,2677551.93,1615869.39,0.0,1803540.58,22383301.47,4484173.81,4625455.28,0.0,44094419.45
4166,6504527.0,2548303.82,1458022.0,0.0,1264645.91,21454935.39,4376469.95,4934158.31,0.0,42541062.38
4167,6504527.0,897733.28,406288.72,0.0,22245653.53,6566044.53,1512692.44,2935131.77,0.0,41068071.29
4168,6504527.0,973229.14,1485570.02,27449036.9,61297346.21,9598473.13,1927918.5,5158445.54,-15201.49,114379344.95
4169,6504527.0,1994951.24,1043970.87,0.0,362561.6,10532522.96,2122512.15,1993540.65,-15830.5,24538755.97
4170,6504527.0,3663591.76,2145806.51,0.0,1233238.66,28346826.86,5754286.02,5312604.11,0.0,52960880.93
4171,6504527.0,3449781.03,1846157.4,0.0,0.0,25115505.68,5075165.83,4332683.86,0.0,46323820.8
4172,6504527.0,3674545.16,3041486.64,24419772.96,2363662.86,29912191.46,5917191.07,5343577.32,0.0,81176954.47
4173,6504527.0,2565508.07,1601948.36,0.0,456127.87,16631938.58,3504144.54,3245349.82,-75079.02,34434465.22
4174,6504527.0,3484578.34,2960097.01,8012834.94,1209751.34,29514728.26,5801143.71,5620243.96,0.0,63107904.56
4175,6504527.0,2779095.02,2207764.14,0.0,1398274.45,22136162.77,4512548.8,4983761.25,-20138.63,44501994.8
4176,6504527.0,1500476.29,1863854.9,4305871.74,75206068.59,11886031.62,2283910.63,5625655.21,-43712.36,109132683.62
4177,6504527.0,952955.62,1000138.28,0.0,12827272.15,8317907.51,1769089.12,5170157.1,0.0,36542046.78
4178,6504527.0,960302.91,1556119.98,36549109.96,68054864.17,9480991.24,1927561.69,5138521.32,-27980.55,130144017.72
4179,6504527.0,1173760.05,674590.13,0.0,1045388.62,7238677.7,1443475.94,2091490.43,-59436.17,20112473.69
4180,6504527.0,1723081.61,1913846.46,0.0,60394403.88,13873102.34,2815122.32,4668182.79,-79522.48,91812743.9
4181,6504527.0,2910308.28,1957616.24,0.0,1265915.99,19878697.08,3930061.14,4149778.1,-43747.01,40553156.82
4182,6504527.0,2584914.13,1882776.41,0.0,2356287.29,18574848.69,3808677.11,5500690.5,0.0,41212721.13
4183,6504527.0,3572730.34,2717655.03,2718898.0,2340385.8,26851877.37,5535272.86,5354734.51,0.0,55596080.92
4184,6504527.0,1260894.84,725635.59,24228536.53,4205580.48,11364357.96,2482378.76,3976972.76,0.0,54748883.92
4185,6504527.0,1980597.6,1010981.52,0.0,723298.95,16516001.54,3441291.78,3891925.25,0.0,34068623.64
4186,6504527.0,987249.71,679392.86,0.0,192375.75,6735552.65,1509353.52,3281971.66,0.0,19890423.15
4187,6504527.0,1683177.06,770908.2,0.0,332270.05,13658501.61,2899920.05,2904916.6,0.0,28754220.57
4188,6504527.0,2903415.97,2857430.79,9812704.17,77655500.0,21444379.11,4197294.57,5362402.28,-660.54,130736993.35
4189,6504527.0,1859617.96,924588.94,0.0,440852.27,14902371.54,3211964.53,3409154.1,0.0,31253076.35
4190,6504527.0,1681421.45,2343183.02,6139529.17,80541002.63,16682668.55,3454918.26,6883900.83,-83676.17,124147474.73
4191,6504527.0,1322230.57,1921290.0,0.0,85281592.61,11022648.49,2385958.34,5964214.73,0.0,114402461.73
4192,6504527.0,1561330.7,789798.07,0.0,1533349.74,12107526.45,2325728.37,2979557.67,0.0,27801818.0
4193,6504527.0,1463825.96,728058.66,0.0,651389.24,12685994.43,2566732.33,2796525.5,0.0,27397053.13
4194,6504527.0,2864787.61,1235917.77,0.0,395639.16,13240695.25,2701092.6,2342621.85,-101947.17,29183334.06
4195,6504527.0,908583.66,356416.21,0.0,1302580.42,8096541.27,1683039.56,2941031.52,0.0,21792719.65
4196,6504527.0,1630090.88,1814836.21,0.0,63827449.68,13033451.28,2617557.14,4502110.88,-82611.11,93847411.96
4197,6504527.0,3235989.87,2187110.85,0.0,2506650.29,21891324.13,4322014.9,4539338.6,-29829.37,45157126.27
4198,6504527.0,2035890.8,2396303.07,0.0,75287494.8,17658054.83,3620726.54,6712577.49,-58112.12,114157462.4
4199,6504527.0,1215068.43,1071297.58,0.0,7626817.07,9986925.54,2008366.58,4757352.88,0.0,33170355.07
4200,6504527.0,3128594.29,2190981.69,0.0,3537538.31,28096000.59,5800911.12,6433580.28,0.0,55692133.27
4201,6504527.0,2710331.83,1178828.15,0.0,3702523.71,18094119.15,3579990.43,4312443.12,0.0,40082763.38
4202,6504527.0,1438986.56,2731440.8,7233090.52,233839255.37,6668764.23,1414592.35,6299008.42,-243994.95,265885670.3
4203,6504527.0,1543622.61,949209.19,12124010.97,1294081.43,14187280.49,2930566.46,4662031.32,0.0,44195329.46
4204,6504527.0,1421905.78,810711.93,5788388.06,8612.53,13016835.69,2720157.85,3861743.14,0.0,34132881.96
4205,6504527.0,728194.56,256166.11,0.0,56617.97,3656972.77,912962.45,1215168.6,-111624.01,13218985.45
4206,6504527.0,1364662.82,1468731.19,0.0,19149817.95,12181195.09,2670271.5,6296604.8,0.0,49635810.35
4207,6504527.0,1726515.71,1121894.27,0.0,413481.51,12118032.27,2398607.09,4175739.27,-105193.04,28353604.07
4208,6504527.0,2339348.16,2195282.76,0.0,72840650.61,15639392.56,3117048.67,4959196.44,-50617.87,107544828.32
4209,6504527.0,2202898.95,1660684.86,0.0,856096.0,17211178.14,3577861.51,3840542.38,-90014.12,35763774.72
4210,6504527.0,2801227.6,3410904.84,6372413.91,152325744.65,20913035.7,4199004.75,5347059.51,-76562.68,201797355.28
4211,6504527.0,1589810.53,1334607.13,0.0,47819651.05,9428866.93,2001282.56,3570190.23,-88598.41,72160337.03
4212,6504527.0,1486997.0,868038.78,28915887.97,650500.72,13352834.37,2763262.4,4447396.27,0.0,58989444.5
4213,6504527.0,1977852.44,2596466.41,0.0,139006364.14,13708456.23,2775777.01,5739702.38,-89057.35,172220088.25
4214,6504527.0,1649332.67,1256921.05,0.0,0.0,12586759.57,2536038.69,4595578.77,-1754.91,29127402.84
4215,6504527.0,3729495.88,3104030.13,8936173.16,78542932.38,23895905.31,4648728.47,5708461.22,0.0,135070253.54
4216,6504527.0,1712753.56,960297.85,0.0,173549.46,9810998.28,1985736.1,2765765.15,-26185.23,23887442.17
4217,6504527.0,2698714.61,2067545.45,0.0,1475449.53,20561492.64,4412932.71,5336809.52,0.0,43057471.47
4218,6504527.0,1142109.33,1883906.03,723495.16,126870998.53,7577405.73,1631541.7,5671380.88,-76293.4,151929070.95
4219,6504527.0,890656.32,447157.27,0.0,2005287.85,8105770.29,1628508.78,3229787.22,0.0,22811694.72
4220,6504527.0,2321676.58,2573358.46,1749021.43,76562736.08,19161011.29,3936399.99,5741585.86,-45214.4,118505102.28
4221,6504527.0,1627806.83,2213652.38,9204383.95,78819598.91,15195514.53,3116817.62,6522387.36,-31645.33,123173043.26
4222,6504527.0,1408343.96,1304856.74,0.0,5858692.1,12333813.62,2447927.04,5132321.67,0.0,34990482.12
4223,6504527.0,3588691.83,2462764.71,0.0,1374880.44,24347229.36,5037320.76,5500490.68,0.0,48815904.78
4224,6504527.0,1471331.75,793212.63,4580710.04,540039.11,12645404.35,2699266.65,3879612.45,0.0,33114103.98
4225,6504527.0,2483832.13,1910002.53,0.0,252262.03,19125410.9,3736556.64,4623733.74,-4711.17,38631613.79
4226,6504527.0,3351416.27,2716411.07,0.0,730298.71,27369429.3,5753091.51,4560482.22,-34258.33,50951397.74
4227,6504527.0,1775392.94,1643905.54,0.0,1982479.78,16097306.62,3300925.68,7043184.62,-2432.84,38345289.35
4228,6504527.0,2749405.96,1597741.01,0.0,781102.72,16566597.85,3290454.09,3139575.65,-65829.12,34563575.15
4229,6504527.0,971935.88,953855.21,45791711.64,949651.72,9420917.26,1908543.55,4247678.89,0.0,70748821.16
4230,6504527.0,3784458.78,2267450.8,0.0,758941.0,22802755.98,4599314.12,4815903.55,-21554.67,45511796.56
4231,6504527.0,4055749.14,3604726.01,6153498.15,3954200.91,35528649.24,7086201.32,7206002.17,0.0,74093553.93
4232,6504527.0,1434994.31,1026300.21,32338285.18,5836218.72,14202008.96,3009207.07,4665419.78,0.0,69016961.23
4233,6504527.0,2821397.69,2212319.61,12656.68,12113569.37,27759994.22,5639959.24,7528123.31,0.0,64592547.12
4234,6504527.0,1707978.17,1404753.08,0.0,297031.16,14298876.69,3069906.42,4671486.06,-36114.15,31918444.42
4235,6504527.0,2592930.65,1483708.93,0.0,350686.2,21704200.63,4420552.08,5000742.16,0.0,42057347.66
4236,6504527.0,1109015.53,820514.96,0.0,1042295.74,7961443.93,1701090.6,2775932.55,0.0,21914820.31
4237,6504527.0,1962020.54,1379906.12,0.0,0.0,14300775.35,2923084.04,4034554.84,-50171.42,31054696.47
4238,6504527.0,1768243.53,1372406.37,0.0,840892.68,13585755.33,2665746.87,4202016.41,-804.48,30938783.7
4239,6504527.0,1296481.53,521054.11,0.0,265857.16,10850469.56,2315862.99,2318138.61,0.0,24072390.96
4240,6504527.0,1945575.1,1511584.77,0.0,1193211.65,14822408.59,2945863.32,5269964.92,-9301.34,34183834.02
4241,6504527.0,2168348.48,1003012.17,2250586.55,14742838.28,15331599.59,3181751.58,5088404.5,0.0,50271068.15
4242,6504527.0,2051801.51,755979.19,0.0,0.0,12323420.34,2493567.74,2161129.56,0.0,26290425.34
4243,6504527.0,1751939.97,1288231.4,0.0,51938239.11,8684049.05,1812146.13,4502147.49,-109406.66,76371873.5
4244,6504527.0,1602375.13,1702032.01,0.0,57098189.15,11658427.36,2491835.15,4561289.73,-8344.6,85610330.94
4245,6504527.0,2273746.27,1889766.17,0.0,56805757.86,14433931.34,2972396.84,4229549.54,-81838.79,89027836.23
4246,6504527.0,1525651.26,1254993.45,0.0,415741.63,12887086.42,2524856.46,4515786.28,-47148.75,29581493.74
4247,6504527.0,2952538.77,1719724.74,0.0,566901.16,17560048.65,3530444.59,3164592.88,-42829.32,35955948.48
4248,6504527.0,2024299.87,1049625.33,0.0,502830.76,16888148.03,3475301.05,4096061.55,0.0,34540793.59
4249,6504527.0,1375462.28,929988.17,28263991.54,9914515.34,12966447.23,2656302.51,4314293.31,0.0,66925527.38
4250,6504527.0,1126131.49,1106732.59,0.0,6983272.45,10040343.43,2207553.48,4772527.9,0.0,32741088.35
4251,6504527.0,1851687.51,1232442.08,0.0,47877410.83,9379004.88,1937615.59,3651765.73,-179020.17,72255433.46
4252,6504527.0,1167801.86,1645346.57,0.0,76213072.05,9700137.14,2175344.19,6542427.83,-25618.24,103923038.4
4253,6504527.0,1009784.25,775071.07,0.0,0.0,8286069.7,1736941.95,3324396.73,-53535.9,21583254.81
4254,6504527.0,1497390.65,1008432.06,28900513.86,2520145.32,14375515.02,2915885.5,4571581.08,0.0,62293990.5
4255,6504527.0,1731472.5,1373815.35,0.0,2091971.05,13501449.4,2640234.35,4715644.04,0.0,32559113.69
4256,6504527.0,3430318.24,2658456.14,0.0,589132.58,26957018.0,5411753.96,4880202.4,-41353.69,50390054.63
4257,6504527.0,2399240.44,2375693.89,0.0,70796719.93,17760564.61,3716163.47,4870861.34,-60911.81,108362858.87
4258,6504527.0,1038671.0,1271689.0,0.0,59953716.55,7985788.84,1624544.94,5199566.49,-125144.25,83453359.56
4259,6504527.0,3490483.61,2077465.01,2771734.04,1042101.47,27726238.58,5660572.22,5381167.35,0.0,54654289.28
4260,6504527.0,2499429.59,1931147.47,0.0,1361935.49,19186010.14,3952169.52,5192981.12,-199.21,40628001.12
4261,6504527.0,1877586.9,1175970.28,0.0,783289.89,12379097.93,2458417.0,2991204.41,-68216.74,28101876.66
4262,6504527.0,2835750.32,2629058.53,7323965.18,3598548.37,25869945.07,5201401.44,6583831.84,0.0,60547027.76
4263,6504527.0,872642.42,1420090.66,55366232.22,62097731.81,8726424.22,1702391.83,4432490.95,0.0,141122531.11
4264,6504527.0,1471465.34,762443.11,0.0,0.0,12537331.11,2622973.18,3289849.31,0.0,27188589.05
4265,6504527.0,1931170.26,1137159.13,481560.56,14138435.28,16743731.51,3494969.68,4867102.95,0.0,49298656.37
4266,6504527.0,1856831.55,1051695.02,0.0,0.0,17055359.26,3474937.58,3912099.67,0.0,33855450.07
4267,6504527.0,1733734.66,1480187.98,0.0,0.0,15078564.62,3132932.96,5014000.74,-27668.48,32916279.48
4268,6504527.0,1154198.42,921476.49,0.0,324362.73,9345750.47,2092277.29,3422273.42,-15475.4,23749390.42
4269,6504527.0,1285217.91,690355.75,35701912.23,3569236.48,11307203.42,2355475.62,3305314.21,0.0,64719242.63
4270,6504527.0,4661194.6,3202934.92,0.0,5181704.8,30851519.6,6096057.5,5856662.04,0.0,62354600.46
4271,6504527.0,825633.73,638244.63,0.0,27530101.26,4866134.84,1080851.66,2809000.27,-136653.9,44117839.48
4272,6504527.0,3745958.1,2873589.03,0.0,3134150.88,28245143.2,5630488.85,5560151.61,-27457.91,55666550.76
4273,6504527.0,2285483.89,1322378.06,0.0,477283.49,13727040.35,2661309.92,2444600.15,-55263.1,29367359.76
4274,6504527.0,1552347.55,1304657.23,0.0,774375.38,12947613.08,2608886.03,5493187.43,-12516.66,31173077.04
4275,6504527.0,1637985.1,303376.56,0.0,522765.6,2949316.25,859425.24,480502.29,-3966.77,13253931.27
4276,6504527.0,2294333.21,1830091.76,0.0,59166803.27,13989829.62,2795989.29,3799359.29,-108064.43,90272869.01
4277,6504527.0,1252525.91,1595217.75,0.0,127157243.14,4414910.0,1090245.66,5097007.93,-278586.29,146833091.1
4278,6504527.0,2905741.8,1574796.1,0.0,1183085.34,22634743.5,4547380.42,5265463.95,0.0,44615738.11
4279,6504527.0,915522.7,655372.04,0.0,2135109.22,6158538.46,1358858.18,3834301.38,0.0,21562228.98
4280,6504527.0,1129437.91,719064.16,0.0,730352.0,8038277.85,1543196.0,2259225.51,-99264.77,20824815.66
4281,6504527.0,1949843.24,1566385.58,0.0,707583.98,15776632.04,3265428.67,4719885.65,-16855.03,34473431.13
4282,6504527.0,1436570.18,494694.94,0.0,530409.62,8145213.24,1572421.79,1364736.92,0.0,20048573.7
4283,6504527.0,1613780.72,1944276.03,0.0,68912624.95,13591709.85,2644308.3,5311229.12,-75288.82,100447167.16
4284,6504527.0,3148003.18,2310750.14,0.0,1640075.92,23451054.45,4793872.85,4720754.6,-51245.37,46517792.78
4285,6504527.0,3803056.87,2780527.72,0.0,805460.44,27827618.53,5836525.73,5000602.45,-9137.42,52549181.32
4286,6504527.0,3096272.07,1577317.85,0.0,3711295.09,22276535.33,4463094.58,4840226.79,0.0,46469268.72
4287,6504527.0,1850132.71,1196397.68,0.0,218204.57,12523421.2,2519749.58,3145697.92,-57865.74,27900264.93
4288,6504527.0,790078.41,714648.67,0.0,28386212.75,5689213.84,1153425.06,2889243.1,-146394.67,45980954.15
4289,6504527.0,1216286.6,1154253.06,0.0,43752587.41,7893363.34,1601379.82,3695187.84,-88878.03,65728707.04
4290,6504527.0,1387680.11,909102.5,30699692.88,1427624.44,13714212.53,2899769.61,4090829.42,0.0,61633438.48
4291,6504527.0,1723863.37,780428.48,0.0,597508.54,14190586.31,2921461.47,4051847.78,0.0,30770222.94
4292,6504527.0,1402422.91,1184478.22,0.0,38513172.67,9718618.34,1917834.21,3298626.73,-178702.27,62360977.82
4293,6504527.0,3167815.82,2484173.21,3572293.81,2586376.41,24487640.04,4868097.98,5638515.27,0.0,53309439.54
4294,6504527.0,2788173.4,1698054.79,13503.4,2667972.27,23645543.54,4733557.6,5762663.84,0.0,47813995.83
4295,6504527.0,1450736.69,926383.06,30038880.2,376936.49,14147149.27,2939479.13,4214209.73,0.0,60598301.57
4296,6504527.0,1227271.06,495189.87,0.0,0.0,9068256.74,1919995.33,1752577.46,0.0,20967817.45
4297,6504527.0,2627099.62,2177895.8,0.0,70863406.65,16309050.63,3233583.5,4750975.44,-99503.59,106367035.05
4298,6504527.0,1288537.27,568790.47,26037123.64,8613332.11,9348029.93,2164442.6,3041188.14,0.0,57565971.15
4299,6504527.0,2575492.38,2289815.47,0.0,63714652.93,17447030.98,3442760.54,4505483.22,-58165.07,100421597.44
4300,6504527.0,2246550.85,1798757.28,0.0,51270195.62,14050771.25,2719770.74,3811653.34,-107610.47,82294615.61
4301,6504527.0,1749550.57,3300611.69,19117011.46,264502865.09,9770440.41,2113090.3,6207620.61,-186156.4,313079560.73
4302,6504527.0,1530047.37,534393.46,0.0,54007.81,10898996.56,2360541.09,2315170.86,0.0,24197684.15
4303,6504527.0,2199476.3,1703361.67,0.0,0.0,17498951.57,3583536.1,4379503.63,-46533.49,35822822.79
4304,6504527.0,1394125.32,866309.93,0.0,164817.27,9415047.3,1934618.52,2223818.57,-79223.31,22424040.61
4305,6504527.0,1287045.72,1787115.13,2261693.52,81057031.85,10352104.79,2196572.26,6528413.56,0.0,111974503.81
4306,6504527.0,1319357.54,1208622.37,0.0,58616148.11,8382471.53,1915026.29,4867995.74,-192220.37,82621928.2
4307,6504527.0,915653.13,498063.18,0.0,27400.13,5837597.73,1264064.25,1758924.96,-85923.66,16720306.73
4308,6504527.0,2034976.08,936692.13,0.0,0.0,15182355.91,2993781.32,3259362.37,0.0,30911694.81
4309,6504527.0,1315550.09,1194639.03,0.0,9252357.11,10853504.86,2303004.62,4747996.62,0.0,36171579.33
4310,6504527.0,1739327.85,968698.35,0.0,10784425.68,15448975.14,3200675.67,4580307.06,0.0,43226936.75
4311,6504527.0,1494353.83,1112281.24,0.0,767724.19,11338321.76,2207878.97,4123100.0,-29037.29,27519149.71
4312,6504527.0,2931718.89,2617713.41,8347859.11,7856727.11,25199345.73,5071348.72,6223332.52,0.0,64752572.5
4313,6504527.0,2194508.79,2913814.74,13333125.56,156323459.35,15824171.75,3180320.08,5420832.32,-101373.97,205593385.63
4314,6504527.0,2628764.61,1107614.72,0.0,0.0,18101247.22,3631144.19,4233763.63,0.0,36207061.37
4315,6504527.0,1410829.95,1498174.79,0.0,17466731.46,12938223.25,2704884.14,6413376.49,0.0,48936747.08
4316,6504527.0,1079775.89,884987.45,0.0,5424314.52,8008824.66,1688589.64,4638106.12,0.0,28229125.28
4317,6504527.0,1906941.39,2113994.99,3612167.98,78311000.27,15211759.82,3091543.98,6097321.92,-131380.78,116717876.57
4318,6504527.0,2299819.18,1816834.1,4282848.2,133032.39,18158956.68,3704694.3,5352019.07,0.0,42252730.93
4319,6504527.0,2076971.2,1544860.03,0.0,1696575.37,15206316.92,3115052.38,5116050.59,0.0,35260353.49
4320,6504527.0,1149406.85,599778.6,7810888.39,568765.11,10700445.67,2269389.06,3651289.72,0.0,33254490.4
4321,6504527.0,1532563.67,951898.98,0.0,34499121.68,7036089.48,1425483.29,2006931.88,-64471.0,53892144.99
4322,6504527.0,2416885.37,1339572.26,0.0,955381.1,18359898.47,3688836.37,2991986.65,0.0,36257087.23
4323,6504527.0,1964902.77,1233102.76,0.0,220695.66,12699324.34,2618843.67,2487953.33,-43515.14,27685834.39
4324,6504527.0,4224080.21,2903128.63,0.0,2967593.36,29265904.7,5840507.81,5533651.34,-53565.12,57185827.93
4325,6504527.0,1662658.93,637808.56,0.0,568262.33,6939432.76,1481698.15,843827.63,-68067.52,18570147.84
4326,6504527.0,3298177.9,2156852.63,0.0,1063681.86,21614287.63,4342025.6,5016103.52,-16496.43,43979159.72
4327,6504527.0,2517972.67,1700946.04,0.0,992829.19,17425306.25,3564206.92,4388919.18,-53771.89,37040935.35
4328,6504527.0,2879245.74,1926005.76,0.0,4186656.16,25646494.83,5215928.91,6243469.62,0.0,52602328.02
4329,6504527.0,1330588.48,2207695.31,0.0,136249949.14,9862173.33,2172738.24,5954066.87,-62459.93,164219278.44
4330,6504527.0,2754968.38,2201534.79,0.0,2367253.15,21381581.97,4565638.06,5331556.37,0.0,45107059.71
4331,6504527.0,1380087.35,1544933.64,1510939.74,14264574.85,13576040.16,2778320.68,6787607.18,0.0,48347030.6
4332,6504527.0,1020723.09,1039125.85,0.0,8418987.47,9137384.19,1930641.47,5039951.9,0.0,33091340.97
4333,6504527.0,2805087.04,1559635.47,0.0,370919.79,15815857.03,3137299.2,2709684.34,-25646.02,32877363.86
4334,6504527.0,2205919.14,1474786.94,0.0,251447.86,15084771.75,3210553.28,4045320.38,-42984.84,32734341.5
4335,6504527.0,1764785.55,634823.69,0.0,713393.08,10763577.65,2310167.95,1921338.02,0.0,24612612.94
4336,6504527.0,920574.51,1035104.39,35152326.26,7490917.34,9205745.08,1889090.45,4495139.63,0.0,66693424.65
4337,6504527.0,1407821.4,1175557.94,0.0,4712232.83,11081967.3,2408420.47,4190137.96,0.0,31480664.9
4338,6504527.0,1206809.48,647426.18,12810357.18,22452985.04,9243033.74,2104592.4,3715215.63,0.0,58684946.65
4339,6504527.0,1649368.6,781941.11,0.0,2640947.4,14174669.04,2958525.92,3818431.68,0.0,32528410.74
4340,6504527.0,2836004.91,2114009.07,0.0,43370.89,21257083.95,4341482.07,4418067.23,-12005.27,41502539.86
4341,6504527.0,596146.05,237933.63,0.0,2409713.27,5773443.47,1157067.51,2254095.94,0.0,18932926.87
4342,6504527.0,2432245.22,1188048.82,0.0,1351113.0,16934016.07,3473834.47,3338110.7,0.0,35221895.27
4343,6504527.0,2400416.46,2040455.37,0.0,56765501.52,16114536.24,3194611.78,4527694.17,-128857.67,91418884.86
4344,6504527.0,1868442.21,1988784.47,0.0,65606763.41,14941513.5,3105649.38,4974514.41,-110684.56,98879509.81
4345,6504527.0,2397771.83,2149114.62,0.0,1360415.92,22117960.7,4731389.71,5256389.63,-101173.83,44416395.58
4346,6504527.0,973515.56,567017.24,0.0,176728.11,6575923.19,1376768.42,1630769.37,-96330.45,17708918.44
4347,6504527.0,724646.12,139249.11,0.0,0.0,4792618.53,1095328.23,944511.31,0.0,14200880.31
4348,6504527.0,1643394.61,1009147.23,0.0,34688296.66,7887765.13,1654801.21,2943402.98,-128107.43,56203227.4
4349,6504527.0,1376792.13,295687.54,0.0,435920.16,3761891.08,919551.06,383284.08,-86345.36,13591307.68
4350,6504527.0,2405630.63,1187112.51,0.0,973666.38,17754119.47,3569424.39,3680566.57,0.0,36075046.96
4351,6504527.0,1378199.94,1678838.41,169814.39,77141051.4,10383073.82,2273106.46,6065012.49,-73398.9,105520225.0
4352,6504527.0,2071293.12,1148166.17,0.0,3047590.99,17496412.56,3619701.45,4240917.73,0.0,38128609.01
4353,6504527.0,3159893.32,1681675.11,0.0,802490.06,17764377.68,3514367.97,3362258.99,-102033.29,36687556.85
4354,6504527.0,1283430.83,1397829.82,0.0,65822655.86,9075436.3,1933441.87,5114073.17,-160331.54,90971063.32
4355,6504527.0,2368763.06,1599954.87,0.0,53441360.2,12067842.33,2384859.63,3890761.13,-119437.08,82138631.14
4356,6504527.0,2953255.79,1949468.82,0.0,204064.81,20306099.73,4027902.06,3901894.47,-83397.15,39763815.53
4357,6504527.0,2199971.45,2092243.87,0.0,6886487.46,20072763.26,3998840.96,7050933.08,-5589.85,48800177.24
4358,6504527.0,1002398.07,389334.66,24259827.78,13505225.81,7295507.55,1579767.35,2812294.93,0.0,57348883.15
4359,6504527.0,2017768.37,2285484.46,0.0,109935743.59,12785156.47,2635434.39,4734428.37,-64369.54,140834173.09
4360,6504527.0,3679367.63,1860527.41,0.0,256676.4,18823434.45,3750516.78,3275809.37,-27859.17,38122999.87
4361,6504527.0,3241154.94,2185433.09,0.0,1031103.45,21763871.32,4454900.46,4543096.72,-1007.97,43723079.01
4362,6504527.0,2662377.36,3291798.26,0.0,129038624.07,21656039.01,4314282.17,4901607.93,-74691.59,172294564.2
4363,6504527.0,1884781.14,958475.82,0.0,379192.43,14241028.45,2725942.05,3093341.4,0.0,29787288.29
4364,6504527.0,840244.61,862472.1,0.0,41073796.86,6286398.94,1468440.75,3226373.7,-158237.49,60104016.47
4365,6504527.0,1498064.23,1544555.71,0.0,76774800.13,8711265.64,1833768.65,5329040.35,-28676.6,102167345.1
4366,6504527.0,700923.74,79848.45,0.0,91577.11,1913532.39,492556.89,153830.34,-113264.27,9823531.64
4367,6504527.0,1629781.9,1173527.74,0.0,3818480.06,11162277.46,2244586.01,3990384.39,0.0,30523564.55
4368,6504527.0,1716464.52,1017138.76,0.0,202075.36,10739297.38,2411367.73,2995442.86,-64260.56,25522053.04
4369,6504527.0,1250631.69,949401.63,0.0,315393.05,9818421.57,2126154.86,3832005.25,-38692.41,24757842.65
4370,6504527.0,1095758.82,436256.09,0.0,0.0,8898020.37,1877182.71,2908709.03,0.0,21720454.03
4371,6504527.0,1009288.63,502337.32,1487091.25,3881437.6,9507168.57,1963164.62,3346618.34,0.0,28201633.31
4372,6504527.0,1656254.49,670519.24,0.0,312269.61,11597882.87,2459224.5,2310191.65,0.0,25510869.36
4373,6504527.0,795270.3,508518.88,0.0,269720.1,6775624.18,1556571.01,2122815.59,-179013.57,18354033.5
4374,6504527.0,774653.93,283421.84,0.0,313540.36,6511547.28,1313151.12,1578155.7,0.0,17278997.24
4375,6504527.0,2202238.65,1796619.33,93965.77,1649206.6,17846013.89,3476246.36,5389735.92,0.0,38958553.52
4376,6504527.0,775591.48,394708.14,1537534.76,15104189.09,6962291.92,1561860.87,3150052.47,0.0,35990755.73
4377,6504527.0,3065578.74,2317307.08,4843113.72,76832107.11,16961201.79,3428121.58,5107676.24,-81323.1,118978310.17
4378,6504527.0,269752.94,0.0,0.0,0.0,1147862.86,281391.9,0.0,-114786.29,8088748.43
4379,6504527.0,1892857.96,1090037.18,1515806.13,0.0,10900371.77,2133025.5,5045079.74,0.0,29081705.27
4380,6504527.0,2004041.96,1910647.65,0.0,6796091.35,18274470.87,3747018.06,6301501.02,-7328.99,45530968.93
4381,6504527.0,3635651.18,2486352.3,1281938.25,706891.15,31686609.54,6564078.89,5795954.09,0.0,58662002.4
4382,6504527.0,1794003.21,1613279.88,0.0,58103007.08,12028026.26,2503226.83,5132026.7,-171957.29,87506139.68
4383,6504527.0,2462868.82,1965999.67,0.0,1510383.13,19892132.69,4196500.37,4376976.07,-43992.82,40865394.93
4384,6504527.0,1768613.41,831458.31,0.0,699170.4,9310195.07,1950573.53,2098819.39,-111663.55,23051693.56
4385,6504527.0,1027487.04,1504913.31,0.0,73619170.34,7916954.08,1730968.91,6376487.71,-3036.08,98677472.32
4386,6504527.0,2119600.27,1532512.75,0.0,0.0,15850519.71,3272851.87,4698496.89,-52539.22,33925969.27
4387,6504527.0,933459.16,652743.02,0.0,26213.0,8130411.39,1686508.2,2707097.94,-161267.07,20479692.64
4388,6504527.0,2476120.48,1312711.18,0.0,2900365.13,19682840.4,4093995.94,4235839.98,0.0,41206400.1
4389,6504527.0,1255106.91,432515.84,0.0,0.0,9610768.02,2060892.46,2154745.89,0.0,22018556.12
4390,6504527.0,2319761.78,980413.67,0.0,488701.8,15986116.61,3220668.89,4116806.88,0.0,33616996.63
4391,6504527.0,2813769.75,1896756.66,0.0,900811.73,19583709.85,3833833.33,3378121.16,-74296.63,38837232.85
4392,6504527.0,3212738.38,2376228.15,0.0,2308182.24,23652538.86,4799904.99,5302087.55,-10254.8,48145952.38
4393,6504527.0,3391089.73,2128174.87,0.0,1255989.23,21445613.96,4245087.33,4659777.31,-25951.87,43604307.56
4394,6504527.0,3267561.91,2188088.08,0.0,320989.76,22198301.37,4718972.1,3457648.34,-39145.04,42616943.53
4395,6504527.0,3212865.86,2722326.11,9008982.84,1365314.43,27126938.53,5647370.41,5880146.69,0.0,61468471.87
4396,6504527.0,3535111.71,2347644.32,0.0,0.0,23521899.66,4690416.84,5107446.87,-4545.65,45702500.76
4397,6504527.0,2272552.41,1793007.01,0.0,0.0,18031867.45,3708020.5,5018970.24,-10179.73,37318764.89
4398,6504527.0,2585897.48,2088097.84,12255757.76,510382.27,20821900.49,4290434.67,5562856.51,0.0,54619854.03
4399,6504527.0,825058.2,375716.92,0.0,17425773.91,6008555.55,1337561.66,2966723.12,0.0,35443916.35
4400,6504527.0,1407790.82,1628156.86,0.0,56361264.72,11544286.85,2383748.02,4414467.31,-62631.4,84181610.17
4401,6504527.0,3235644.78,1939340.13,0.0,1159197.67,26222774.51,5345165.39,4722809.99,0.0,49129459.46
4402,6504527.0,1311584.4,677484.8,0.0,695924.85,11430503.85,2326602.67,3623880.21,0.0,26570507.78
4403,6504527.0,2499278.35,1976340.78,3826444.23,7429.81,19760661.37,3991224.92,5619465.02,0.0,44185371.48
4404,6504527.0,1529490.91,542829.42,0.0,346295.75,10219691.17,2153935.88,2020511.87,0.0,23317282.0
4405,6504527.0,1297021.65,1270591.15,0.0,12336122.76,11129886.98,2262129.45,5435909.24,0.0,40236188.22
4406,6504527.0,1877830.25,1302670.83,0.0,15387910.53,17928362.48,3753452.49,6214090.51,0.0,52968844.09
4407,6504527.0,2427961.34,1657553.33,0.0,834062.42,17384087.9,3408281.49,3487122.12,-89755.4,35613840.2
4408,6504527.0,1040693.02,1704596.05,0.0,80380488.27,9520003.33,1989079.42,6454597.78,0.0,107593984.87
4409,6504527.0,2651611.63,1679333.89,0.0,1557421.2,17558655.5,3384688.46,3731746.96,-91213.02,36976771.63
4410,6504527.0,2407620.11,1254366.37,0.0,862570.63,18470868.82,3688356.64,3553389.81,0.0,36741699.37
4411,6504527.0,3296543.23,2080336.43,0.0,776835.63,20692547.13,4110491.5,4721768.85,0.0,42183049.77
4412,6504527.0,2641976.67,1619858.35,812966.62,1701392.12,22805514.65,4691815.52,5476079.36,0.0,46254130.29
4413,6504527.0,2694371.97,1880520.6,13041337.11,10621450.62,24514047.99,5069135.57,5973431.46,0.0,70298822.32
4414,6504527.0,1961997.5,1108343.87,0.0,1820369.43,10592167.05,2275457.09,4483094.91,0.0,28745956.85
4415,6504527.0,2470845.8,1229592.63,0.0,1220909.43,17938892.53,3629650.77,3310307.45,0.0,36304725.61
4416,6504527.0,1195683.45,857570.36,0.0,75982.09,9019502.33,1906986.17,3261588.61,-47188.5,22774651.49
4417,6504527.0,1881748.69,1088357.2,0.0,2380704.44,10555317.2,2111789.07,3948005.02,0.0,28470448.62
4418,6504527.0,1188275.2,708851.96,0.0,0.0,7836726.93,1762305.52,2826404.86,-74820.73,20752270.74
4419,6504527.0,1516844.92,1503314.49,175494.79,17573290.5,12978607.54,2845894.65,6476722.91,0.0,49574696.79
4420,6504527.0,2738957.11,1895719.12,0.0,1710763.81,18791319.33,3679635.01,4806437.99,-1918.8,40125440.57
4421,6504527.0,3611363.42,2839441.91,0.0,4516287.08,27517380.52,5632706.29,5401309.6,-4676.14,56018339.69
4422,6504527.0,3284252.17,2393507.01,2159218.55,81427.15,23928322.09,4808088.53,5341958.38,0.0,48501300.86
4423,6504527.0,3448795.33,2097145.74,0.0,1403290.33,20903387.09,4168387.65,3458416.56,-13620.11,41970329.6
4424,6504527.0,1396959.08,916131.67,17862623.81,1221420.74,13923883.0,2813512.88,4537080.59,0.0,49176138.76
4425,6504527.0,2842188.91,2938926.26,11468307.71,12050306.0,27892960.27,5701872.41,7143701.78,0.0,76542790.35
4426,6504527.0,2017214.92,1530750.72,0.0,212443.04,15618116.3,3290033.45,4191462.51,-34397.44,33330150.5
4427,6504527.0,3211977.67,2180059.89,0.0,701434.99,22220624.39,4547868.51,4300487.7,-50922.05,43616058.11
4428,6504527.0,3607642.96,2808943.07,11200084.14,711365.46,27997022.36,5521139.19,5869478.96,0.0,64220203.14
4429,6504527.0,1430223.56,1257533.64,0.0,7889857.55,11652913.43,2398961.92,4793852.08,0.0,35927869.18
4430,6504527.0,1140712.37,1986147.39,0.0,161041512.42,5312367.03,1102528.03,5323368.42,-296757.7,182114404.96
4431,6504527.0,1386180.88,1289853.8,0.0,4687374.3,12271186.15,2443052.39,4978216.96,0.0,33560391.48
4432,6504527.0,1897630.2,1318426.77,0.0,345435.32,13230620.01,2672923.83,3580559.67,-7454.3,29542668.5
4433,6504527.0,2293176.16,1488173.21,0.0,317414.17,15123967.37,3130412.66,3766034.32,-35956.54,32587748.35
4434,6504527.0,1330870.16,1202037.74,0.0,8946484.51,10974421.52,2398050.07,4479726.95,0.0,35836117.96
4435,6504527.0,2379741.19,1979210.75,0.0,1869583.75,19520420.02,4073390.33,5778298.85,-24117.08,42081054.82
4436,6504527.0,1813973.89,921435.96,0.0,695216.28,14696398.7,3027993.94,3176604.32,0.0,30836150.09
4437,6504527.0,3565466.5,2325888.07,2321159.13,686956.34,23182935.57,4628113.85,5349206.91,0.0,48564253.37
4438,6504527.0,2808302.85,2625572.57,7923151.3,6544414.29,25490601.84,5229196.87,6085860.37,0.0,63211627.09
4439,6504527.0,2818839.78,1276324.26,0.0,509413.82,18617266.17,3796117.99,3302382.26,0.0,36824871.28
4440,6504527.0,1376196.32,1060057.78,0.0,962029.45,10981760.7,2239482.71,4234896.35,-48753.81,27310196.5
4441,6504527.0,2415057.88,1450745.63,0.0,1317044.24,21293288.8,4414664.18,5001036.16,0.0,42396363.9
4442,6504527.0,1651544.28,823681.81,0.0,8811953.14,13396804.75,2692047.19,4096790.73,0.0,37977348.9
4443,6504527.0,3501315.64,2109516.03,0.0,1594950.97,27946954.38,5799449.57,5052566.82,0.0,52509280.41
4444,6504527.0,3592795.17,2414836.08,2902899.12,0.0,24148360.77,4822103.97,5502852.7,0.0,49888374.81
4445,6504527.0,1836537.35,1231460.98,0.0,1220799.05,12299676.48,2484302.29,3710150.41,-10933.44,29276520.13
4446,6504527.0,1197713.26,601374.29,0.0,234464.2,6605905.67,1344593.25,1725077.49,-62297.74,18151357.42
4447,6504527.0,1127961.42,792558.15,0.0,0.0,8322125.1,1842076.3,3380738.72,-39654.36,21930332.33
4448,6504527.0,1650756.09,1426085.57,0.0,437508.26,14120019.76,3011819.06,5192825.12,-2088.62,32341452.25
4449,6504527.0,2131814.34,964866.25,0.0,187781.91,10546465.96,2172852.68,1840409.57,-96721.59,24251996.12
4450,6504527.0,1555147.68,1334147.01,0.0,819433.95,13198182.97,2720682.69,5574033.05,0.0,31706154.35
4451,6504527.0,1001821.33,603407.9,5263931.88,7845721.48,10018213.29,1984518.59,3907570.25,0.0,37129711.73
4452,6504527.0,2317217.32,1044888.02,0.0,2007414.45,17225014.87,3446758.35,4173430.81,0.0,36719250.82
4453,6504527.0,1285379.39,2057850.56,0.0,154092281.46,7965521.24,1701576.5,4673383.59,-303037.17,177977482.57
4454,6504527.0,2426323.95,1655744.47,0.0,0.0,16934690.13,3419348.72,4625987.98,-37724.55,35528897.7
4455,6504527.0,2935791.81,2144749.14,6135025.38,1595978.31,20857548.27,4265646.81,5718644.1,0.0,50157910.82
4456,6504527.0,1002723.3,782839.26,0.0,687996.02,7598740.41,1520079.74,3219514.72,0.0,21316420.45
4457,6504527.0,3194291.7,2441429.4,0.0,1621998.49,24299128.87,4828914.27,5391879.99,-4497.05,48277672.67
4458,6504527.0,1367407.45,2116336.12,5368109.6,82820716.36,13237562.69,2639222.17,7012424.46,0.0,121066305.86
4459,6504527.0,1433004.69,1098896.83,0.0,13470424.3,9186979.24,1921109.01,4646348.22,0.0,38261289.29
4460,6504527.0,3132490.29,2463914.77,0.0,1352080.84,24555090.7,4932354.79,5722746.74,-5484.86,48657720.26
4461,6504527.0,1045679.79,2636492.4,0.0,203905178.33,7900743.26,1651816.44,6670338.05,-228752.4,230086022.87
4462,6504527.0,3150694.36,2331500.76,12744782.15,10995.44,23310943.2,4796256.67,5388806.4,0.0,58238505.98
4463,6504527.0,860569.09,2149415.88,604734.3,140608875.5,8547846.91,1778581.27,7724305.55,-14657.12,168764198.38
4464,6504527.0,2083226.92,1345648.76,0.0,12649393.85,18728648.57,4027714.78,4997885.48,0.0,50337045.36
4465,6504527.0,2267597.16,1842679.55,0.0,996610.24,18477181.68,3937496.25,5002886.78,-13297.65,39015681.0
4466,6504527.0,1356239.84,1399864.26,0.0,14182324.15,12209112.55,2477404.29,5803629.25,0.0,43933101.34
4467,6504527.0,2132254.37,1894898.4,0.0,0.0,18971469.22,3739817.7,5623015.73,-2248.53,38863733.89
4468,6504527.0,3729276.88,2187053.95,0.0,105224.74,28856743.83,5784094.84,5425275.45,0.0,52592196.68
4469,6504527.0,2605255.06,2340410.53,5266688.71,3820615.17,22973102.69,4811989.4,5763164.7,0.0,54085753.26
4470,6504527.0,3203125.44,1404819.78,0.0,289621.38,14243046.07,2980603.74,2803323.63,-22671.45,31406395.6
4471,6504527.0,2731595.76,3660303.8,9495422.35,153792883.04,22746626.71,4738038.65,5468124.2,-24135.03,209113386.46
4472,6504527.0,2045950.11,2844042.16,15540704.26,89427448.2,19865688.5,4116823.17,6949116.72,-162.47,147294137.66
4473,6504527.0,766849.08,554990.17,0.0,20633.38,6337916.1,1338908.94,2286275.23,-79564.14,17730535.76
4474,6504527.0,3062031.07,2301830.52,0.0,1416527.15,23020916.27,4613414.35,5409715.51,-14552.97,46314408.89
4475,6504527.0,3683669.58,3041678.85,8389584.03,1052484.58,30143655.96,6080492.5,6021199.86,0.0,64917292.35
4476,6504527.0,2095005.76,1349076.58,0.0,10650299.87,18934845.19,3962827.0,5084942.33,0.0,48581523.73
4477,6504527.0,3581175.06,2576999.41,7179621.23,228074.99,25751093.25,5100296.52,5648668.52,0.0,56570455.98
4478,6504527.0,1329629.08,1370049.62,0.0,10663166.65,12350217.67,2617585.07,5130051.55,0.0,39965226.63
4479,6504527.0,814715.87,560292.93,0.0,36351.25,6563124.96,1476365.3,2019792.68,-97018.97,17878151.01
4480,6504527.0,2271587.03,1462301.23,0.0,512598.8,15486404.17,3029100.94,2837866.34,-90302.65,32014082.86
4481,6504527.0,1983818.3,1489377.52,0.0,216376.68,15592080.85,3256610.49,4093490.79,-71356.92,33064924.7
4482,6504527.0,2282929.32,3981856.59,18051103.51,230496321.34,19064158.58,3812369.99,5721333.47,-32089.27,289882510.55
4483,6504527.0,1810333.6,1437588.05,0.0,4112147.83,13895119.01,2952793.88,5585367.98,0.0,36297877.34
4484,6504527.0,2010244.83,1108874.01,0.0,235658.95,17045348.27,3520123.21,3627234.17,0.0,34052010.43
4485,6504527.0,2486915.6,1386249.8,0.0,528305.98,20148010.46,4388010.39,4490024.39,0.0,39932043.62
4486,6504527.0,1228588.3,1294756.82,0.0,44069073.88,9146021.2,1839383.59,3605780.9,-48431.31,67639700.38
4487,6504527.0,2621476.73,2611055.37,6554378.62,78119960.35,19068629.87,3900068.68,5308517.44,-12127.83,124676486.23
4488,6504527.0,2098051.18,2271350.94,0.0,68496888.84,16633181.66,3397388.88,5369662.32,-50898.99,104720151.82
4489,6504527.0,2427289.21,1451107.31,0.0,817761.7,14615487.67,2909726.51,2721058.08,-17776.86,31429180.62
4490,6504527.0,3239697.95,2174564.04,0.0,3240235.36,21441771.8,4365276.83,4073081.09,-2886.94,45036267.13
4491,6504527.0,1182372.61,809006.23,0.0,262541.03,7993015.71,1717367.44,3541778.36,0.0,22010608.39
4492,6504527.0,1181406.38,490373.17,0.0,210144.3,9060192.04,2025854.21,1978029.47,0.0,21450526.57
4493,6504527.0,2566209.08,2000443.4,1616312.0,77062624.11,14020859.07,2843917.02,5389319.81,-110107.22,111894104.28
4494,6504527.0,1421933.97,1302333.04,4427281.53,17105990.39,11075518.46,2302448.79,5953288.34,0.0,50093321.53
4495,6504527.0,2534883.34,1648075.14,0.0,927521.92,23266908.4,4876358.61,5852681.39,0.0,45610955.8
4496,6504527.0,1099172.73,1046521.0,0.0,3845714.84,9672411.23,2013310.26,4539037.28,0.0,28720694.33
4497,6504527.0,3187337.24,2503858.19,8398945.36,1666763.84,24874727.47,4919972.76,5443165.05,0.0,57499296.91
4498,6504527.0,1859625.05,1086765.08,354486.36,12926235.81,16371726.92,3451954.75,5018223.85,0.0,47573544.81
4499,6504527.0,2492475.9,3497359.2,24727508.97,153664214.23,20960247.75,4135993.73,5788488.55,-3685.57,221767129.77
4500,6504527.0,3272533.99,2803709.32,8679013.42,77297681.5,21043107.08,4184711.35,5379097.84,-18907.06,129145474.45
4501,6504527.0,1339125.91,993079.01,0.0,1336885.07,9462936.86,2099207.3,3876303.68,0.0,25612064.82
4502,6504527.0,2608039.5,2297427.98,0.0,62649583.76,17733625.89,3572109.67,4151128.72,-68096.39,99448346.14
4503,6504527.0,1476860.59,635107.82,0.0,29400.2,12188139.02,2435059.87,2520407.62,0.0,25789502.13
4504,6504527.0,2245059.09,1372703.28,0.0,477398.0,20280496.91,4118992.15,4513001.19,0.0,39512177.63
4505,6504527.0,2119022.26,1507730.04,0.0,3676075.55,14604507.61,3057066.84,5017893.72,0.0,36486823.03
4506,6504527.0,1370396.49,1343491.03,0.0,11687700.53,11826926.45,2553118.13,4902587.42,0.0,40188747.04
4507,6504527.0,874460.79,519343.66,0.0,5650109.89,8608558.47,1644492.11,3061580.97,0.0,26863072.9
4508,6504527.0,2843375.76,1780125.38,0.0,989700.05,18720593.16,3662549.98,3239074.27,-101146.08,37638799.51
4509,6504527.0,3076284.66,1934682.74,0.0,500825.75,26325608.45,5344512.93,5383083.11,0.0,49069524.64
4510,6504527.0,1162138.64,445953.93,0.0,924048.24,8214405.45,1667773.37,1929929.72,0.0,20848776.34
4511,6504527.0,3322014.88,2376731.52,0.0,1190829.24,30606622.39,6325641.53,6353310.83,0.0,56679677.39
4512,6504527.0,4021153.94,2827603.9,4073687.47,3235217.53,27943342.18,5647131.18,5875609.46,0.0,60128272.66
4513,6504527.0,2743588.48,1977909.63,2664564.2,9675953.44,25692542.64,5209880.7,6309719.74,0.0,60778685.83
4514,6504527.0,2974266.28,1815136.03,2437848.31,687570.86,17897204.11,3605322.72,5106362.89,0.0,41028238.19
4515,6504527.0,1990120.1,601008.27,0.0,0.0,10464797.1,2109476.12,1749025.44,0.0,23418954.04
4516,6504527.0,2371204.58,1596831.1,0.0,923967.84,16415736.66,3199759.29,2979678.87,-54078.75,33937626.58
4517,6504527.0,954758.21,2498842.54,0.0,212007740.81,5450223.21,1253098.08,6534836.63,-164255.59,235039770.88
4518,6504527.0,853193.5,481147.65,5638658.46,17763402.3,8083715.06,1684914.72,3287197.8,0.0,44296756.5
4519,6504527.0,1667643.2,1522034.8,0.0,61419312.67,10148671.43,2149112.03,4720508.06,-75810.32,88055998.87
4520,6504527.0,2427024.14,1637520.64,0.0,894187.55,17280086.83,3536778.53,3226546.67,-100044.47,35406626.89
4521,6504527.0,2561214.29,1947772.28,0.0,729785.76,19530870.98,3920132.21,5197465.13,-11253.33,40380514.32
4522,6504527.0,1037039.7,1581505.21,0.0,76343002.77,8854172.73,1904865.89,6080336.2,0.0,102305449.52
4523,6504527.0,4364546.85,2519675.96,0.0,1294581.48,25170858.3,4750767.8,5043523.97,-42407.77,49606073.58
4524,6504527.0,1676324.32,1467435.38,0.0,253210.25,15259785.73,3194213.38,4787233.85,-61593.44,33081136.48
4525,6504527.0,1559662.67,1520649.14,0.0,60011591.14,10024626.15,1984728.75,4773534.89,-80563.3,86298756.44
4526,6504527.0,3068191.97,2424641.92,7890450.27,344126.07,24206186.54,5023139.99,6380698.6,0.0,55841962.35
4527,6504527.0,2428242.11,1471253.74,2498652.41,63588.95,21714132.11,4484461.96,5554265.45,0.0,44719123.73
4528,6504527.0,1079963.81,1686879.14,0.0,84216612.39,8705906.54,1950190.12,5866964.81,0.0,110011043.81
4529,6504527.0,1017529.28,876123.27,0.0,35236335.55,7649997.13,1604770.67,3129932.12,-237713.17,55781501.86
4530,6504527.0,4120750.0,2657099.13,8432695.06,101798.29,33558462.2,6745503.07,6008720.64,0.0,68129555.4
4531,6504527.0,2562919.48,1686683.41,0.0,1728743.22,17515490.42,3657216.62,3588380.4,-105935.65,37138024.9
4532,6504527.0,1883868.99,880131.36,0.0,187674.39,10326262.22,2118391.48,1614822.12,-158746.17,23356931.39
4533,6504527.0,1007829.77,378770.07,0.0,378080.74,7831505.52,1658553.0,1697766.89,0.0,19457033.0
4534,6504527.0,2409833.25,1765179.26,0.0,1158816.69,17536092.44,3528559.44,3790634.0,-8364.42,36685277.66
4535,6504527.0,1326026.61,708117.19,0.0,0.0,8376209.13,1728830.45,2130576.37,-129503.72,20644783.03
4536,6504527.0,1392841.36,1576383.75,9561022.81,16697561.11,13789068.78,2799960.34,7370649.03,0.0,59692014.18
4537,6504527.0,1097121.89,1221639.61,0.0,53585745.03,8105364.59,1708807.07,4328290.25,-111617.63,76439877.8
4538,6504527.0,2761973.28,2571695.68,0.0,2100991.08,25573102.22,5096505.39,7035193.29,-18123.96,51625863.98
4539,6504527.0,3512055.33,2296336.06,0.0,170279.33,22966286.31,4558850.5,5197593.49,-2175.06,45203752.95
4540,6504527.0,1150467.41,1121123.56,22503067.19,63101.88,11187910.44,2240681.69,4644802.72,0.0,49415681.88
4541,6504527.0,1773677.96,2016701.97,0.0,117377270.59,9481638.57,2148243.9,5126156.52,-137750.11,144290466.4
4542,6504527.0,1537529.45,745074.52,0.0,21243653.97,7232296.26,1510304.38,1208325.76,-168185.22,39813526.12
4543,6504527.0,1089360.99,511239.5,25457402.81,7306293.57,9225085.88,1856803.01,3235926.41,0.0,55186639.16
4544,6504527.0,3607040.87,2768774.36,0.0,1962518.81,27752814.66,5267442.98,4813760.37,-38834.38,52638044.67
4545,6504527.0,4217827.76,3246215.55,8741265.28,231129.68,32386910.71,6450212.86,5613317.08,0.0,67391405.92
4546,6504527.0,2263400.23,1511581.49,0.0,137055.29,15750489.59,3072091.01,2524844.39,-67996.49,31695992.51
4547,6504527.0,1958207.23,1481392.56,0.0,712931.3,14744815.17,2942370.42,5372988.35,-19442.01,33697790.01
4548,6504527.0,2382547.25,1905869.57,0.0,971633.05,18831832.67,3858825.07,5395939.32,0.0,39851173.93
4549,6504527.0,1959207.52,1499809.72,0.0,0.0,15827689.76,3436534.54,3555794.67,-82959.25,32700603.96
4550,6504527.0,3134171.03,2123774.71,0.0,706194.76,21353988.11,4177842.02,4122182.18,-22200.37,42100479.43
4551,6504527.0,3095363.33,2540727.85,0.0,1281730.84,25365190.83,5133751.03,5117182.91,-12385.74,49026088.04
4552,6504527.0,1143258.78,1629853.83,352230.84,78321778.56,9758322.75,2198949.56,6074162.1,-90807.35,105892276.07
4553,6504527.0,1347180.92,1014493.56,0.0,1099113.53,9825770.41,2082582.83,3915257.59,0.0,25788925.83
4554,6504527.0,2764059.48,2834821.11,520847.43,75012342.22,21612629.44,4322505.13,5540868.4,-29030.76,119083569.46
4555,6504527.0,3361902.0,2576964.35,0.0,1772519.26,25667936.73,5203713.48,5753245.64,-7538.85,50833269.62
4556,6504527.0,773259.3,738858.64,0.0,1664949.32,7069512.65,1536564.87,3605654.58,0.0,21893326.38
4557,6504527.0,1583208.55,1621484.56,6686391.3,17663923.7,14149712.16,3133122.1,7336947.1,0.0,58679316.47
4558,6504527.0,2685476.53,1362447.86,0.0,412328.49,19405822.14,3844767.69,3275056.05,0.0,37490425.75
4559,6504527.0,1480609.0,872606.99,0.0,5099484.79,14543166.91,3005023.14,4675691.98,0.0,36181109.82
4560,6504527.0,1946846.18,1573435.57,0.0,47905516.25,12130010.78,2350728.51,3699142.6,-109086.29,76001120.6
4561,6504527.0,1085711.68,722503.66,0.0,206745.74,8220778.68,1749430.98,2631874.62,-101287.54,21020284.84
4562,6504527.0,1526781.75,1041615.2,0.0,160412.99,10364913.46,2164500.18,3936038.66,0.0,25698789.25
4563,6504527.0,1107090.56,662330.41,0.0,17226107.31,7208448.45,1550334.21,1159747.02,-216765.78,35201819.18
4564,6504527.0,1480489.82,1211893.79,0.0,220826.54,12037310.81,2669895.31,4629194.57,0.0,28754137.85
4565,6504527.0,3293249.81,2307548.16,0.0,150831.66,23110180.03,4647642.0,5210643.92,-5137.33,45219485.24
4566,6504527.0,1301803.99,703311.53,17142300.63,872276.38,11754810.57,2581699.41,3716604.95,0.0,44577334.47
4567,6504527.0,1416674.25,1117941.44,29541861.35,12732793.34,14166742.5,2902216.5,5191798.16,0.0,73574554.54
4568,6504527.0,2353712.21,1196930.35,0.0,824600.62,17882819.36,3584553.75,3618516.46,0.0,35965659.75
4569,6504527.0,2889627.98,1770147.33,0.0,7975651.14,23636477.73,4638159.48,5649600.96,0.0,53064191.62
4570,6504527.0,1025968.1,1195608.32,43240770.64,10265512.03,10259681.04,2061779.52,5137028.94,0.0,79690875.6
4571,6504527.0,827061.87,768474.01,6787796.7,861990.1,7366110.97,1536588.04,3834790.21,0.0,28487338.9
4572,6504527.0,1949402.92,1847968.6,0.0,63580756.21,13162912.2,2703213.72,4427622.56,-56132.92,94120270.3
4573,6504527.0,1960422.62,956119.1,0.0,342867.11,14420786.2,3079565.19,2530050.6,0.0,29794337.8
4574,6504527.0,1181196.1,1324084.31,0.0,18647016.58,10683050.96,2280502.43,6614969.71,0.0,47235347.09
4575,6504527.0,2255544.39,1083271.14,0.0,2025848.84,17576451.4,3528347.83,4027731.42,0.0,37001722.03
4576,6504527.0,930698.12,437343.98,0.0,964823.54,8010088.25,1606941.62,2678912.25,0.0,21133334.76
4577,6504527.0,716652.5,283045.7,0.0,562450.31,3645052.95,950325.73,1364741.38,-96644.74,13930150.83
4578,6504527.0,3128387.37,2318344.93,0.0,1437118.86,23377693.04,4813125.39,5047032.35,-37221.94,46589006.99
4579,6504527.0,3026318.68,1624732.66,0.0,839975.59,22273988.76,4664273.25,3635933.69,0.0,42569749.62
4580,6504527.0,3058826.25,2730453.27,0.0,62410148.48,22373289.95,4591432.81,4262753.67,-88469.56,105842961.86
4581,6504527.0,1147572.52,617607.15,0.0,2941958.01,10369022.91,2232008.53,4447697.88,0.0,28260394.0
4582,6504527.0,1194495.23,474138.43,30031681.37,7799190.51,8796196.61,1856731.98,2905165.11,0.0,59562126.24
4583,6504527.0,1404800.62,1058514.03,0.0,64630374.09,6223167.87,1358654.3,4909593.76,-192228.14,85897403.52
4584,6504527.0,637234.86,126874.88,0.0,0.0,4798082.66,1104092.36,1107289.96,0.0,14278101.72
4585,6504527.0,687192.05,561108.56,0.0,223422.84,6123005.95,1403934.07,2917553.85,-55893.87,18364850.46
4586,6504527.0,619652.74,308919.3,0.0,125915.78,3737516.21,820327.67,805864.88,-69004.46,12853719.11
4587,6504527.0,3374673.28,1950171.38,0.0,975574.94,19640800.63,4038982.22,3820292.4,-25809.23,40279212.62
4588,6504527.0,1800148.59,1028663.26,0.0,12466979.88,15818585.47,3348558.79,4748978.49,0.0,45716441.49
4589,6504527.0,1012562.13,2901405.28,4443065.69,218872677.45,8951993.05,1937131.18,7604025.49,-2081.51,252225305.75
4590,6504527.0,2476050.83,1441982.07,0.0,62567.94,15364288.25,2989849.57,2739062.8,-95394.7,31482933.77
4591,6504527.0,2210431.14,1352935.11,9489776.62,15509470.54,18660548.59,3753744.43,5426400.39,0.0,62907833.8
4592,6504527.0,929965.73,1588673.95,37429389.76,69042885.51,9299657.34,1966901.17,5281387.07,0.0,132043387.53
4593,6504527.0,1351893.19,1465593.99,7506346.83,18327849.78,12188407.98,2639790.52,6814192.81,0.0,56798602.08
4594,6504527.0,1771065.25,607708.75,0.0,112759.48,10817369.49,2236363.24,2562731.58,0.0,24612524.79
4595,6504527.0,1477574.93,1173343.75,0.0,273328.81,11632403.29,2405163.92,4473490.07,0.0,27939831.78
4596,6504527.0,2372871.96,1454932.32,0.0,311675.25,14873359.3,3094169.38,2718835.88,-43924.48,31286446.62
4597,6504527.0,2471179.66,1837300.26,0.0,59239422.25,13744480.8,2705248.76,4255043.67,-101427.2,90655775.2
4598,6504527.0,2030891.9,1134485.83,0.0,410119.16,17888733.22,3734506.09,4404207.79,0.0,36107470.99
4599,6504527.0,1774902.26,980110.68,0.0,213840.33,15666914.49,3351653.97,3560247.19,0.0,32052195.92
4600,6504527.0,1309960.01,716969.53,11312222.27,0.0,12082595.35,2570410.25,3373200.38,0.0,37869884.79
4601,6504527.0,2111431.71,2157155.13,6039328.47,10648339.57,20280847.05,4067140.45,6941419.43,0.0,58750188.8
4602,6504527.0,1641664.65,983480.79,30552934.8,60349.95,14725399.97,3022376.23,4244387.56,0.0,61735120.95
4603,6504527.0,1442682.39,2272805.33,4560848.9,91171185.71,13816928.03,2819487.52,7382639.88,0.0,129971104.76
4604,6504527.0,2197392.1,1835804.08,0.0,517174.04,18298548.98,3790718.7,5182374.49,0.0,38326539.4
4605,6504527.0,665875.86,516620.84,0.0,24569356.54,3547655.19,757303.27,2663878.5,-100369.64,39124847.56
4606,6504527.0,2518172.11,2249120.69,7251614.24,1513181.0,22332313.59,4626732.17,6374190.32,0.0,53369851.12
4607,6504527.0,3394784.22,3170127.26,11529654.47,530003.18,31587003.0,6461863.2,6600234.9,0.0,69778197.22
4608,6504527.0,3283143.37,2225428.9,0.0,0.0,22599486.34,4494649.46,5035041.49,-34519.74,44107756.82
4609,6504527.0,2456341.26,1612659.88,0.0,1741854.07,17101554.23,3239497.38,3305495.99,-114399.37,35847530.43
4610,6504527.0,988924.92,1175123.79,22998204.15,56140089.99,7855900.41,1711243.59,3614834.65,-87912.3,100900936.21
4611,6504527.0,1954807.18,1596949.95,0.0,1237792.63,15851913.71,3339112.29,6266440.17,-2712.76,36748830.18
4612,6504527.0,1232064.07,715972.32,0.0,1485318.09,11651867.48,2530492.82,4337421.49,0.0,28457663.28
4613,6504527.0,3418287.38,2215035.68,0.0,36701.96,23091585.2,4522823.65,4625141.62,-94427.0,44319675.49
4614,6504527.0,2705882.47,2031092.22,0.0,65082928.89,14828882.25,2903615.75,4814899.36,-78028.28,98793799.65
4615,6504527.0,2473541.69,1337706.29,0.0,2378361.46,20104996.13,4111071.52,5454706.65,0.0,42364910.73
4616,6504527.0,1186280.21,834384.77,0.0,1452613.61,7976786.56,1719096.8,4064985.38,0.0,23738674.32
4617,6504527.0,2061292.47,2125796.85,0.0,63877482.42,15474228.47,3030489.06,5054302.4,-43131.06,98084987.61
4618,6504527.0,863006.79,896621.0,57457906.09,1545212.81,8630067.87,1665702.89,4091626.06,0.0,81654670.52
4619,6504527.0,3517056.22,1935996.11,0.0,264264.44,20094772.34,4063889.21,3503271.42,-76402.64,39807374.09
4620,6504527.0,1088428.54,730380.03,40364779.87,8846799.37,10884285.35,2105119.18,4503422.22,0.0,75027741.55
4621,6504527.0,1038394.73,287775.7,0.0,505684.08,6522288.55,1427070.72,1285980.12,0.0,17571720.89
4622,6504527.0,1631697.47,911417.59,0.0,8882284.64,14913541.93,3021115.66,4668763.53,0.0,40533347.82
4623,6504527.0,878512.67,1414527.29,65098666.41,60098089.56,8785126.74,1693302.94,4960359.08,0.0,149433111.68
4624,6504527.0,1242293.9,999418.85,0.0,36380474.04,7120981.0,1475941.16,2979069.5,-76287.68,56626417.78
4625,6504527.0,2180549.5,1485358.38,0.0,9052342.23,20353271.86,4071327.85,5964994.93,0.0,49612371.75
4626,6504527.0,1318339.85,485161.94,0.0,247945.96,6520974.75,1391206.33,2006889.91,-176100.7,18298945.05
4627,6504527.0,3515000.71,2677565.19,9947167.28,1562726.51,26635190.94,5342246.48,5823315.27,0.0,62007739.36
4628,6504527.0,1204934.91,838505.96,11037610.98,9070851.22,11891687.31,2645369.47,4231212.83,0.0,47424699.68
4629,6504527.0,3385710.32,2106451.26,0.0,1990.62,21653446.87,4335165.83,3948153.39,-58967.01,41876478.29
4630,6504527.0,2273475.71,1449048.64,0.0,839182.53,15072513.44,3063346.85,2821929.12,-67127.19,31956896.1
4631,6504527.0,1327968.99,1102223.54,0.0,145781.13,10968348.31,2299853.95,4197863.91,0.0,26546566.82
4632,6504527.0,1358517.36,1455688.55,0.0,19072147.36,12018128.35,2609130.67,6050716.48,0.0,49068855.78
4633,6504527.0,2708458.08,1825253.54,0.0,1503889.15,18559891.67,3940371.86,3954251.03,-48523.85,38948118.48
4634,6504527.0,2413925.36,2083663.54,0.0,2527118.76,20735683.24,4296026.99,5913401.85,-21249.45,44453097.31
4635,6504527.0,3422432.76,2908647.26,13500571.61,2471739.85,28831875.68,5805392.55,5860126.03,0.0,69305312.73
4636,6504527.0,1218564.42,1588358.25,0.0,62021262.8,10040658.74,2047301.23,4941639.73,-9443.57,88352868.59
4637,6504527.0,2767431.67,2198453.25,0.0,67113151.77,16694409.25,3294838.44,4576960.17,-95200.59,103054570.97
4638,6504527.0,2154957.27,1662345.11,0.0,34175.42,17299237.04,3453002.04,4367747.81,-67956.42,35408035.28
4639,6504527.0,2313725.54,2114936.36,0.0,1392108.58,20837070.09,4320315.3,5692668.25,0.0,43175351.12
4640,6504527.0,2134863.47,1278195.37,0.0,349343.11,13179485.27,2665375.71,2348559.78,-43346.83,28417002.88
4641,6504527.0,1733475.06,2007839.79,0.0,67504050.82,14300707.07,2876838.12,4981519.48,-56241.56,99852715.79
4642,6504527.0,745261.91,491961.81,0.0,430739.63,5896890.48,1362935.35,1941253.85,-103359.4,17270210.64
4643,6504527.0,1705541.83,828585.44,0.0,6745625.45,14522306.5,3009901.63,4053126.51,0.0,37369614.37
4644,6504527.0,1561658.37,763764.61,0.0,358786.75,14060544.07,2936133.21,3748183.58,0.0,29933597.59
4645,6504527.0,2486622.5,2157744.08,0.0,61092408.96,16444244.01,3312241.07,4501195.89,-73866.46,96425117.05
4646,6504527.0,2817561.99,1969021.67,0.0,341704.04,19928441.85,3947036.11,3496218.96,-28015.37,38976496.26
4647,6504527.0,3128894.51,2316693.13,0.0,1470665.81,23253620.4,4722230.65,4849508.43,-23185.19,46222954.75
4648,6504527.0,1991835.72,1108423.87,0.0,1285380.81,17114826.78,3627392.27,3941330.36,0.0,35573716.8
4649,6504527.0,1429219.83,1741826.01,11749504.82,23720202.73,14292198.3,2908034.27,7575035.36,0.0,69920548.31
4650,6504527.0,1940357.62,1582424.67,0.0,1189293.39,15607843.38,3272281.87,4627391.21,0.0,34724119.14
4651,6504527.0,1434739.66,1336535.59,0.0,14054248.37,11722238.62,2538402.52,5603633.0,0.0,43194324.76
4652,6504527.0,2961163.32,1355650.85,0.0,4445727.71,20082869.43,3957131.26,4840685.26,0.0,44147754.84
4653,6504527.0,1910023.17,1691781.87,0.0,1272732.73,17068416.24,3454704.55,6030000.87,-42911.72,37889274.71
4654,6504527.0,1588283.48,871105.6,0.0,1018102.35,13386153.22,2925570.52,3288564.84,0.0,29582307.01
4655,6504527.0,2783431.25,2407852.92,0.0,94974.69,24177404.05,4957009.44,6249358.82,-13398.16,47161160.01
4656,6504527.0,3245259.2,2178818.6,0.0,183470.82,22330713.1,4416445.61,4186293.77,-59225.3,42986302.8
4657,6504527.0,1160450.39,602371.54,0.0,1925510.27,10640152.92,2164450.41,3612376.31,0.0,26609838.85
4658,6504527.0,1124704.79,904154.6,0.0,12768.89,9386694.55,2009076.91,3471305.87,-34620.67,23378611.95
4659,6504527.0,2395321.06,1392395.72,0.0,517148.22,20587708.36,4108977.39,4743628.29,0.0,40249706.05
4660,6504527.0,2425530.42,1541268.45,0.0,433789.74,15585207.24,3243873.12,3365290.52,-32463.33,33067023.17
4661,6504527.0,2343421.63,1096339.44,0.0,2176348.55,17485180.3,3668211.56,3911129.28,0.0,37185157.76
4662,6504527.0,1526581.37,585073.97,0.0,310576.06,6328872.97,1388532.42,1098593.25,-54657.63,17688099.4
4663,6504527.0,1381583.62,937019.03,41394781.2,1902565.32,13815836.22,2805974.89,4376879.91,0.0,73119167.18
4664,6504527.0,1048836.23,1724149.91,0.0,83979908.64,9364637.4,1949665.78,6631837.61,0.0,111203562.57
4665,6504527.0,2523595.64,1946692.1,0.0,86413.35,19669059.53,4156102.05,4718946.09,-23408.06,39581927.69
4666,6504527.0,1512425.99,877507.54,29913629.66,0.0,13687975.36,2930405.91,3710643.79,0.0,59137115.26
4667,6504527.0,1319738.95,1383000.85,0.0,12451385.23,12374285.91,2672128.02,5504210.82,0.0,42209276.78
4668,6504527.0,916642.68,1481271.72,0.0,73244206.3,8089854.69,1658673.19,6994501.3,-20054.02,98869622.85
4669,6504527.0,936149.02,660673.34,0.0,16100639.41,5548315.98,1259560.05,920960.93,-38229.75,31892595.98
4670,6504527.0,2414549.4,2141138.43,0.0,66653228.98,16503532.39,3207158.56,4924153.38,-132598.71,102215689.43
4671,6504527.0,2805810.15,1812444.04,0.0,1584182.79,18447801.63,3746339.62,3584692.79,-49335.68,38436462.35
4672,6504527.0,2746865.57,2151598.99,3997145.39,9028619.51,27396920.75,5584766.9,7498438.93,0.0,64908883.04
4673,6504527.0,1247385.34,1158461.36,0.0,7219006.74,10632680.2,2163671.56,5338694.82,0.0,34264427.03
4674,6504527.0,784456.25,304684.86,0.0,6115431.74,6934618.05,1541421.83,2669050.32,0.0,24854190.04
4675,6504527.0,1591314.12,819033.98,0.0,0.0,8327655.22,1722168.99,3070812.91,-13731.54,22021780.68
4676,6504527.0,3238831.71,2535417.63,0.0,205215.71,25702390.82,5407069.04,4850455.36,-42407.12,48401500.16
4677,6504527.0,427583.6,0.0,0.0,0.0,1018125.24,266582.58,0.0,-101812.52,8115005.9
4678,6504527.0,1826285.13,2403050.12,0.0,129958537.35,13251496.61,2695229.71,5376731.82,-113271.54,161902586.2
4679,6504527.0,2176271.12,1792585.35,0.0,1318278.74,17709143.11,3705269.5,4223484.72,0.0,37429559.54
4680,6504527.0,2502903.96,1222775.42,0.0,918738.28,12975819.31,2667333.07,2830913.61,-84958.35,29538052.3
4681,6504527.0,2808589.91,1770055.6,0.0,436165.28,17797891.72,3728626.78,3579694.91,-15566.81,36609984.39
4682,6504527.0,3352403.09,2119014.59,0.0,1065008.86,21248560.84,4206000.79,3813599.58,-25633.53,42283481.21
4683,6504527.0,2903892.7,2261740.69,0.0,154488.68,22825884.59,4731347.1,5279256.86,-21937.56,44639200.07
4684,6504527.0,2756006.88,1283133.33,0.0,1035972.09,18823964.61,3808585.91,3544403.83,0.0,37756593.64
4685,6504527.0,1127648.98,1071939.56,0.0,6162437.28,9916186.43,2147739.96,4731537.56,0.0,31662016.77
4686,6504527.0,1202344.33,832059.53,28437707.09,8900069.98,11845294.08,2634837.82,4076813.25,0.0,64433653.09
4687,6504527.0,1535325.48,1409165.88,0.0,625685.61,13860378.19,2885905.05,5130104.59,0.0,31951091.79
4688,6504527.0,2516377.53,1116468.56,0.0,0.0,17628650.85,3645886.44,3685826.65,0.0,35097737.04
4689,6504527.0,3328415.24,2037822.05,0.0,565946.51,20537378.38,4281586.68,4213328.85,-23075.07,41445929.65
4690,6504527.0,3236716.28,2465375.76,1928507.87,1371150.37,24520257.92,4902236.88,5468806.58,0.0,50397578.67
4691,6504527.0,2106590.58,1522480.62,0.0,0.0,15374633.77,3131113.51,5008822.32,-14982.75,33633185.05
4692,6504527.0,1168629.59,494954.49,20634035.15,0.0,9650979.49,2060073.57,3421203.96,0.0,43934403.24
4693,6504527.0,1795339.33,1466231.92,0.0,408428.07,15176156.09,3182301.85,4112494.89,-55531.76,32589947.4
4694,6504527.0,3085192.11,1251769.51,0.0,696651.23,12969894.4,2554074.69,1783973.71,-52846.8,28793235.85
4695,6504527.0,1434537.81,1448498.3,0.0,14311432.02,12471314.16,2797384.48,6043379.74,0.0,45011073.51
4696,6504527.0,1242514.81,1285182.25,0.0,53125446.07,8922273.36,1943853.17,4277716.27,-126910.08,77174602.86
4697,6504527.0,1724890.7,1547909.84,0.0,51120601.3,11772980.14,2522103.62,3445929.27,-107126.85,78531815.01
4698,6504527.0,2810081.51,1943246.38,1712934.29,1694785.82,19188992.88,3948784.94,5702170.95,0.0,43505523.78
4699,6504527.0,934847.4,617074.37,0.0,629172.31,6964296.26,1462056.26,2262076.43,-102612.2,19271437.82
4700,6504527.0,2864092.87,2297412.35,2949482.29,679802.11,22899251.27,4648875.07,5637185.83,0.0,48480628.78
4701,6504527.0,2910266.76,2920597.7,9536581.04,79114975.13,21906259.56,4455565.0,6031251.82,0.0,133380024.03
4702,6504527.0,716472.27,315341.44,0.0,6274506.14,7056256.34,1561994.39,2862044.52,0.0,25291142.09
4703,6504527.0,3041565.24,2169177.79,0.0,994455.77,21963947.42,4251627.89,4985690.12,-38210.96,43872780.28
4704,6504527.0,2478545.82,2596529.37,9723412.53,79701920.13,18597662.22,3699538.09,5719201.8,0.0,129021336.96
4705,6504527.0,2578700.2,1713530.88,0.0,81718.5,17499134.22,3607933.26,3590921.23,-38062.96,35538402.32
4706,6504527.0,1558436.23,781567.22,0.0,256015.8,14223202.08,2911750.33,4083741.12,0.0,30319239.78
4707,6504527.0,2557388.96,1521110.93,0.0,193536.31,15992480.09,3156696.01,2943998.02,-82580.34,32787156.98
4708,6504527.0,843203.61,744286.2,0.0,320710.39,7943196.64,1720431.02,3272254.88,-61888.31,21286721.43
4709,6504527.0,1276107.34,2370454.38,0.0,144774404.85,10605494.55,2232417.17,6406267.47,0.0,174169672.76
4710,6504527.0,2973083.43,2248925.05,0.0,1253915.75,22771414.91,4689484.41,4907094.76,-44716.45,45303728.85
4711,6504527.0,3029574.33,2367130.9,893593.18,1556892.9,23546593.87,4663647.8,5810763.42,0.0,48372723.4
4712,6504527.0,1373768.12,742049.01,6243845.89,3821051.99,11565348.06,2551495.76,3686165.94,0.0,36488251.78
4713,6504527.0,872361.76,928210.72,13120291.59,3213097.28,8723617.59,1705067.68,4661586.26,0.0,39728759.88
4714,6504527.0,1382713.37,877800.6,0.0,451682.84,8863557.07,1840001.97,3041275.57,-18998.12,22942560.29
4715,6504527.0,1268811.54,392084.79,0.0,90532.37,8529847.06,1786985.17,1568919.8,0.0,20141707.73
4716,6504527.0,2432506.48,2010682.56,3563390.13,360605.09,20064061.72,4129163.92,5572475.83,0.0,44637412.73
4717,6504527.0,2491580.53,1592723.81,0.0,0.0,16394289.32,3373563.72,3746446.35,-46705.12,34056425.62
4718,6504527.0,3008695.5,1983533.06,0.0,671005.22,20142576.91,4015774.63,4107727.66,-39162.08,40394677.89
4719,6504527.0,2345001.92,1564539.06,0.0,837429.02,16499133.99,3245529.97,3332670.29,-94320.47,34234510.78
4720,6504527.0,2071415.51,1807762.83,0.0,57821763.59,13342648.93,2717835.01,4369921.44,-73840.5,88562033.82
4721,6504527.0,1948895.76,1033989.15,0.0,6311118.98,16690828.04,3468237.48,4326189.76,0.0,40283786.17
4722,6504527.0,936174.67,372125.39,0.0,63785.59,5264849.88,1003912.89,1022909.13,-154809.56,15013474.99
4723,6504527.0,741425.4,503519.9,0.0,134549.76,6060956.51,1406638.6,2092432.74,-107549.3,17336500.62
4724,6504527.0,1280098.1,1084676.69,0.0,60739.92,11208091.43,2368669.39,3858009.26,-36635.82,26328175.97
4725,6504527.0,1408593.19,2124957.09,0.0,86066320.04,13127132.13,2657348.76,7054876.27,0.0,118943754.48
4726,6504527.0,1504284.96,3090518.24,27726713.54,264246417.24,8980788.75,1821769.26,5711583.61,-343560.6,319243042.0
4727,6504527.0,3161944.61,2189976.25,0.0,1271361.32,21757371.56,4281257.06,5124525.14,0.0,44290962.94
4728,6504527.0,719414.04,263487.24,0.0,749520.83,6233640.17,1327449.08,1661289.47,0.0,17459327.84
4729,6504527.0,1974992.37,1452014.96,0.0,1988375.15,14602746.42,2971650.62,4260194.14,-26538.51,33727962.16
4730,6504527.0,1930128.05,1749680.05,0.0,53752188.3,13417605.54,2673926.36,4052124.63,-109125.39,83971054.54
4731,6504527.0,2829053.65,1816128.31,0.0,650307.02,18930090.67,3808711.62,3270875.22,-84977.36,37724716.14
4732,6504527.0,1640376.97,1963360.05,0.0,75758656.06,12873655.37,2595025.33,6316686.11,-26479.54,107625807.35
4733,6504527.0,1187200.3,776638.43,0.0,74098.18,8675830.49,1738590.18,2035376.32,-93683.61,20898577.28
4734,6504527.0,2859240.31,2477226.22,8827492.42,78809122.44,17901434.61,3550767.76,5091350.76,-38545.51,125982616.02
4735,6504527.0,1694542.46,663725.76,0.0,19696159.6,7015848.79,1502440.01,1050177.41,-213566.39,37913854.64
4736,6504527.0,1474256.04,1094992.69,37228433.79,7862978.25,14742560.38,3062946.03,4330045.2,0.0,76300739.38
4737,6504527.0,957089.69,838835.98,0.0,2147642.37,8518086.77,1718968.66,3763232.76,-54649.43,24393733.8
4738,6504527.0,1835670.53,940820.43,0.0,689472.69,15778890.96,3347205.13,4359773.9,0.0,33456360.64
4739,6504527.0,3493612.66,3426527.98,12078037.56,78029346.8,27138209.96,5114519.4,6102434.67,0.0,141887216.02
4740,6504527.0,2889986.86,1804501.7,0.0,809678.85,18666536.34,3706484.0,3627947.26,-69979.8,37939682.22
4741,6504527.0,4828289.0,3786505.95,15330236.78,0.0,37865059.51,7707785.67,5769902.7,0.0,81792306.63
4742,6504527.0,1244751.14,1156794.03,0.0,8128423.76,10617625.95,2221290.26,4495600.1,0.0,34369012.24
4743,6504527.0,1351699.89,1195578.16,0.0,5066417.32,11301800.92,2359192.91,4589520.96,0.0,32368737.15
4744,6504527.0,4521030.71,3395025.64,6331173.23,1455506.84,33574326.35,6660983.63,5743006.76,0.0,68185580.15
4745,6504527.0,1207908.83,1451467.45,0.0,63258904.46,9654005.31,1852263.0,5612560.21,-190807.21,89350829.05
4746,6504527.0,2067192.94,1481220.19,0.0,12698255.53,20173957.62,3996984.11,6436650.08,0.0,53358787.47
4747,6504527.0,1933146.02,1652497.34,0.0,617653.22,17047661.94,3560495.17,5676540.71,-57387.42,36935133.99
4748,6504527.0,1607787.4,1217007.63,0.0,1218101.51,11934056.08,2546357.0,3383566.87,0.0,28411403.48
4749,6504527.0,3748829.51,2499620.8,0.0,230468.73,25104494.92,5453644.83,3567219.25,-12457.28,47096347.76
4750,6504527.0,1463506.35,620250.54,32722494.59,2232921.89,10959414.1,2245103.6,3233763.67,0.0,59981981.74
4751,6504527.0,1454756.98,1236014.61,0.0,1853946.95,12145076.49,2422296.62,4808035.42,0.0,30424654.07
4752,6504527.0,2086859.31,1899679.35,0.0,67025535.15,13072143.42,2539973.92,5076163.74,-46779.28,98158102.6
4753,6504527.0,1907866.25,2403252.01,3380601.49,82281809.72,16648737.74,3475351.35,6474643.28,-49376.79,123027412.05
4754,6504527.0,975029.05,379755.57,0.0,953164.85,8358124.42,1821092.78,2818865.66,0.0,21810559.32
4755,6504527.0,733600.23,1256142.25,0.0,64228932.91,6868668.32,1451320.63,5992250.47,-106909.89,86928531.92
4756,6504527.0,2002015.17,1712817.65,0.0,5162949.23,16596782.95,3217138.88,5412189.1,0.0,40608419.97
4757,6504527.0,2714234.04,2348708.55,4394227.2,719058.67,23351442.94,4850122.43,6744136.1,0.0,51626456.93
4758,6504527.0,1483479.76,814599.61,28821744.95,971016.85,12835402.52,2725732.67,4179220.72,0.0,58335724.08
4759,6504527.0,1536292.31,1736137.52,0.0,57700755.17,12883144.73,2604338.21,4880753.91,-118126.88,87727821.96
4760,6504527.0,1170067.93,370415.61,0.0,117459.23,8828848.09,1939978.38,2091287.36,0.0,21022583.6
4761,6504527.0,886962.31,501800.17,0.0,39650.81,5912136.9,1256816.87,1818664.91,-89693.22,16830865.77
4762,6504527.0,2437444.83,2013535.82,0.0,2810888.51,19745983.7,4067350.63,5411509.11,0.0,42991239.59
4763,6504527.0,1096545.8,467604.38,0.0,721736.28,9322158.63,2168485.94,2450348.47,0.0,22731406.49
4764,6504527.0,1450498.31,772635.88,1213871.33,0.0,12639258.83,2755611.57,3655029.35,0.0,28991432.27
4765,6504527.0,1019709.81,93709.46,0.0,0.0,2090147.27,525140.4,138378.23,-115305.27,10256306.9
4766,6504527.0,946856.93,1556884.89,0.0,71794327.47,8987510.85,1857401.18,6490246.68,-5991.8,98131763.2
4767,6504527.0,3322749.38,3257608.4,5833290.95,77621936.54,25599456.41,5202114.29,5457288.74,-10418.82,132788552.88
4768,6504527.0,803989.17,322092.07,0.0,6060561.41,7180656.29,1567857.72,2361286.77,0.0,24800970.43
4769,6504527.0,2420575.68,1741505.21,0.0,32682.08,17438022.65,3494741.13,5554870.59,-3505.12,37183419.22
4770,6504527.0,1298863.79,1602237.75,0.0,59247492.59,11034944.54,2219982.68,4952493.21,-45079.6,86815461.97
4771,6504527.0,2220510.37,1118780.45,0.0,288331.93,12036479.88,2476704.81,2052816.25,-95525.54,26602625.14
4772,6504527.0,3420177.39,1647451.7,0.0,832136.89,16487992.23,3403506.41,3209427.52,-15021.53,35490197.62
4773,6504527.0,3311640.23,2409201.9,0.0,1035081.45,23959815.11,4979295.52,5185041.72,-14318.4,47370284.53
4774,6504527.0,2420772.38,2506524.66,2156883.28,78783613.1,18260258.13,3720571.06,5419452.01,-47928.18,119724673.45
4775,6504527.0,1096960.84,413075.72,0.0,6947480.46,8064727.29,1764781.66,2646917.4,0.0,27438470.36
4776,6504527.0,3737023.16,2668095.42,0.0,152514.58,26756697.75,5296800.99,5140980.76,-13080.71,50243558.96
4777,6504527.0,1050726.78,409079.0,17120374.4,1347216.74,8505700.0,1841746.06,3292529.29,0.0,40071899.28
4778,6504527.0,2407708.85,1544726.01,191749.68,4873278.61,21851230.27,4242349.59,6290707.25,0.0,47906277.26
4779,6504527.0,951364.05,1017976.09,0.0,11403359.96,8765345.07,1849599.58,5417607.2,0.0,35909778.94
4780,6504527.0,872025.81,1265649.59,0.0,89984117.29,4181931.31,927093.62,5243246.01,-150163.5,108828427.13
4781,6504527.0,791693.94,378860.19,22856214.82,9371876.41,7350990.93,1486316.64,2518434.08,0.0,51258914.03
4782,6504527.0,3278750.14,2491027.26,0.0,6018264.94,24165789.03,4903972.59,5140852.73,0.0,52503183.69
4783,6504527.0,1797670.03,1482968.66,0.0,506560.49,14743581.38,2982563.25,4512884.67,0.0,32530755.48
4784,6504527.0,3614127.31,1853918.3,0.0,580016.78,19321153.05,3802869.35,3698473.16,-87754.12,39287330.84
4785,6504527.0,3097838.66,1817436.9,0.0,107991.55,25159550.64,5113741.21,5240339.38,0.0,47041425.34
4786,6504527.0,2549028.34,2094403.34,5876509.19,0.0,20944033.35,4208831.55,5862500.18,0.0,48039832.95
4787,6504527.0,1717959.23,1374660.69,0.0,1403546.19,14295179.23,2953878.58,4235979.21,-68087.75,32417642.38
4788,6504527.0,1205940.64,840603.25,27765577.15,9096106.43,11910181.84,2649694.85,4060795.87,0.0,64033427.02
4789,6504527.0,2602604.87,2577795.4,0.0,70709003.57,19535357.59,4034132.67,5082075.54,-51462.66,110994033.98
4790,6504527.0,2373837.86,1703693.43,0.0,811044.19,16899072.88,3463114.25,4761048.67,0.0,36516338.28
4791,6504527.0,1436843.13,2642658.18,6219427.04,206471466.57,9170061.37,1926020.88,6086158.38,-217061.7,240240100.85
4792,6504527.0,1254610.02,405730.26,0.0,915919.67,8620684.43,2029443.6,2361337.29,0.0,22092252.26
4793,6504527.0,1555458.01,1003110.65,0.0,15556943.28,14353991.45,2893069.73,5244930.9,0.0,47112031.01
4794,6504527.0,1127718.69,2880212.34,15511473.77,244036294.76,7684296.54,1736115.57,6299652.69,-262697.58,285517593.79
4795,6504527.0,1093646.7,740456.59,43575540.1,8793861.57,10936466.98,2133946.56,4522028.14,0.0,78300473.64
4796,6504527.0,2173190.49,895567.7,0.0,519933.8,12923989.63,2397800.68,2619880.03,0.0,28034889.32
4797,6504527.0,1943669.28,1485399.34,0.0,39378221.78,12074706.11,2529831.68,2358777.3,-72497.46,66202635.03
4798,6504527.0,3100755.07,2020792.03,0.0,99802.85,21132564.25,4198507.4,4208959.65,-93549.6,41172358.65
4799,6504527.0,2923471.33,2399132.04,0.0,974565.76,24052692.1,4865928.68,5600072.0,-17815.8,47302573.12
4800,6504527.0,2372610.43,1470854.49,0.0,163168.05,15006609.36,2931555.32,3258428.61,-30944.22,31676809.04
4801,6504527.0,1398614.88,1571296.11,3743104.41,14363167.77,13955625.99,2828351.77,7304764.54,0.0,51669452.47
4802,6504527.0,1281239.06,776305.51,0.0,1675887.12,12294588.32,2522481.08,4840566.76,0.0,29895594.85
4803,6504527.0,1303690.45,1829314.39,3669627.82,83114360.54,10470751.47,2233532.78,6298522.72,0.0,115424327.16
4804,6504527.0,1367503.29,1540231.07,161092.63,13562496.09,13675032.92,2782300.7,7229544.59,0.0,46822728.3
4805,6504527.0,934949.8,1096543.01,17622920.44,55325531.21,7801277.83,1645201.18,3442889.63,-157387.46,94216452.65
4806,6504527.0,1978911.11,1092923.81,0.0,336339.87,17008893.64,3528993.51,3852317.3,0.0,34302906.24
4807,6504527.0,959342.14,771954.97,6306914.01,0.0,7719549.72,1657742.02,3757707.49,0.0,27677737.35
4808,6504527.0,2293948.47,1914414.56,0.0,2144901.81,18927556.54,4054015.78,5669839.68,-24706.51,41484497.33
4809,6504527.0,2788353.73,1687907.75,0.0,533027.79,17484667.2,3473189.51,2963891.28,-66541.2,35369023.05
4810,6504527.0,751273.83,652522.32,0.0,535053.71,6327444.04,1381325.18,3026070.09,0.0,19178216.17
4811,6504527.0,3360341.14,2032468.99,0.0,1047077.1,21366429.25,4356012.36,4317775.33,-112327.69,42872303.48
4812,6504527.0,1769065.75,1004582.24,0.0,1675344.92,10620379.85,2244422.86,2509598.36,-78159.08,26249761.91
4813,6504527.0,1457224.57,1033101.65,0.0,891567.79,10112903.07,2243581.21,4452739.35,-11144.89,26684499.75
4814,6504527.0,1278663.12,594427.77,0.0,15615634.44,9176943.91,2105691.11,3253537.13,0.0,38529424.49
4815,6504527.0,3143364.41,2386175.79,0.0,2016710.64,24110949.44,4829673.2,5066771.26,-40920.55,48017251.18
4816,6504527.0,2688166.39,2581016.31,3728241.33,79474004.67,19026902.69,3854483.85,5577532.04,-49957.13,123384917.17
4817,6504527.0,1066327.07,1139710.72,0.0,14842484.02,9747240.91,1937939.47,5345414.89,0.0,40583644.07
4818,6504527.0,1505503.05,958807.57,8070519.63,2088098.18,13914362.63,2905953.45,4639442.37,0.0,40587213.88
4819,6504527.0,1942326.37,1842903.62,0.0,68515418.59,13169232.61,2654179.68,5007899.39,-121896.61,99514590.65
4820,6504527.0,871386.47,926269.28,13107875.19,3242253.69,8713864.73,1700542.57,4715015.83,0.0,39781734.76
4821,6504527.0,3534988.93,2473069.35,0.0,368416.8,24749954.36,5269227.46,5023306.03,-10987.02,47912502.92
4822,6504527.0,1552726.24,980336.12,32775687.85,343963.84,14589117.16,3160626.16,3927066.45,0.0,63834050.81
4823,6504527.0,3228499.74,2190075.91,0.0,1465538.59,21687001.58,4464008.09,3377797.6,-11010.19,42906438.32
4824,6504527.0,2406610.55,2295252.98,950068.6,861795.77,22682171.55,4699673.59,6854993.76,0.0,47255093.81
4825,6504527.0,3757815.62,2738306.65,0.0,2165300.02,27128383.38,5553235.17,5459099.92,-6486.49,53300181.26
4826,6504527.0,3864406.47,2480110.9,0.0,474768.21,24876757.95,4882083.17,5156497.95,-16141.2,48223010.46
4827,6504527.0,1877901.78,1154713.11,0.0,12772299.46,17119939.64,3543318.16,4957022.73,0.0,47929721.87
4828,6504527.0,2287193.53,1697613.35,0.0,1542606.76,16808053.66,3680327.92,5137497.47,0.0,37657819.7
4829,6504527.0,1283602.68,1160568.14,0.0,12317747.28,10079653.89,2098200.4,5324927.53,0.0,38769226.91
4830,6504527.0,922982.11,1050689.69,0.0,49687939.18,6920396.41,1629418.81,4327734.43,-134884.82,70908802.81
4831,6504527.0,2906283.06,1865644.46,0.0,2717973.73,25342596.98,5019115.82,4886661.61,0.0,49242802.66
4832,6504527.0,2058651.75,1667559.83,0.0,41376067.12,13108453.23,2746066.47,3104324.1,-32983.24,70532666.25
4833,6504527.0,1232107.33,1063444.25,0.0,6929507.17,9806067.06,1984838.5,4993664.49,0.0,32514155.81
4834,6504527.0,1450708.63,879887.34,7747609.75,1102031.52,13508720.97,2861067.18,4352843.2,0.0,38407395.58
4835,6504527.0,3404405.25,2065190.14,0.0,1075835.61,21139178.8,4380226.2,4013032.17,-61222.57,42521172.61
4836,6504527.0,2388448.18,1175761.35,0.0,176314.71,17746206.97,3542227.15,3623021.36,0.0,35156506.72
4837,6504527.0,2972440.42,1909969.9,0.0,1287548.18,19358290.37,3944136.84,3775479.52,-38413.63,39713978.6
4838,6504527.0,2094842.2,1551746.46,0.0,879411.37,15940854.56,3194751.44,3980409.12,-51339.19,34095202.95
4839,6504527.0,2096104.89,1520862.84,4795361.14,17174013.35,20063136.99,4196207.29,6550300.75,0.0,62900514.24
4840,6504527.0,1715605.43,1711102.3,0.0,68430716.47,11417221.47,2359654.45,5003633.11,-75707.99,97066752.24
4841,6504527.0,1271823.3,519118.64,0.0,502918.37,8495732.91,1630554.38,1524715.79,0.0,20449390.4
4842,6504527.0,3139865.23,2139475.44,0.0,1290738.4,21646626.33,4163542.82,5159689.19,-38613.89,44005850.52
4843,6504527.0,1390608.83,700208.34,0.0,2022529.07,13327077.4,2720057.34,3950279.69,0.0,30615287.67
4844,6504527.0,1419681.32,1368659.54,0.0,12059443.91,11989331.39,2502322.08,5239956.13,0.0,41083921.38
4845,6504527.0,889723.43,554963.21,0.0,0.0,6042927.26,1294623.4,2938664.95,-49329.52,18176099.74
4846,6504527.0,1458528.82,1600319.56,1059099.08,18860669.55,13611924.57,2819714.83,7550572.65,0.0,53465356.06
4847,6504527.0,665154.45,286918.19,0.0,926618.23,2541991.37,653673.4,1354465.73,0.0,12933348.38
4848,6504527.0,871456.31,2295394.48,0.0,180911900.95,6234349.7,1317566.08,5690501.65,-228096.43,203597599.75
4849,6504527.0,954813.24,1283837.76,27504942.95,55418132.0,8846441.92,1815234.59,3844880.38,-78867.61,106093942.23
4850,6504527.0,3492474.02,2454994.31,3372194.66,0.0,24549943.11,4823000.07,5410440.61,0.0,50607573.78
4851,6504527.0,2676765.78,1855205.19,0.0,2623936.69,19177703.24,3733358.32,3965155.04,-88966.95,40447684.32
4852,6504527.0,1239890.77,751286.16,777779.02,4981547.5,11539745.26,2418676.09,4600105.83,0.0,32813557.63
4853,6504527.0,1793367.4,1082730.04,0.0,410938.27,11176297.04,2336516.06,2345256.33,-41106.85,25608525.28
4854,6504527.0,3461561.93,2026490.46,0.0,2281125.69,20405899.13,4058370.52,4545376.42,-29001.38,43254349.77
4855,6504527.0,1250935.28,629921.53,0.0,0.0,7649116.91,1632233.12,2306598.66,-134990.16,19838342.34
4856,6504527.0,1212847.18,472734.22,0.0,8998.61,8756134.63,1897840.04,1767369.44,0.0,20620451.12
4857,6504527.0,1589660.33,1098971.31,0.0,0.0,11127811.54,2273845.86,4514651.55,-13809.85,27095657.74
4858,6504527.0,1026343.83,407671.49,0.0,14961444.99,7078832.0,1714192.44,2808912.66,0.0,34501924.42
4859,6504527.0,2644201.75,1865469.49,0.0,1304590.48,19075636.45,3767025.07,3663659.96,-58039.02,38767071.19
4860,6504527.0,2534714.08,1865975.42,0.0,28207.6,19119612.32,3857880.09,4470185.44,-46184.79,38334917.17
4861,6504527.0,985886.62,565349.9,7781379.87,11987401.78,9308929.11,1980589.87,3264836.87,0.0,42378901.03
4862,6504527.0,764238.18,941506.44,0.0,47967040.55,6242085.81,1442378.86,3978959.57,-160486.0,67680250.41
4863,6504527.0,3089925.93,1921340.61,4612338.79,12714.15,26233806.43,5316231.24,5605966.92,0.0,53296851.07
4864,6504527.0,1255427.31,785984.65,32025738.46,9980011.24,11309682.63,2488288.81,4192739.91,0.0,68542400.01
4865,6504527.0,1580145.26,1019251.28,0.0,334475.05,10068876.27,2119029.11,4142022.26,0.0,25768326.23
4866,6504527.0,1369787.36,1159540.34,0.0,1408178.4,11349162.0,2392136.69,4092993.06,0.0,28276324.84
4867,6504527.0,1907358.49,1530129.54,0.0,158087.22,15327705.03,3257755.32,5366419.37,-8484.56,34043497.43
4868,6504527.0,1319823.68,1083775.11,0.0,1277838.04,10597225.24,2142115.96,3971006.24,0.0,26896311.27
4869,6504527.0,2029804.31,1215525.17,0.0,9422314.02,17793115.86,3671671.34,4650608.43,0.0,45287566.13
4870,6504527.0,2163960.56,1105626.82,0.0,423493.53,17629583.11,3641700.53,4383049.3,0.0,35851940.85
4871,6504527.0,2888865.33,2963776.36,10238020.2,78185191.76,22475122.5,4563872.94,5790347.7,-5430.1,133604293.69
4872,6504527.0,2802504.88,1815548.75,0.0,173409.3,18756569.33,3594563.8,3417388.07,-62025.27,37002485.86
4873,6504527.0,2018654.96,958629.24,0.0,0.0,15611974.24,3226384.0,3497240.54,0.0,31817409.96
4874,6504527.0,3466206.62,2524561.41,0.0,1521766.02,25189290.29,4991462.59,5425689.34,-5102.41,49618400.87
4875,6504527.0,1329383.29,643189.19,0.0,353206.68,11027484.43,2277661.82,3204569.56,0.0,25340021.97
4876,6504527.0,1357651.5,1324067.46,0.0,11137604.83,11855619.82,2427964.16,5342551.32,0.0,39949986.09
4877,6504527.0,1534711.0,1275747.5,0.0,45871873.72,8958994.13,1873801.95,3487645.87,-55028.86,69452272.32
4878,6504527.0,2029704.41,1604391.4,0.0,0.0,16536254.76,3451697.27,5221205.18,-49234.08,35298545.94
4879,6504527.0,1870187.14,843753.51,0.0,7449165.82,14591734.55,3000388.65,4163175.43,0.0,38422932.11
4880,6504527.0,1629912.0,964014.51,17541331.85,208440.26,14475996.49,2968173.24,4501458.75,0.0,48793854.1
4881,6504527.0,1213729.89,621261.37,0.0,3580162.64,10561534.6,2105485.38,3684339.61,0.0,28271040.49
4882,6504527.0,3897152.98,2376557.07,7030440.35,1813173.19,30500507.04,6158422.76,5413095.87,0.0,63693876.25
4883,6504527.0,2827574.31,2121041.36,7441649.62,10937403.93,26944818.79,5497877.28,6433242.7,0.0,68708135.0
4884,6504527.0,575980.78,210693.13,0.0,331791.35,2536690.43,628592.13,396296.78,-52253.66,11132317.93
4885,6504527.0,1537297.94,888992.3,0.0,756328.82,9777331.15,1984636.65,2292717.05,-96673.89,23645157.03
4886,6504527.0,1269238.73,488222.79,0.0,13657.85,9037863.7,1872042.85,1935618.55,0.0,21121171.49
4887,6504527.0,3267885.4,2451781.57,0.0,2344274.15,24481638.86,4956541.67,5202227.51,-21868.7,49187007.47
4888,6504527.0,2879631.85,1538565.01,0.0,1364511.96,21947565.93,4438247.39,4314705.2,0.0,42987754.33
4889,6504527.0,1620811.52,1274060.77,0.0,388679.22,12815946.65,2710190.1,4344042.27,-14880.23,29643377.29
4890,6504527.0,808298.06,505617.45,0.0,382454.63,5985543.08,1365127.88,1925338.15,-96077.38,17380828.88
4891,6504527.0,1581020.11,1093051.9,0.0,5562422.32,10201735.77,1992260.41,4839078.36,0.0,31774095.88
4892,6504527.0,1077835.63,606768.61,0.0,0.0,6768151.88,1398356.21,2002199.65,-70046.58,18287792.4
4893,6504527.0,3915430.59,2855525.03,0.0,2452351.66,27964862.57,6021596.02,4836218.84,0.0,54550511.71
4894,6504527.0,2269870.03,1504962.95,0.0,1514023.5,15528703.58,3052236.25,2981138.13,-65243.95,33290217.49
4895,6504527.0,1808899.59,1466282.83,0.0,47528101.29,11939226.95,2606496.22,3881748.33,-177279.69,75558002.52
4896,6504527.0,1367938.79,901688.62,0.0,135026.37,10156014.09,2207331.07,2621726.12,-118903.95,23775348.11
4897,6504527.0,1681930.78,752242.74,0.0,48724.55,11998138.82,2466808.8,2048744.17,0.0,25501116.85
4898,6504527.0,1393072.94,2091291.82,3672166.59,83632638.24,12953023.1,2549008.99,7192249.07,0.0,119987977.76
4899,6504527.0,2183225.37,1719505.17,0.0,125037.33,17727472.67,3719313.34,5270047.19,-57538.96,37191589.11
4900,6504527.0,1415332.88,1316072.0,0.0,10307258.95,11987273.65,2457916.62,5159336.8,0.0,39147717.89
4901,6504527.0,1352128.07,752077.42,0.0,654860.6,7706747.0,1658429.34,1278196.29,-30703.75,19876261.96
4902,6504527.0,4019153.8,2870846.68,0.0,958754.09,28860015.31,5512034.27,5360564.48,-27063.88,54058831.74
4903,6504527.0,1144277.57,1248880.52,0.0,18047662.58,9938816.32,2253565.35,5739625.72,0.0,44877355.07
4904,6504527.0,1493983.28,525123.09,0.0,15077012.33,6307424.63,1469645.11,876371.84,-230308.23,32023779.06
4905,6504527.0,4073045.04,3477076.75,14611028.86,0.0,34770767.5,7119357.6,5840799.98,0.0,76396602.73
4906,6504527.0,3587164.43,2333305.41,0.0,491181.45,23245653.65,4751741.58,4510958.17,0.0,45424531.69
4907,6504527.0,2798043.73,1565217.09,7531571.89,629297.19,22609447.02,4635171.36,4919878.0,0.0,51193153.28
4908,6504527.0,937008.12,1555184.51,35089577.7,66878440.26,9370081.17,1848526.06,5205914.34,0.0,127389259.17
4909,6504527.0,951407.76,460712.87,32277911.78,741809.81,9449708.44,1867694.67,2535312.05,0.0,54789084.38
4910,6504527.0,3074067.85,2506229.73,0.0,2166224.91,25013971.24,5158417.84,5401004.3,-17665.24,49806777.64
4911,6504527.0,736931.4,408658.73,0.0,0.0,5224391.22,1054253.51,1380929.62,-113780.39,15195911.09
4912,6504527.0,1718614.4,875106.09,0.0,3114056.0,15022433.5,3157096.76,4111087.05,0.0,34502920.79
4913,6504527.0,3703012.85,2500101.86,0.0,1799631.91,24906357.4,4799977.25,4890068.89,-14562.94,49089114.21
4914,6504527.0,2372138.4,2779990.04,1265485.65,77252334.37,21113701.83,4521764.79,6019316.95,-49423.58,121779835.44
4915,6504527.0,1325092.45,1409034.31,0.0,16664898.15,11961041.97,2405409.64,6260818.14,0.0,46530821.66
4916,6504527.0,1599601.64,1868293.16,0.0,71592748.79,12216950.3,2512980.61,5656148.49,-28285.33,101922964.66
4917,6504527.0,2226381.34,1375108.95,0.0,627883.49,14087359.92,2935302.28,2577744.07,-42694.02,30291613.04
4918,6504527.0,3846767.58,3236257.95,804541.12,649222.38,32138675.81,6503182.94,6040247.87,0.0,59723422.66
4919,6504527.0,3227845.51,4419759.53,25901864.41,158397798.93,29362901.35,6119088.64,6478819.22,0.0,240412604.59
4920,6504527.0,2678501.78,1198559.87,0.0,710105.36,18889994.95,3832778.35,4435302.76,0.0,38249770.08
4921,6504527.0,2758460.21,1825596.1,0.0,1480551.11,18551829.37,3810385.69,4247179.98,-44860.91,39133668.55
4922,6504527.0,1934577.56,1349978.33,0.0,494096.82,14117653.99,2882271.69,3176253.44,-69263.11,30390095.71
4923,6504527.0,3364824.99,2483794.8,0.0,913998.21,24698856.75,4947272.32,3775519.13,-17207.66,46671585.56
4924,6504527.0,2056846.6,1078061.24,0.0,20844.45,16484739.83,3489485.63,3373636.48,0.0,33008141.24
4925,6504527.0,2551058.95,1935824.11,0.0,58202495.52,14824027.69,3017893.94,4363061.14,-98815.41,91300072.93
4926,6504527.0,1800606.1,1450195.12,0.0,1853453.26,14267744.92,3006207.49,4912548.75,0.0,33795282.64
4927,6504527.0,2027781.24,1760948.45,0.0,1201277.01,17301854.55,3641011.36,4963201.6,0.0,37400601.22
4928,6504527.0,2476849.49,1530152.92,0.0,0.0,15366459.13,3207303.25,5136237.5,-6492.99,34215036.3
4929,6504527.0,2406882.48,1831996.25,0.0,1250089.28,18273826.22,3815920.76,4904457.25,-15224.37,38972474.85
4930,6504527.0,1669956.18,1239350.42,0.0,1061105.85,12151008.24,2529040.74,4939830.52,0.0,30094818.95
4931,6504527.0,1755174.66,2072298.47,0.0,73002794.52,14375582.51,2981206.72,6124929.18,-69252.65,106747260.4
4932,6504527.0,865574.79,510192.23,10544749.59,11804515.26,8365282.22,1875211.56,3113340.57,0.0,43583393.21
4933,6504527.0,1018163.67,659935.57,0.0,9059251.45,10181636.67,2025464.03,4319145.2,0.0,33768123.58
4934,6504527.0,3265195.08,2444318.76,0.0,3359836.54,24200751.98,4777864.39,5486363.56,-5738.39,50033118.93
4935,6504527.0,1249697.23,710809.17,19089201.29,3098702.01,11257934.9,2510467.54,4063416.37,0.0,48484755.51
4936,6504527.0,2634209.58,1559585.1,0.0,1365344.5,22296158.12,4389793.95,4594719.74,0.0,43344338.0
4937,6504527.0,2575613.1,2279101.64,817269.9,2246052.76,22544119.89,4639575.3,6386974.42,0.0,47993234.02
4938,6504527.0,1630183.53,1675264.99,0.0,68313517.57,11536360.8,2462759.35,5450331.57,-109514.68,97463430.14
4939,6504527.0,2692331.57,1534118.05,0.0,1982498.98,15939495.34,3255930.0,2527311.68,-77807.58,34358405.03
4940,6504527.0,1377871.96,1008309.38,0.0,49982.99,10569181.82,2135296.47,3239552.13,-49023.02,24835698.73
4941,6504527.0,1145723.05,681108.52,0.0,268954.69,7316031.12,1545594.6,1837437.98,-60436.33,19238940.62
4942,6504527.0,3934739.6,3364625.58,7609250.82,798128.89,33383117.98,6816724.45,5729784.39,0.0,68140898.7
4943,6504527.0,2046110.17,1774287.45,0.0,66540929.8,12338655.58,2498644.36,4470100.3,-79878.45,96093376.2
4944,6504527.0,1171560.81,592182.94,10808999.37,2964732.07,10627998.37,2196613.36,3207284.84,0.0,38073898.75
4945,6504527.0,2418273.48,1746008.41,0.0,0.0,18289905.38,3759661.65,4386384.35,-82982.13,37021778.14
4946,6504527.0,4353632.78,2686363.6,16868994.95,0.0,26863635.98,5395328.26,5299810.66,0.0,67972293.23
4947,6504527.0,1240441.16,1771767.35,0.0,73172897.3,10948038.87,2262497.57,5947004.25,0.0,101847173.5
4948,6504527.0,963995.99,629192.19,6218515.76,13187134.26,9639959.88,1842953.31,3826338.54,0.0,42812616.93
4949,6504527.0,2776231.98,1774618.48,0.0,1049502.16,18115368.69,3679431.7,3446321.73,-48791.03,37297210.71
4950,6504527.0,2544060.51,2227445.15,0.0,455350.37,22348603.79,4733799.07,6295258.3,-11188.77,45097855.42
4951,6504527.0,1019333.62,411255.46,0.0,912541.06,8988410.02,1882389.17,2459777.82,0.0,22178234.15
4952,6504527.0,2954283.52,1705630.5,0.0,757601.04,17466895.99,3460572.15,2986220.9,-47985.31,35787745.8
4953,6504527.0,1123751.83,1087284.27,0.0,8892829.09,9606720.58,2170140.76,4521462.45,0.0,33906715.97
4954,6504527.0,1425806.98,1052204.1,32205547.22,7308692.87,14258069.78,2913903.98,4611163.33,0.0,70279915.26
4955,6504527.0,1121860.68,599560.05,0.0,5418618.7,9902180.06,2361489.12,3316632.47,0.0,29224868.08
4956,6504527.0,2227124.5,1722911.19,0.0,2048855.59,16948385.86,3570946.9,4501109.06,0.0,37523860.11
4957,6504527.0,818905.71,613730.67,0.0,179021.95,6553775.37,1451022.24,2753349.06,-43130.44,18831201.57
4958,6504527.0,998886.97,551754.58,22886832.97,8564177.63,9716418.87,1913114.74,3303565.96,0.0,54439278.72
4959,6504527.0,1782174.63,1956965.55,0.0,72389778.04,12659096.44,2589510.27,5770587.38,0.0,103652639.31
4960,6504527.0,1297987.31,1064952.98,0.0,8683610.79,9445678.67,1952522.48,4352474.0,0.0,33301753.22
4961,6504527.0,1794269.3,815750.57,0.0,179594.5,8983092.09,1802618.11,1467070.39,-83810.95,21463111.01
4962,6504527.0,2753852.29,1799866.46,0.0,287902.21,18584253.0,3514102.23,3978677.44,-61297.15,37361883.48
4963,6504527.0,922631.85,1416694.29,48647302.32,60157249.64,9133237.2,1791791.22,4932616.8,-18853.61,133487196.72
4964,6504527.0,1030020.68,566065.59,3272444.2,10744211.68,9375811.32,2018898.69,3301491.85,0.0,36813471.01
4965,6504527.0,2530302.13,2374711.1,0.0,71719286.3,17978628.75,3701868.13,5238597.38,-89595.08,109958325.71
4966,6504527.0,1678608.35,1511522.79,0.0,143937.34,15456304.92,3257900.46,5725903.64,-35300.53,34243403.97
4967,6504527.0,1984542.77,703625.68,0.0,264425.87,7692355.01,1532134.25,1395163.05,-67667.32,20009106.31
4968,6504527.0,1329877.01,420634.85,0.0,35980.44,8359501.61,1767405.35,1446056.76,0.0,19863983.02
4969,6504527.0,3083598.11,1988723.1,0.0,283389.83,20183369.29,4013030.39,3799208.51,-32771.04,39823075.19
4970,6504527.0,1351883.66,1314242.11,0.0,9182616.25,11877802.65,2451389.17,4965848.19,0.0,37648309.03
4971,6504527.0,1430385.51,1568002.44,15955361.73,13358511.52,14151286.7,2928509.41,6112445.1,0.0,62009029.41
4972,6504527.0,3577841.07,2493619.03,966590.55,1305887.54,24714823.82,5012121.6,5626805.8,0.0,50202216.42
4973,6504527.0,1447587.5,727929.18,0.0,623365.34,12125466.33,2573707.76,3386075.3,0.0,27388658.41
4974,6504527.0,1292014.98,796471.08,2120985.1,2734297.95,12265779.83,2644491.67,4571106.74,0.0,32929674.35
4975,6504527.0,2652176.72,1827248.36,0.0,0.0,18430385.82,3610100.35,5549494.61,-15790.22,38558142.64
4976,6504527.0,1717566.46,1452320.32,0.0,2748285.58,14880292.61,2969088.49,6017792.97,-92113.93,36197759.5
4977,6504527.0,2106672.56,1565811.05,0.0,0.0,16076630.92,3289611.98,4822228.52,-41852.05,34323629.99
4978,6504527.0,3143005.7,1940668.05,0.0,529595.43,25853505.96,5498313.94,4485757.63,0.0,47955373.71
4979,6504527.0,3928380.76,3257319.26,0.0,4339726.81,32031796.29,6336429.15,6630595.91,-16275.54,63012499.64
4980,6504527.0,1437107.2,1435376.53,0.0,11621574.07,12921818.07,2720283.2,5922872.99,0.0,42563559.08
4981,6504527.0,3233915.03,2339210.83,0.0,1161909.0,23269815.8,4739654.98,3757791.38,-2049.99,45004774.03
4982,6504527.0,3601198.32,2689303.91,0.0,1542852.54,26754522.29,5375116.0,5462823.41,-7121.49,51923221.99
4983,6504527.0,2585983.57,1413266.14,0.0,24098.41,14227153.2,2855851.88,2906620.59,-9715.6,30507785.2
4984,6504527.0,3939175.26,2645204.16,4191586.65,544336.3,33422305.5,6992490.83,6051827.37,0.0,64291453.07
4985,6504527.0,2115942.11,1552470.78,0.0,204647.58,15863069.79,3133613.23,3463126.88,-35663.87,32801733.51
4986,6504527.0,1636563.46,1176244.88,0.0,1360063.92,11586176.5,2375141.82,4274119.01,0.0,28912836.59
4987,6504527.0,1409205.56,1515497.75,0.0,13982539.35,13472104.91,2742734.73,6677584.19,0.0,46304193.5
4988,6504527.0,1436954.11,449973.04,0.0,271776.71,5391793.0,1230301.76,762082.42,-92533.29,15954874.76
4989,6504527.0,1571074.9,1715011.81,0.0,66189123.95,11913861.03,2566444.8,4897148.6,-81980.57,95275211.53
4990,6504527.0,1587401.85,1510910.13,0.0,57760987.59,10422497.13,2129611.46,4416662.35,-93287.06,84239310.45
4991,6504527.0,3211187.95,1696758.02,0.0,2273530.28,23702552.76,4748902.81,5499607.42,0.0,47637066.24
4992,6504527.0,491747.9,286331.37,0.0,12008734.61,4917479.05,1001343.5,2734929.55,0.0,27945092.97
4993,6504527.0,980183.95,545688.34,27307056.86,1536463.67,9801839.49,2079125.84,3363847.19,0.0,52118732.34
4994,6504527.0,1453492.04,1829974.89,0.0,73748211.09,12184319.22,2401467.05,6202002.19,-88564.47,104235429.02
4995,6504527.0,968463.16,266100.52,0.0,1230376.68,2783974.55,638358.58,340220.31,-28673.57,12703347.22
4996,6504527.0,1562392.44,1106544.55,0.0,836022.88,10813499.73,2131322.58,3093809.8,0.0,26048118.98
4997,6504527.0,1235118.91,810326.36,27064164.02,3105084.84,12303397.62,2774439.95,3958053.8,0.0,57755112.5
4998,6504527.0,2573197.66,1921211.56,6137815.97,0.0,19212115.64,3921096.43,5361709.74,0.0,45631674.01
4999,6504527.0,2949686.13,2632011.94,4894433.39,607470.62,26166837.39,5153928.35,5544340.51,0.0,54453235.33
5000,6504527.0,2189785.36,1774480.92,0.0,2004677.64,17750010.54,3625315.4,5396597.9,-24569.7,39220825.06
5001,6504527.0,2255241.78,2007011.09,0.0,794057.89,20408491.8,4200825.05,4981160.54,-46607.17,41104708.0
5002,6504527.0,3595516.28,2170640.99,0.0,2247486.96,21672053.63,4333688.92,5107719.78,-19613.71,45612019.85
5003,6504527.0,874087.84,803577.42,0.0,160196.39,8098965.45,1633986.24,4028847.49,-9042.14,22095145.69
5004,6504527.0,1207619.78,1240944.2,0.0,10305078.11,10998470.17,2180044.81,5409666.68,0.0,37846350.77
5005,6504527.0,2064468.46,903311.88,0.0,343864.11,9869195.17,2095753.68,2084145.52,-91246.15,23774019.67
5006,6504527.0,1494543.53,1253453.35,0.0,9112991.87,11469110.8,2392424.97,4613583.28,0.0,36840634.8
5007,6504527.0,2965527.39,1873780.96,0.0,362156.61,19254876.77,3832545.49,3905197.53,-55710.47,38642901.29
5008,6504527.0,1358863.26,832225.71,0.0,285267.65,9103275.73,1853219.74,2511691.21,-88646.59,22360423.71
5009,6504527.0,1205924.39,1486059.52,0.0,60224280.8,9521219.28,2011276.16,4842944.46,-21259.59,85774972.01
5010,6504527.0,1061315.69,587292.88,10107775.23,5598967.57,9902517.58,2194336.13,3336061.03,0.0,39292793.1
5011,6504527.0,1288901.67,1351682.07,0.0,54669445.26,9170924.11,2003385.35,4443991.36,-90111.51,79342745.31
5012,6504527.0,3313617.04,1924091.56,0.0,544250.63,19701695.85,4134204.56,3744423.52,-56216.34,39810593.82
5013,6504527.0,3121179.87,3155776.48,9301419.15,77182485.48,24403149.65,4771838.5,5462358.53,0.0,133902734.65
5014,6504527.0,1906049.74,1605195.13,8761395.21,6683932.32,15137062.46,3138414.0,5493665.05,0.0,49230240.91
5015,6504527.0,2896762.12,1987838.99,0.0,697973.13,19971617.38,3950872.25,4139850.5,-16002.81,40133438.57
5016,6504527.0,1924938.18,2212806.83,0.0,71318008.48,15826524.24,3242273.37,5630560.22,-39824.73,106619813.59
5017,6504527.0,1184182.77,569964.61,0.0,13034562.51,4841939.6,1077942.62,795245.13,-39899.49,27968464.75
5018,6504527.0,1622698.15,936784.37,0.0,3567262.62,15568694.41,3207265.54,4438354.29,0.0,35845586.39
5019,6504527.0,1744077.09,1446527.08,0.0,0.0,14750612.88,3132559.34,4276182.53,-28534.2,31825951.71
5020,6504527.0,1524388.45,1208344.76,25221925.42,12634681.42,15243884.49,3093184.68,5445249.44,0.0,70876185.66
5021,6504527.0,2317746.67,1677545.64,0.0,617153.48,16547329.62,3417326.8,5052475.76,0.0,36134104.98
5022,6504527.0,922758.07,774684.06,0.0,2069362.97,7504906.18,1621176.22,3704906.53,0.0,23102321.03
5023,6504527.0,2919930.24,1550149.74,0.0,523243.23,16508703.89,3272075.04,2737005.25,-109468.99,33906165.41
5024,6504527.0,888192.09,1379082.87,26988411.72,59776187.32,8881920.86,1716170.48,5391412.44,-31770.63,111494134.14
5025,6504527.0,2665076.34,1820364.43,1700158.79,6602627.23,24359376.56,5001735.42,6504695.26,0.0,55158561.03
5026,6504527.0,3628187.57,2761680.05,0.0,3932400.76,27244465.84,5585184.74,5949284.57,-8916.82,55596813.7
5027,6504527.0,2706608.28,1378685.2,0.0,3098590.82,19939813.51,4067104.51,4104396.23,0.0,41799725.55
5028,6504527.0,1531413.64,2620746.76,14275492.85,233388049.92,5390118.76,1177744.2,6078307.73,-225866.64,270740534.23
5029,6504527.0,1021663.46,990238.45,0.0,9226840.9,8683609.99,1895572.05,4647054.44,0.0,32969506.29
5030,6504527.0,2087950.47,1307636.52,0.0,773072.53,13295708.83,2724745.02,2602646.93,-40074.53,29256212.77
5031,6504527.0,1209511.65,594029.11,8716474.13,3508293.68,10602539.64,2217739.02,3232033.79,0.0,36585148.03
5032,6504527.0,3030582.37,2133775.53,0.0,400007.71,21558806.6,4271629.02,4528001.48,-26527.33,42400802.37
5033,6504527.0,3120963.76,2072861.72,0.0,1282345.26,20987643.03,4197316.06,4251386.0,-40685.07,42376357.75
5034,6504527.0,2619482.71,2348724.86,0.0,3376229.85,23188624.92,4503829.67,7123557.55,-797.33,49664179.22
5035,6504527.0,1504552.14,699407.03,0.0,382856.98,12374413.71,2492851.26,2858875.04,0.0,26817483.15
5036,6504527.0,2282079.59,1483474.63,1763143.36,1101054.36,21452848.64,4320824.38,6474132.36,0.0,45382084.31
5037,6504527.0,1833600.9,2830346.05,15216575.77,153684919.88,14993041.02,3003752.9,5997180.98,-86870.95,203977073.56
5038,6504527.0,1183848.05,442588.98,0.0,1770724.52,9590326.38,1816196.45,2566292.96,0.0,23874504.33
5039,6504527.0,1625176.74,1219708.7,0.0,258182.96,12667182.74,2801195.79,3329363.46,-49649.15,28355688.23
5040,6504527.0,1691171.99,956722.35,0.0,110865.15,10131984.86,2076171.71,2692905.61,-60574.19,24103774.5
5041,6504527.0,1529224.63,551071.51,0.0,623774.4,11542735.95,2483910.9,2891824.16,0.0,26127068.56
5042,6504527.0,2075911.72,2079579.49,0.0,64319334.44,15701060.62,3223814.07,5004232.91,-119832.93,98788627.32
5043,6504527.0,1158825.77,755696.71,0.0,430235.21,8358529.86,1680293.36,2341284.68,-85769.18,21143623.42
5044,6504527.0,1313188.05,2358663.89,1277674.08,140153425.55,11162409.72,2322488.89,5877675.12,-56794.24,170913258.05
5045,6504527.0,1541447.4,812025.17,0.0,1933086.49,14005742.15,3045924.32,3813848.35,0.0,31656600.88
5046,6504527.0,2884491.04,1957374.53,0.0,4949272.65,25809913.48,5067163.14,7210886.65,0.0,54383628.48
5047,6504527.0,1412427.17,1678901.06,1404072.79,20076055.22,14124271.66,2993207.33,7284803.8,0.0,55478266.03
5048,6504527.0,1279443.47,1282795.08,0.0,11510705.73,11126558.46,2345249.77,5538468.61,0.0,39587748.1
5049,6504527.0,1714185.0,1384558.01,0.0,43839531.9,10842981.71,2200561.03,3313876.81,-128189.23,69672032.22
5050,6504527.0,2356811.14,2104137.38,0.0,1205872.1,21053099.02,4112718.23,5375724.34,-14503.8,42698385.41
5051,6504527.0,2223624.5,2203756.32,3841315.86,76832107.11,15679010.17,3299804.78,5494896.31,-66654.69,116012387.36
5052,6504527.0,2303661.63,1720575.97,0.0,1275474.36,16978821.39,3602361.91,4839336.68,-4896.28,37219862.66
5053,6504527.0,3012529.38,2109517.46,0.0,1245024.39,21630457.49,4224344.6,4549595.05,-67292.4,43208702.97
5054,6504527.0,820331.61,1122428.89,0.0,56139573.92,6722091.49,1559432.29,5140907.29,-130223.11,77879069.39
5055,6504527.0,3830953.59,2545354.88,5691079.61,1099138.38,25340862.51,4903764.91,5797827.42,0.0,55713508.3
5056,6504527.0,1354749.2,886923.22,21252066.59,818357.67,13547491.99,2726723.69,5041781.09,0.0,52132620.45
5057,6504527.0,1807792.52,2047412.48,0.0,73942228.26,13947978.95,2894884.86,6018290.6,-40142.67,107122972.01
5058,6504527.0,1427807.97,1180106.69,0.0,5468322.04,11086033.53,2323820.27,4291047.18,0.0,32281664.69
5059,6504527.0,3606015.92,1616378.61,0.0,1615883.71,22892561.17,4632706.01,4371416.69,0.0,45239489.1
5060,6504527.0,2816410.74,1215186.67,0.0,125006.41,12958452.45,2677933.58,2103231.65,-85279.35,28315469.15
5061,6504527.0,1847951.14,738259.73,0.0,0.0,13843760.66,2914105.93,3448422.73,0.0,29297027.19
5062,6504527.0,1801336.03,804514.37,0.0,1476357.94,8124199.48,1391195.62,1567165.15,-48643.39,21620652.2
5063,6504527.0,1374180.54,1037537.28,0.0,394133.35,10393992.65,2235727.73,3684915.33,-16430.87,25608583.02
5064,6504527.0,755692.83,281459.06,0.0,88502.0,6695908.36,1514393.16,1514342.63,0.0,17354825.05
5065,6504527.0,1255427.31,649788.06,18253655.51,273501.26,11309682.63,2488288.81,3732140.86,0.0,44467011.42
5066,6504527.0,3490820.42,2424501.89,0.0,1348847.35,24204619.46,4987462.45,4474749.48,-24651.37,47410876.69
5067,6504527.0,3334904.47,2460873.9,6931308.66,434151.32,24572760.35,5037293.6,5311584.47,0.0,54587403.77
5068,6504527.0,1699439.14,990285.8,0.0,364548.88,11832423.25,2543937.04,1999857.0,-205061.44,25729956.68
5069,6504527.0,2601952.22,1599108.18,0.0,1000444.33,22899139.11,4698601.58,6380577.98,0.0,45684350.4
5070,6504527.0,880456.35,1277638.82,27603347.25,57438277.18,8417226.45,1691854.5,4288144.31,-50793.99,108050677.88
5071,6504527.0,1403622.21,1779474.48,0.0,72173843.25,11314254.11,2381776.87,5449508.03,0.0,101007005.95
5072,6504527.0,2380304.83,1714266.05,0.0,2804241.22,16894740.9,3460575.99,5036234.15,-11745.1,38783145.05
5073,6504527.0,1300056.89,1265424.37,0.0,4318137.69,11953348.64,2342263.44,5396417.96,0.0,33080175.97
5074,6504527.0,3854028.94,2566962.08,4178348.43,1194707.66,32300278.77,6439839.12,6336673.89,0.0,63375365.88
5075,6504527.0,1196882.85,1040368.49,0.0,5212497.56,9777773.3,2038895.6,4537769.05,0.0,30308713.85
5076,6504527.0,3035834.7,2597280.02,6518156.19,768702.55,25824942.21,5301121.93,5644146.17,0.0,56194710.76
5077,6504527.0,1079741.47,518435.2,25531986.42,6397256.66,9648950.27,2003293.05,3657532.56,0.0,55341722.62
5078,6504527.0,3694579.18,2825562.84,8762333.57,1117379.91,28167109.36,5539142.12,5894289.35,0.0,62504923.34
5079,6504527.0,898068.37,737939.84,0.0,399721.21,7894480.25,1708160.9,3140217.83,-60353.88,21222761.52
5080,6504527.0,3009162.9,2233562.5,0.0,1284810.59,22406189.08,4554755.14,4827435.86,-20191.86,44800251.21
5081,6504527.0,2056018.49,1281099.71,0.0,152345.08,13465279.28,2740471.3,3941681.09,-71059.56,30070362.39
5082,6504527.0,1061992.37,582216.51,13169901.99,6486815.68,9792620.32,2142880.48,3095258.56,0.0,42836212.91
5083,6504527.0,3333986.22,3765899.52,19629888.75,153664214.23,23663412.9,4813444.9,5622871.55,-5461.77,220992783.3
5084,6504527.0,1389591.32,771622.29,2669075.73,694592.16,12372371.43,2654826.31,3688543.66,0.0,30745149.9
5085,6504527.0,2125470.26,2292879.92,36959749.42,13729465.93,20973422.78,4324513.03,7269098.98,0.0,94179127.3
5086,6504527.0,2071049.47,1448197.98,590241.64,12431870.7,19970989.77,4041361.89,5881215.6,0.0,52939454.04
5087,6504527.0,2370825.87,1902187.59,0.0,275197.02,19413429.96,3869856.61,5404293.43,-43556.55,39696760.93
5088,6504527.0,829076.56,1375844.05,0.0,105446480.98,4259513.22,977489.84,4101491.55,-262604.04,123231819.16
5089,6504527.0,2945428.11,1999398.56,0.0,1025416.99,19820110.57,4004435.27,4502393.19,0.0,40801709.68
5090,6504527.0,1870468.88,1980629.09,0.0,65075071.19,14715981.9,3064703.7,4831805.21,-88870.8,97954316.17
5091,6504527.0,2006605.25,1447346.32,0.0,711263.85,14453868.83,2914629.13,3904702.25,-5052.8,31937889.83
5092,6504527.0,1575201.37,1132482.63,0.0,0.0,11845390.18,2358370.76,3784791.34,-52056.39,27148706.9
5093,6504527.0,2318450.58,1378179.78,0.0,737673.73,14139308.84,2785489.08,2005740.5,-42863.07,29826506.44
5094,6504527.0,1494519.05,839089.19,7051554.63,0.0,13303791.87,2949288.06,3773274.44,0.0,35916044.25
5095,6504527.0,3699035.78,2348091.36,0.0,768568.22,23419581.16,4639911.23,4860631.3,0.0,46240346.05
5096,6504527.0,3876621.35,2130576.93,0.0,863686.05,21519577.76,4375250.74,4310668.25,-36695.03,43544213.04
5097,6504527.0,3838639.44,2720952.86,2912670.09,1120354.78,33991763.58,6780976.22,5981955.59,0.0,63851839.55
5098,6504527.0,1534176.16,472959.72,0.0,513948.72,5111702.64,1156952.67,620739.12,-49099.63,15865906.4
5099,6504527.0,1530045.55,1352568.08,0.0,5798678.03,12851234.17,2692844.08,5142101.42,0.0,35871998.32
5100,6504527.0,2513460.73,1717127.93,0.0,1093507.03,18142716.88,3590782.47,3669398.28,-109957.29,37121563.04
5101,6504527.0,2180962.57,1121971.78,0.0,18005969.87,15779496.65,3128972.86,4904393.58,0.0,51626294.32
5102,6504527.0,1244768.52,1389177.96,0.0,19971675.05,11231591.62,2336327.19,6851874.55,0.0,49529941.89
5103,6504527.0,1436232.09,1020527.95,0.0,0.0,11089618.48,2336684.42,3134192.21,-88433.9,25433348.25
5104,6504527.0,2124055.07,830618.9,0.0,286949.57,12679293.15,2630083.7,1942913.49,0.0,26998440.87
5105,6504527.0,2833317.14,2005087.26,0.0,909482.05,20192213.97,4021098.55,3671103.25,-27026.2,40109803.02
5106,6504527.0,2343136.38,2233320.99,1765224.77,78573240.21,16179824.26,3254002.66,5469415.74,-105057.08,116217634.94
5107,6504527.0,2689332.12,1992554.91,0.0,717525.98,20239175.28,4036375.93,5164291.07,-39295.09,41304487.18
5108,6504527.0,2518010.37,1121447.98,0.0,1151248.67,17476779.77,3453094.36,3658427.12,0.0,35883535.28
5109,6504527.0,2270105.73,1434272.59,0.0,442887.34,14539945.07,3049561.72,4483283.1,-22846.12,32701736.44
5110,6504527.0,2755572.04,1469681.14,0.0,1085832.43,21601869.4,4340502.96,4680731.51,0.0,42438716.5
5111,6504527.0,455392.83,129752.34,0.0,1224895.22,4263462.67,905509.92,1466662.91,0.0,14950202.89
5112,6504527.0,1184323.67,1164404.39,0.0,52368018.85,7005128.12,1378389.4,2449296.19,-93282.65,71960804.98
5113,6504527.0,3125947.02,2338152.31,0.0,760452.94,23876632.37,4907820.72,5073643.03,-63717.7,46523457.7
5114,6504527.0,2323826.87,2206985.94,0.0,67798124.21,16087217.1,3178229.46,4876269.69,-42338.55,102932841.71
5115,6504527.0,1832988.76,1446579.8,0.0,257819.2,14552002.29,3024211.31,4646830.32,-12941.56,32252017.11
5116,6504527.0,2207947.39,1650534.62,18440686.46,16295941.95,21556398.16,4365874.13,6616609.68,0.0,77638519.39
5117,6504527.0,3041498.65,1622679.61,283173.21,1665966.77,23058621.52,4699359.17,5320765.09,0.0,46196591.03
5118,6504527.0,1359938.41,883011.09,20344011.6,569983.98,13538951.19,2754892.64,4590007.49,0.0,50545323.39
5119,6504527.0,2169401.14,1325682.97,0.0,1328566.74,13042732.96,2649073.19,3270139.53,0.0,30290123.52
5120,6504527.0,2005145.72,1592229.63,0.0,3262950.25,15551115.88,3311331.33,5294637.69,0.0,37521937.49
5121,6504527.0,3302847.34,2265420.52,0.0,0.0,22978640.25,4646810.15,4936093.4,-32443.51,44601895.14
5122,6504527.0,1399788.57,954232.24,35313745.42,3328646.81,13926065.19,2835443.5,4178261.12,0.0,68440709.86
5123,6504527.0,2662039.64,1300869.58,0.0,365142.88,14473252.05,2834033.37,2257009.85,-149625.5,30247248.88
5124,6504527.0,1340019.28,1024575.11,0.0,143108.57,10801344.05,2241883.07,3642547.2,-60849.21,25637155.08
5125,6504527.0,1408375.58,1514420.61,0.0,13639694.91,13518516.51,2752070.58,6982074.88,0.0,46319680.07
5126,6504527.0,1429618.23,1081839.81,0.0,0.0,10860227.05,2245482.81,3816783.89,-4182.89,25934295.89
5127,6504527.0,2913865.8,1776926.92,0.0,1089913.0,17593060.95,3602863.14,3742945.42,0.0,37224102.24
5128,6504527.0,405653.43,127737.54,0.0,3985495.12,3448071.39,731654.83,2000071.96,0.0,17203211.26
5129,6504527.0,1017721.98,1481082.48,0.0,69014267.52,8740693.91,1854082.57,5408149.84,-5239.5,94015285.8
5130,6504527.0,1857224.0,1712400.01,0.0,54809253.47,13204047.71,2670787.73,3949869.08,-107693.65,84600415.35
5131,6504527.0,1282658.7,1227665.14,0.0,14301720.25,10614084.74,2336435.09,5800195.46,0.0,42067286.38
5132,6504527.0,3593359.37,2925253.59,15103665.48,11590718.57,34780367.76,6914442.35,7119579.77,0.0,88531913.89
5133,6504527.0,2284991.99,1043238.03,0.0,866086.85,16645277.73,3404963.67,3598782.23,0.0,34347867.5
5134,6504527.0,874203.49,945390.96,21969021.71,4341860.4,8742034.9,1715305.29,4278047.14,0.0,49370390.9
5135,6504527.0,1848167.27,1618828.11,0.0,64682092.04,11463962.38,2325655.8,4518365.65,-127879.7,92833718.54
5136,6504527.0,1771436.7,1795913.65,0.0,58003698.75,13765756.44,2753741.82,4590531.05,-126595.96,89059009.46
5137,6504527.0,1352016.77,1251258.45,0.0,47662633.22,9010971.32,1886513.11,3928579.51,-124686.2,71471813.18
5138,6504527.0,2575726.11,1453346.37,0.0,651782.38,14932925.34,3065168.6,1958306.76,-50998.83,31090783.73
5139,6504527.0,1477769.9,651131.26,0.0,4371280.42,13025355.27,2701997.34,3620915.2,0.0,32352976.38
5140,6504527.0,1480369.85,306661.27,0.0,22803.23,5597739.28,1207592.45,780627.17,0.0,15900320.25
5141,6504527.0,3068430.02,1386752.69,0.0,1831188.02,20512245.67,4227113.51,4993032.09,0.0,42523288.99
5142,6504527.0,1727792.42,2088378.44,5890302.17,76832107.11,14576889.06,2958417.14,5524865.87,-71820.47,116031458.74
5143,6504527.0,2796512.65,1546797.84,0.0,234155.4,16280759.77,3217996.39,3019540.33,-83234.39,33517054.99
5144,6504527.0,3217300.33,2547969.35,0.0,800077.3,25418175.7,5185746.26,5224331.42,-7559.85,48890567.52
5145,6504527.0,1724257.54,1119364.35,1710914.72,19427271.66,15954299.32,3246734.08,5651469.15,0.0,55338837.83
5146,6504527.0,1367543.04,822362.99,3166916.22,0.0,13136529.86,2851209.53,3979513.69,0.0,31828602.34
5147,6504527.0,1324025.45,956096.97,0.0,317438.95,10054152.9,2088440.42,3233707.77,-56261.94,24422127.52
5148,6504527.0,1502659.58,1389920.99,0.0,43954023.3,11297288.04,2396466.73,3366107.58,-154702.26,70256290.96
5149,6504527.0,1987813.12,2062448.58,0.0,64982207.96,16001488.61,3244010.44,4634287.0,-125137.12,99291645.6
5150,6504527.0,2823420.28,2242995.07,9310166.57,0.0,22429950.66,4549420.95,5956595.26,0.0,53817075.79
5151,6504527.0,1336301.43,1142592.4,0.0,13008287.45,9884543.15,2071850.93,5050356.99,0.0,38998459.34
5152,6504527.0,3631711.33,2612880.31,2272163.21,0.0,26128803.12,5131096.25,5340662.02,0.0,51621843.25
5153,6504527.0,1439606.56,1737451.39,0.0,61308754.41,12461677.6,2360327.7,5535751.85,-125797.7,91222298.83
5154,6504527.0,991805.59,456253.45,0.0,10548832.5,9191810.75,1675268.75,3274815.31,0.0,32643313.34
5155,6504527.0,975223.17,1032162.01,32746745.87,4098943.89,9583884.73,1962602.59,4613063.96,0.0,61517153.22
5156,6504527.0,1417289.47,1428671.79,0.0,8484159.61,13241670.45,2719855.21,5597877.33,0.0,39394050.85
5157,6504527.0,2765999.35,2505841.83,7422692.42,3991075.68,24513879.43,5009107.74,6180216.83,0.0,58893340.29
5158,6504527.0,3367422.57,2364994.45,0.0,652604.12,23662399.76,4866104.31,5068722.91,-11297.29,46475477.82
5159,6504527.0,2524824.01,1820951.73,0.0,2848673.78,17788776.89,3598903.68,4618316.45,0.0,39704973.54
5160,6504527.0,1309666.81,905564.43,0.0,181526.15,9321864.51,1987080.24,4097698.97,-33332.02,24274596.09
5161,6504527.0,1427141.45,1631237.61,4753090.63,17598754.14,14196388.37,2970623.39,7293807.73,0.0,56375570.31
5162,6504527.0,4072409.14,2675844.7,4462572.18,1394085.66,26526724.64,5359080.29,5276797.06,0.0,56272040.67
5163,6504527.0,1324204.61,1565818.53,0.0,57660347.43,10711749.5,2126753.13,5198345.52,-66410.62,85025335.1
5164,6504527.0,1852533.51,1826141.59,0.0,62861498.33,13180703.3,2736836.48,4573436.76,-95483.54,93440193.44
5165,6504527.0,2249890.31,1369941.43,0.0,338284.81,19804888.89,4094142.43,4189312.35,0.0,38550987.22
5166,6504527.0,3250657.37,2924196.14,0.0,2046728.51,28977247.26,5625741.97,6610497.84,-6276.52,55933319.57
5167,6504527.0,887521.57,559093.13,29127857.49,19414654.81,8875215.69,1714626.67,3355390.47,0.0,70438886.83
5168,6504527.0,2637357.44,2270639.45,0.0,1123301.89,22704192.04,4557136.42,5478577.25,-11833.25,45263898.26
5169,6504527.0,2909925.01,1950157.93,0.0,1906886.12,20098945.64,3955918.31,4602572.61,-80041.55,41848891.08
5170,6504527.0,3668126.49,2412310.99,0.0,587809.96,24286482.79,4671147.36,4967387.59,-22011.79,47075780.39
5171,6504527.0,1475539.38,1860959.34,0.0,77001079.38,11564738.42,2470669.38,5846749.61,0.0,106724262.53
5172,6504527.0,1058611.34,496623.56,20686416.67,1297380.87,9660005.18,1921086.47,3081282.53,0.0,44705933.62
5173,6504527.0,2081946.1,1302191.18,0.0,9239989.88,18485138.74,3802445.21,5122194.73,0.0,46538432.84
5174,6504527.0,1010830.85,597115.89,13388121.82,15294529.91,9545466.64,1857495.62,3594809.78,0.0,51792897.5
5175,6504527.0,2038198.4,1806474.32,0.0,4120572.08,17583496.59,3697334.56,5783071.8,-2647.5,41531027.25
5176,6504527.0,1405588.99,855244.1,6686830.56,812330.75,13165068.13,2797045.5,4102922.08,0.0,36329557.1
5177,6504527.0,1522721.15,663524.13,0.0,0.0,12487467.68,2497658.94,3039985.9,0.0,26715884.8
5178,6504527.0,1976725.92,982783.26,0.0,385847.95,15395248.25,3077200.17,2953166.09,0.0,31275498.64
5179,6504527.0,2540636.35,2241593.33,6001545.98,0.0,22415933.3,4646075.85,6470588.04,0.0,50820899.85
5180,6504527.0,2622616.43,2747283.59,6347059.66,77079824.97,20591221.32,4069822.32,5991543.85,-17087.14,125936812.0
5181,6504527.0,3135795.84,2012589.66,0.0,3349378.19,26153370.94,5126867.59,5200858.55,0.0,51483387.77
5182,6504527.0,2129245.63,1639640.24,0.0,1785679.59,16367232.7,3377381.1,3875631.88,-21399.04,35657939.1
5183,6504527.0,3316194.6,2747498.5,8676580.17,35461.6,27461876.8,5558126.83,5972336.74,0.0,60272602.24
5184,6504527.0,1377899.33,1319317.91,0.0,5939737.65,12288778.63,2436015.19,5231332.04,0.0,35097607.75
5185,6504527.0,2339706.45,1065263.84,0.0,2860100.55,17246753.47,3451095.23,4096071.98,0.0,37563518.52
5186,6504527.0,3863054.08,2839504.59,10092239.43,1037322.65,35178178.77,7364042.15,6278409.11,0.0,73157277.78
5187,6504527.0,774902.25,278057.02,0.0,8486934.79,5089865.65,1035056.25,2397006.54,0.0,24566349.5
5188,6504527.0,1369763.08,1545555.48,5241111.1,15973799.47,13588017.99,2798501.46,7587919.24,0.0,54609194.81
5189,6504527.0,2098400.94,1537052.17,5581073.99,16535721.21,20412171.81,4199828.97,6663742.39,0.0,63532518.47
5190,6504527.0,3108330.82,1799395.09,0.0,530325.69,18348562.2,3779502.97,3483648.64,-41468.09,37512824.33
5191,6504527.0,1320357.51,954545.92,0.0,471153.24,10243909.78,2044395.59,2873415.17,-87260.93,24325043.28
5192,6504527.0,1875667.34,1304971.14,0.0,10602859.18,17860777.96,3764149.65,5543243.68,0.0,47456195.95
5193,6504527.0,1313941.13,1099648.39,0.0,42635814.28,7626057.44,1596338.66,3988837.34,-97308.53,64667855.71
5194,6504527.0,2082664.43,1597541.38,37706902.41,16940262.9,20826644.34,4192375.47,6473683.33,0.0,96324601.27
5195,6504527.0,2797088.11,1190237.38,0.0,1046031.55,18494111.16,3793400.3,4039924.0,0.0,37865319.49
5196,6504527.0,1130348.37,557080.36,11967720.68,10667554.79,9041326.86,1902552.17,3128131.99,0.0,44899242.21
5197,6504527.0,2188049.8,2293656.48,0.0,105208157.41,13979552.95,2845934.43,3957977.18,-102650.99,136875204.24
5198,6504527.0,1508368.21,969385.69,16072892.03,415473.39,14453179.85,3093690.19,4488332.88,0.0,47505849.26
5199,6504527.0,1987582.75,2121655.2,0.0,73072974.81,15180070.02,3143635.65,5383884.48,-69936.5,107324393.41
5200,6504527.0,1417925.8,955703.97,29403679.07,1731443.37,14090531.32,2843063.55,4843992.36,0.0,61790866.45
5201,6504527.0,1552561.69,1043330.97,0.0,311873.88,10889768.04,2263881.54,2860585.12,-49740.69,25376787.56
5202,6504527.0,1199452.83,947565.5,0.0,4736067.04,8616108.91,1921140.45,3306406.97,0.0,27231268.7
5203,6504527.0,1957258.41,1028318.9,0.0,6289467.37,16569940.37,3560046.82,4344320.1,0.0,40253878.96
5204,6504527.0,2443431.48,2162201.89,0.0,65849541.94,16578529.04,3331623.52,4516263.12,-105289.46,101280828.53
5205,6504527.0,1911574.21,984461.5,0.0,1005746.18,10487314.1,2113246.24,2145509.29,-79499.22,25072879.31
5206,6504527.0,988672.48,1378455.26,48699934.13,58765604.35,8871652.64,1844522.63,4571741.72,0.0,131625110.21
5207,6504527.0,2543158.26,1784553.18,625111.09,7996275.83,23727009.0,4877010.61,6824109.32,0.0,54881754.29
5208,6504527.0,921037.56,587482.51,19859697.81,11762061.99,9210375.6,1867431.41,3305694.92,0.0,54018308.8
5209,6504527.0,2650102.0,1248210.85,0.0,2864460.43,18922431.45,3831183.47,4265235.45,0.0,40286150.66
5210,6504527.0,1408545.01,2124650.39,623180.04,86386224.63,13076771.14,2634757.78,7088578.35,0.0,119847234.33
5211,6504527.0,2962246.44,2130111.6,0.0,392950.99,21454436.52,4365191.11,4788350.92,-19816.76,42577997.84
5212,6504527.0,1177555.61,1174742.38,0.0,14135523.31,10033359.39,2218199.95,5038513.64,0.0,40282421.28
5213,6504527.0,4236095.07,3107956.53,11569657.26,412648.74,30927032.38,6047675.33,5517727.71,0.0,68323320.02
5214,6504527.0,881351.48,532292.38,0.0,22611714.79,3941878.1,825014.52,2354221.54,-102078.5,37548921.31
5215,6504527.0,2802917.28,1504200.54,0.0,665906.16,22020671.69,4478912.1,4742683.08,0.0,42719817.86
5216,6504527.0,2693842.74,1677375.02,0.0,1899808.74,17166120.24,3252983.18,3379837.02,-59691.1,36514802.84
5217,6504527.0,2033333.76,2413413.87,7655766.98,78307147.22,17306976.92,3343495.44,6053222.17,-41705.11,123576178.25
5218,6504527.0,1340663.81,1032690.02,0.0,1025067.88,10263157.01,2127455.31,3097010.53,-2277.49,25388294.08
5219,6504527.0,1348869.98,985206.07,0.0,1215128.55,10078254.72,2074980.97,3560919.49,-37713.46,25730173.33
5220,6504527.0,1913005.36,1533849.69,0.0,541391.39,15545084.8,3221900.96,6095646.15,-40670.98,35314734.36
5221,6504527.0,2807097.87,2324601.37,0.0,1590613.74,23093975.94,4677681.53,5640892.71,-6620.97,46632769.18
5222,6504527.0,931174.84,288077.31,0.0,5673428.3,2713937.14,652501.02,393127.89,-51449.4,17105324.11
5223,6504527.0,1338268.79,1135363.59,0.0,1223020.97,11210649.44,2399324.82,4110581.72,0.0,27921736.33
5224,6504527.0,2015230.32,1858760.28,0.0,2576125.31,18190957.57,3656546.4,6279434.48,0.0,41081581.37
5225,6504527.0,1428197.91,999609.05,0.0,186618.47,10575780.78,2227905.22,2917148.16,-64867.26,24774919.34
5226,6504527.0,2660250.35,1428624.2,0.0,206774.03,20772063.08,4324664.26,3853405.84,0.0,39750308.77
5227,6504527.0,1693522.86,1309840.33,0.0,1220827.84,13279869.41,2663579.29,3782225.83,-33469.55,30420923.01
5228,6504527.0,1311840.12,921148.91,0.0,8286964.95,8012802.96,1759333.19,5295679.47,0.0,32092296.6
5229,6504527.0,929350.31,1458028.55,37801211.34,60866679.33,9123361.3,1880563.35,5315197.57,0.0,123878918.74
5230,6504527.0,1526756.59,890525.89,12415881.06,0.0,13818158.85,2958128.98,3972274.39,0.0,42086252.74
5231,6504527.0,2519232.02,1863136.41,0.0,65396249.58,13675848.68,2639414.84,4918285.39,-133226.73,97383467.19
5232,6504527.0,884802.62,286518.48,0.0,121452.02,5958249.06,1219535.11,1203018.88,0.0,16178103.17
5233,6504527.0,3527663.9,2602083.81,5741632.33,307558.87,25995350.33,5200849.93,5722550.34,0.0,55602216.52
5234,6504527.0,917519.26,442423.18,0.0,2798871.45,8417048.82,1694833.66,3203407.12,0.0,23978630.5
5235,6504527.0,2492681.3,1936456.63,0.0,744989.56,19545298.25,3822717.92,5098657.88,-28227.05,40117101.49
5236,6504527.0,1480540.1,1620092.22,0.0,10850749.72,14737136.98,3035503.72,6476664.7,0.0,44705214.44
5237,6504527.0,1688109.74,751202.38,0.0,2440584.15,14059102.51,2931726.74,3826548.33,0.0,32201800.85
5238,6504527.0,1338027.2,1242937.14,0.0,9951674.97,11210379.05,2370558.01,4980156.82,0.0,37598260.19
5239,6504527.0,754654.29,615889.22,0.0,170445.58,6865284.3,1570884.7,2761351.81,-76939.62,19166097.28
5240,6504527.0,1921201.59,2255218.17,0.0,76525438.16,16378647.27,3357692.79,6553134.23,-87914.24,113407944.97
5241,6504527.0,957856.14,575524.63,0.0,101426.66,6671667.73,1313760.39,1737723.42,-95391.32,17767094.65
5242,6504527.0,2350622.29,2111886.7,0.0,68449869.23,15592708.42,3227166.35,4907296.25,-87038.84,103057037.38
5243,6504527.0,3814751.49,1995066.13,1383783.76,0.0,26975761.28,5422849.7,5300629.55,0.0,51397368.91
5244,6504527.0,3937426.08,3070949.9,0.0,489614.7,30633759.19,6091728.78,5636783.23,-1690.01,56363098.85
5245,6504527.0,3012345.65,1849629.57,0.0,2626603.46,24814756.91,5232326.67,4701195.35,0.0,48741384.61
5246,6504527.0,2751346.43,1910119.04,0.0,213505.79,19590524.58,3783913.25,4290872.75,-51293.79,38993515.05
5247,6504527.0,2004315.82,2052013.73,4542568.65,77482754.58,14005018.88,2910282.51,5486390.11,-55587.93,114932283.35
5248,6504527.0,1355476.05,835063.48,8330550.6,302753.14,13170214.7,2785063.52,4061798.32,0.0,37345446.81
5249,6504527.0,2440815.62,2466360.14,9348875.87,76897706.19,17928744.5,3649446.03,5501331.63,-31449.13,124706357.85
5250,6504527.0,3024355.94,2214945.28,0.0,1406672.14,22374591.06,4512974.87,4988606.71,-37368.49,44989304.51
5251,6504527.0,1465711.76,1599831.03,13205980.2,20895923.62,13467696.25,2807849.26,6770099.41,0.0,66717618.54
5252,6504527.0,1789456.93,1523044.31,0.0,32316.81,15643705.56,3206434.11,5046517.21,-41594.06,33704407.88
5253,6504527.0,1956034.31,1702041.01,1735999.96,3483151.99,16613186.08,3500078.09,6008549.75,0.0,41503568.19
5254,6504527.0,1995391.4,1120392.73,0.0,1257068.7,11409201.89,2323691.53,3070435.05,-42881.09,27637827.21
5255,6504527.0,1341357.88,717593.93,17694382.08,49282.89,12084755.18,2627821.08,3835217.08,0.0,44854937.13
5256,6504527.0,1743180.51,1907476.25,0.0,64397456.21,13426819.41,2563702.31,5724174.7,-64852.21,96202484.18
5257,6504527.0,2583954.15,1816800.05,0.0,617700.32,18095680.79,3597686.81,3794807.38,-13690.66,36997465.83
5258,6504527.0,3686567.27,1902735.81,0.0,0.0,26052458.07,5216290.96,5598284.07,0.0,48960863.17
5259,6504527.0,2982704.16,2163860.28,0.0,387137.94,22249580.47,4435131.06,4368147.75,-65085.4,43026003.27
5260,6504527.0,1247801.35,1279506.52,0.0,16965572.2,10664833.48,2437273.82,5624184.15,0.0,44723698.51
5261,6504527.0,1380836.63,999148.71,0.0,718713.75,10540849.72,2211499.67,3065748.18,-74095.24,25347228.42
5262,6504527.0,1741503.37,860434.64,0.0,2137685.85,13731340.22,2827496.4,3220216.42,0.0,31023203.9
5263,6504527.0,2007424.15,1992963.49,0.0,67202427.41,14255223.69,2994721.35,5221077.2,-76980.77,100101383.52
5264,6504527.0,1362559.03,1529879.58,0.0,14909861.05,13391747.54,2692446.25,7229877.8,0.0,47620898.24
5265,6504527.0,2085672.6,1093777.55,0.0,10935853.3,16699978.6,3491732.07,4690643.49,0.0,45502184.6
5266,6504527.0,1745815.98,883143.91,0.0,0.0,9000388.66,1884225.48,3549759.67,-16894.96,23550965.73
5267,6504527.0,2616960.61,2238511.2,2495857.24,808293.58,22218697.82,4464484.25,6714159.96,0.0,48061491.67
5268,6504527.0,1529776.67,816675.84,6320968.35,0.0,13079658.41,2787226.75,4078621.7,0.0,35117454.72
5269,6504527.0,2062962.09,4543122.95,18417995.32,306014081.42,18671441.53,3780048.91,7037310.78,-117724.7,366913765.3
5270,6504527.0,1973217.95,1080427.23,0.0,602065.7,11043177.52,2234347.52,3249687.87,-28879.91,26658570.88
5271,6504527.0,1373346.9,1535571.19,571663.04,18397756.39,13089251.07,2760132.8,6969532.61,0.0,51201781.01
5272,6504527.0,824791.5,0.0,0.0,0.0,1182613.72,359096.04,0.0,-118261.37,8752766.88
5273,6504527.0,1730903.35,1617021.73,0.0,51830804.05,11789102.05,2476301.68,3788550.64,-74339.8,79662870.7
5274,6504527.0,2724131.06,1669278.14,0.0,957175.37,23441911.94,4662573.73,6081779.89,0.0,46041377.13
5275,6504527.0,1361275.23,1524606.52,1201249.04,17995757.87,13031225.16,2835156.35,6837298.67,0.0,51291095.84
5276,6504527.0,2497395.62,1658775.2,552440.91,279817.01,23527522.22,4754695.81,5959923.87,0.0,45735097.63
5277,6504527.0,2088184.76,2365248.35,0.0,112256859.49,14041092.41,2819703.16,4269237.43,-105793.83,144239058.77
5278,6504527.0,1294433.53,1325281.17,0.0,17088640.29,11174497.88,2441818.67,6274627.2,0.0,46103825.74
5279,6504527.0,2798021.57,1942541.6,0.0,1244274.18,19510107.79,3826975.34,5146694.61,-20450.43,40952691.66
5280,6504527.0,1106602.86,761643.71,49679391.56,9604186.69,11066028.61,2145489.31,4467704.38,0.0,85335574.12
5281,6504527.0,1147464.66,453472.93,0.0,383713.12,5922841.5,1227939.86,997798.81,0.0,16637757.88
5282,6504527.0,1534765.82,2457960.26,15478800.14,151794083.25,11945211.85,2365295.73,5381811.62,-131720.0,197330735.67
5283,6504527.0,2177328.18,1392455.57,0.0,10870356.78,19410337.79,3997892.41,5002883.84,0.0,49355781.58
5284,6504527.0,2008464.89,1508944.18,0.0,0.0,15149383.13,3169230.86,4949887.68,-5994.13,33284443.61
5285,6504527.0,1034041.81,1119936.52,0.0,10713949.43,9764754.84,2136720.97,5027881.06,0.0,36301811.63
5286,6504527.0,3185844.06,2378505.05,0.0,1545805.72,23751468.0,4703810.4,5251495.0,-14674.88,47306780.35
5287,6504527.0,1850620.63,997785.38,0.0,237749.72,10533051.89,2094159.28,1828677.39,-57177.63,23989393.66
5288,6504527.0,3561973.59,2104759.09,0.0,210032.16,21453219.7,4177820.14,3847376.44,-43323.61,41816384.5
5289,6504527.0,2627708.73,1335089.68,891309.26,1850206.09,20134719.07,4188740.21,5191365.07,0.0,42723665.1
5290,6504527.0,1013063.14,817420.1,0.0,41911558.9,4724734.75,1015604.88,3731856.78,-98786.05,59619979.51
5291,6504527.0,2209538.2,1599538.62,0.0,2872360.5,15545247.34,3037147.37,5002590.42,0.0,36770949.46
5292,6504527.0,3085416.73,1892268.62,4617899.33,181869.42,25927679.99,5298898.2,5460961.74,0.0,52969521.03
5293,6504527.0,1722279.78,1202581.64,2389735.91,8366544.19,16471556.08,3477832.42,4993948.5,0.0,45129005.51
5294,6504527.0,1477448.41,1034252.99,0.0,1353694.55,10109970.88,2042355.05,3922018.39,0.0,26444267.27
5295,6504527.0,3774964.46,2122059.0,0.0,943948.86,21310869.06,4185250.77,4527146.32,-21259.77,43347505.69
5296,6504527.0,1981596.67,1768396.94,0.0,3092142.15,17450911.46,3624194.16,5903800.83,-11907.61,40313661.61
5297,6504527.0,1332932.42,834761.89,0.0,0.0,8777867.9,1856653.07,3347191.53,-43024.9,22610908.91
5298,6504527.0,1923706.57,1572270.25,0.0,38110.45,15997506.66,3373266.75,3972347.97,-28476.73,33353258.93
5299,6504527.0,3348008.69,2363311.75,579887.35,0.0,23633117.54,4741778.2,5382982.81,0.0,46553613.35
5300,6504527.0,1283766.86,540281.27,0.0,795862.67,10650404.27,2139828.76,2976072.92,0.0,24890743.74
5301,6504527.0,976770.7,400426.55,0.0,29775.4,8650249.02,1754140.18,2581385.46,0.0,20897274.31
5302,6504527.0,1305944.4,712820.63,16136552.62,940309.26,11819998.94,2588004.06,3741730.38,0.0,43749887.3
5303,6504527.0,2831752.96,2822729.52,0.0,74025000.13,21550323.75,4336197.63,5301634.08,-19426.59,117352738.48
5304,6504527.0,2612806.03,2376153.56,3689680.39,3393449.25,23364910.58,4840562.92,6143895.31,0.0,52925985.05
5305,6504527.0,1954764.79,1369973.91,0.0,268139.99,13654160.68,2732087.4,4454414.49,0.0,30938068.27
5306,6504527.0,1542016.78,572146.03,17228341.92,0.0,10634360.27,2303609.26,3314799.26,0.0,42099800.52
5307,6504527.0,2103705.55,877071.43,0.0,832371.74,13283638.69,2724474.7,2283340.59,0.0,28609129.7
5308,6504527.0,446426.73,251510.02,0.0,11368318.08,3967402.05,767787.28,2598908.42,0.0,25904879.58
5309,6504527.0,3583110.6,2598336.42,1329765.31,1149342.29,25760591.06,5066018.46,5302675.09,0.0,51294366.22
5310,6504527.0,1426802.78,679271.57,0.0,184502.94,12216373.08,2508799.04,3038539.24,0.0,26558815.66
5311,6504527.0,1293489.32,1309503.88,0.0,11214387.81,11650818.7,2298468.68,6144977.77,0.0,40416173.16
5312,6504527.0,4061559.58,2115845.47,0.0,1344604.29,21523367.99,4290030.15,3591348.05,-55792.53,43375489.99
5313,6504527.0,1317882.34,1304426.51,0.0,55357963.29,8466225.86,1689284.88,4290035.94,-86085.19,78844260.62
5314,6504527.0,892080.91,520650.82,18469680.24,11945267.22,8840805.64,1750678.81,3237327.02,0.0,52161017.67
5315,6504527.0,1031262.25,1166410.18,34098418.44,10476515.8,10312622.45,2035065.36,4697054.63,0.0,70321876.11
5316,6504527.0,3798361.7,2511475.57,2815991.54,1677651.56,24752555.19,5086907.2,5823743.21,0.0,52971212.96
5317,6504527.0,1884596.14,751960.03,0.0,485605.46,9528974.8,1839945.22,1536049.25,-205326.08,22326331.83
5318,6504527.0,1323644.08,1122201.43,0.0,7959196.53,10306606.84,2230128.71,4447678.51,0.0,33893983.11
5319,6504527.0,2239835.56,1749220.56,0.0,54604519.42,13829471.39,2836415.31,3675709.71,-147504.06,85292194.89
5320,6504527.0,1735527.96,2278211.32,6013905.2,80225392.92,15925599.5,3306588.25,6480152.33,-55826.49,122414077.99
5321,6504527.0,2083301.06,1892184.42,0.0,3203211.74,18665175.47,3775034.19,6231768.05,-11530.99,42343670.94
5322,6504527.0,872433.18,938004.42,51814154.82,3974861.78,8724331.84,1709292.64,3995421.81,0.0,78533027.51
5323,6504527.0,990620.87,675155.52,0.0,26903898.0,5013543.98,1010027.52,2632358.52,-116358.99,43613772.42
5324,6504527.0,2313963.99,1361794.39,1698219.2,368252.59,20506921.72,4206330.51,5635519.14,0.0,42595528.55
5325,6504527.0,2584674.71,1993488.65,4905066.44,204407.08,19859328.75,4063091.79,5661024.82,0.0,45775609.25
5326,6504527.0,2093130.44,1528285.73,0.0,50275438.81,12028216.93,2354459.77,3757699.95,-148777.88,78392980.74
5327,6504527.0,854976.66,442642.37,0.0,329331.33,5429195.5,1057774.79,1319537.86,-103898.29,15834087.23
5328,6504527.0,2115127.71,2100799.47,0.0,10824316.46,19832441.39,4087953.53,6512505.4,-8994.46,51968676.5
5329,6504527.0,2560942.36,1739168.43,0.0,1185236.99,17786411.63,3972710.92,2916929.85,-56433.2,36609493.99
5330,6504527.0,1431125.94,1368338.84,0.0,3078772.68,13337261.38,2698988.22,5065297.85,0.0,33484311.9
5331,6504527.0,1502928.98,571207.35,13958300.24,0.0,10624973.52,2301988.1,3309895.91,0.0,38773821.11
5332,6504527.0,3886926.54,2381691.26,0.0,198505.34,23921809.8,4826506.71,4969304.89,-12419.4,46676852.14
5333,6504527.0,1962228.29,1558578.95,0.0,943065.66,16040409.49,3302614.83,4425427.96,-80321.82,34656530.36
5334,6504527.0,4167167.61,2311419.78,0.0,1736036.72,23247335.87,4526316.58,4331843.88,-31196.97,46793450.47
5335,6504527.0,1782019.39,2192332.26,1159008.66,72636437.8,15398897.64,2932668.56,6306928.32,-43505.73,108869313.91
5336,6504527.0,3624538.82,2176535.15,0.0,726690.41,22135542.0,4450273.22,4361381.7,-49018.47,43930469.82
5337,6504527.0,2797086.78,2695588.03,8645585.91,7572584.55,26070550.53,5216918.85,6794277.58,0.0,66297119.22
5338,6504527.0,995384.45,407678.2,0.0,375976.59,8522510.69,1846360.98,2737754.44,0.0,21390192.34
5339,6504527.0,2181683.13,1980422.05,0.0,68449487.57,13928484.59,2925154.25,5531175.95,-72267.91,101428666.62
5340,6504527.0,3259090.64,1749608.3,0.0,865728.65,23776218.24,4859053.16,4065031.61,0.0,45079257.6
5341,6504527.0,1419585.77,1103355.53,0.0,32154950.98,9443224.11,2067404.04,2005255.92,-119827.0,54578476.34
5342,6504527.0,1679995.69,1313302.65,0.0,463712.83,13337993.27,2700230.98,3592983.77,-24869.18,29567877.01
5343,6504527.0,1909483.09,1317714.93,0.0,40531856.88,10401691.03,2227177.12,3406802.29,-120354.26,66178898.07
5344,6504527.0,3268953.27,2562646.12,0.0,1627567.52,25466281.76,5081166.85,5952749.95,-1194.76,50462697.72
5345,6504527.0,992594.13,1033767.31,0.0,13509426.36,8636611.03,1806581.62,5231856.99,0.0,37715364.44
5346,6504527.0,2284708.67,1039781.39,0.0,0.0,17276948.9,3441325.49,3859212.45,0.0,34406503.9
5347,6504527.0,3372280.86,2780169.95,5759863.97,514163.22,27611642.33,5690885.7,6030820.76,0.0,58264353.78
5348,6504527.0,3824376.81,3404564.55,11900636.08,3213154.09,33250692.38,6629137.45,7347087.08,0.0,76074175.45
5349,6504527.0,1667495.91,801357.82,22179252.04,0.0,12926478.2,2828725.04,3809495.09,0.0,50717331.1
5350,6504527.0,2179890.22,1256416.22,0.0,404853.56,14026225.08,2781755.74,2463416.11,-149174.05,29467909.89
5351,6504527.0,1832530.98,1538364.86,0.0,2961279.33,15271924.08,2976058.27,5030450.83,-38903.28,36076232.07
5352,6504527.0,2545230.14,1429103.42,0.0,456533.13,15039081.04,2991362.19,3050224.29,-79603.98,31936457.23
5353,6504527.0,889688.73,425651.5,53330395.95,754598.14,8896887.29,1721297.39,2674182.76,0.0,75197228.76
5354,6504527.0,1423652.09,773591.26,2540931.23,72311.7,12622083.01,2765621.31,3683964.72,0.0,30386682.31
5355,6504527.0,1364361.15,1603171.7,2843264.4,18863815.15,13643611.55,2779971.03,7825689.67,0.0,55428411.64
5356,6504527.0,1457491.79,1405315.78,0.0,5021939.98,13495591.49,2761649.63,5010340.64,0.0,35656856.3
5357,6504527.0,2655757.94,1841898.65,1246079.71,2853959.59,24951781.9,5013774.46,6283113.48,0.0,51350892.72
5358,6504527.0,1453678.46,959002.21,16839118.23,1065158.88,14316800.81,2990857.88,4643030.31,0.0,48772173.78
5359,6504527.0,738012.81,699539.14,0.0,30453435.77,5363798.88,1237740.33,2998200.47,-147102.27,47848152.12
5360,6504527.0,2093274.88,1055742.5,0.0,2150599.15,17058742.78,3601136.21,3868849.28,0.0,36332871.81
5361,6504527.0,2024670.39,1408720.24,0.0,779615.12,14198743.14,2787269.0,4945197.22,-20441.66,32628300.45
5362,6504527.0,2090462.88,1102434.92,0.0,26435429.28,10368053.32,2160487.17,1507349.91,-181511.52,49987232.95
5363,6504527.0,3173292.3,2551719.89,4021687.03,1854826.48,25323585.2,5070244.85,5634943.41,0.0,54134826.15
5364,6504527.0,1138852.68,1247259.68,0.0,58538006.42,7603835.35,1647280.59,4343696.58,-55932.48,80967525.83
5365,6504527.0,3729086.61,2500742.81,0.0,1563995.58,24831193.87,5085567.14,5595528.1,-7467.17,49803173.94
5366,6504527.0,2029604.37,1063054.84,0.0,0.0,16628338.11,3454170.32,3666117.14,0.0,33345811.77
5367,6504527.0,1997904.83,1115918.74,0.0,8173996.92,17001534.37,3589611.34,4614250.55,0.0,42997743.74
5368,6504527.0,986533.69,1153146.35,0.0,17303135.9,9319326.66,1939096.38,6100661.57,0.0,43306427.55
5369,6504527.0,3662765.89,2475915.86,0.0,365547.57,24649861.47,4981824.5,5113872.56,-2484.18,47751830.68
5370,6504527.0,1111930.62,1000241.85,0.0,7972122.01,8799669.94,1983087.03,4377474.4,0.0,31749052.85
5371,6504527.0,1011451.39,878525.52,0.0,7871568.14,7714760.18,1620220.39,4734883.08,0.0,30335935.7
5372,6504527.0,2778583.69,2907802.86,13369743.96,12828427.36,27621395.83,5587746.12,7937406.3,0.0,79535633.12
5373,6504527.0,1471211.03,872357.57,8360486.42,0.0,13636475.68,2882212.94,4118609.7,0.0,37845880.34
5374,6504527.0,3259784.48,2514205.18,860006.56,3299954.34,24847158.95,4971438.89,5646904.84,0.0,51903980.24
5375,6504527.0,1861019.58,1460900.27,2807616.15,3242720.74,14229888.07,2972091.85,5978229.12,0.0,39056992.76
5376,6504527.0,595367.37,273080.2,0.0,13335402.22,5750539.16,1286399.48,2686217.49,0.0,30431532.94
5377,6504527.0,1029432.39,657202.18,16095189.33,9882176.2,10238722.89,2043851.56,3879113.33,0.0,50330214.87
5378,6504527.0,1749844.87,1165115.25,0.0,958851.16,12182284.44,2520559.94,3284844.25,-62024.78,28304002.14
5379,6504527.0,1314198.57,1259134.03,0.0,11969927.58,11011019.13,2265379.28,5180017.82,0.0,39504203.41
5380,6504527.0,1027493.84,104148.32,0.0,1889213.86,2345214.69,484423.02,113437.99,-148511.83,12319946.9
5381,6504527.0,2014761.35,1114789.49,0.0,34231.06,11157261.64,2316222.72,2670681.87,-1175.36,25811299.76
5382,6504527.0,1948060.91,2314662.64,1927186.21,76754714.55,16308942.83,3186599.13,6556662.09,-30765.16,115470590.19
5383,6504527.0,2132704.72,3597764.73,19685169.41,230937083.84,15696225.0,3242478.0,6594277.92,-82666.61,288307564.02
5384,6504527.0,1966578.64,1327566.98,366233.74,16852865.9,18240637.87,3781613.98,6124920.34,0.0,55164944.45
5385,6504527.0,1997705.33,1303457.33,0.0,245126.37,13370090.3,2718046.98,3081347.35,-42286.61,29178014.04
5386,6504527.0,1282711.24,911477.34,0.0,0.0,9519067.46,2051089.1,3313681.51,-40429.41,23542124.24
5387,6504527.0,2674610.73,1337190.67,0.0,621712.71,14419875.15,2837466.14,2115150.53,-110618.66,30399914.28
5388,6504527.0,3004499.75,2089744.06,0.0,1880888.28,21129898.11,4192424.31,4331652.41,-41701.08,43091932.85
5389,6504527.0,2582740.51,1201325.36,0.0,144099.79,18658536.56,3663520.82,4577775.36,0.0,37332525.4
5390,6504527.0,1083013.92,496772.97,0.0,68818.72,6725934.43,1407463.14,1381394.81,-176990.25,17490934.73
5391,6504527.0,1683681.28,754983.74,0.0,802693.75,7525099.77,1607373.15,1317247.22,-7265.96,20188339.95
5392,6504527.0,1874034.44,1588998.39,0.0,2141336.1,15368564.19,3129983.69,5373445.76,0.0,35980889.56
5393,6504527.0,2181230.63,1679773.97,2189934.75,0.0,16797739.68,3589880.47,5801013.67,0.0,38744100.16
5394,6504527.0,887227.4,1053555.38,0.0,39824053.77,8305929.06,1656202.12,3792290.89,-203794.16,61819991.47
5395,6504527.0,3274068.53,2642833.61,0.0,1747510.38,26554045.79,5481937.27,4832025.04,-28773.4,51008174.21
5396,6504527.0,919379.35,827730.53,0.0,30441545.36,5682001.65,1236917.81,3134508.27,-59583.29,48687026.69
5397,6504527.0,1881087.09,1381208.98,0.0,568032.28,13677202.8,2811036.38,5566013.9,0.0,32389108.43
5398,6504527.0,1755930.14,784406.76,0.0,86064.94,8861281.15,1871673.58,1850940.65,-102323.3,21612500.92
5399,6504527.0,2726211.01,1933844.74,0.0,3951611.78,25849410.42,5219509.39,6319903.21,0.0,52505017.55
5400,6504527.0,2678019.35,1568487.6,0.0,204500.38,22464084.63,4544294.91,4591615.94,0.0,42555529.81
5401,6504527.0,3189269.22,1618382.02,0.0,727092.67,22265627.15,4677454.7,4256871.91,0.0,43239224.66
5402,6504527.0,3338150.37,2503857.23,1246330.2,1598962.84,24868630.46,4955164.28,5661124.96,0.0,50676747.34
5403,6504527.0,1262126.25,1528200.57,0.0,60286105.27,9891105.11,2108035.75,4804388.33,-35204.74,86349283.54
5404,6504527.0,2620897.77,2910661.55,0.0,143032770.95,16208269.89,3236092.57,5563686.73,-38813.63,180038092.82
5405,6504527.0,2587111.59,1890578.42,0.0,464503.44,18907636.28,3682531.45,4641904.8,-5187.03,38673605.95
5406,6504527.0,608256.86,618781.86,0.0,27271066.28,5010835.87,1141108.25,2837178.13,-171059.69,43820694.56
5407,6504527.0,1073119.5,626654.23,38800148.98,9019091.45,10406718.05,2096852.49,3463605.78,0.0,71990717.49
5408,6504527.0,1440825.89,724681.07,0.0,0.0,13755310.03,2815560.38,3785010.83,0.0,29025915.2
5409,6504527.0,949444.82,459263.16,0.0,1663374.51,8227046.87,1631323.14,2929045.45,0.0,22364024.95
5410,6504527.0,1174294.84,590690.04,0.0,9746410.46,9691732.3,2087826.42,3179172.27,0.0,32974653.33
5411,6504527.0,2515497.66,1194939.57,0.0,62051.54,18283370.54,3766027.26,3497821.26,0.0,35824234.82
5412,6504527.0,677223.24,520167.15,0.0,19693485.67,4563279.8,1000522.61,1259316.36,-113819.07,34104702.77
5413,6504527.0,955615.36,654558.54,18461157.32,13481829.19,9556153.65,1947107.0,3696706.9,0.0,55257654.97
5414,6504527.0,2937080.71,1758009.01,1019383.37,2113793.29,24358061.23,4788703.71,5612371.97,0.0,49091930.29
5415,6504527.0,918716.78,420444.26,0.0,2958358.36,3592800.0,854783.49,2831560.25,0.0,18081190.14
5416,6504527.0,3119079.72,2128120.91,0.0,566317.82,28184443.57,5576642.23,5807157.61,0.0,51886288.87
5417,6504527.0,2519284.91,1742471.18,0.0,1347179.34,17671385.73,3784543.23,4915820.25,-48195.07,38437016.58
5418,6504527.0,2571900.33,2300817.19,5159123.49,3500261.99,22407527.69,4754789.91,6353907.86,0.0,53552855.46
5419,6504527.0,3845152.96,2301027.91,0.0,793393.32,23138058.85,4784186.64,5111476.12,-28297.09,46449525.71
5420,6504527.0,3251786.12,2316664.77,0.0,0.0,23214172.3,4788624.56,5028699.39,-4752.46,45099721.68
5421,6504527.0,2655487.54,2148574.77,0.0,1442095.26,21451271.2,4224621.01,4957059.03,-10836.37,43372799.42
5422,6504527.0,1745187.52,641158.37,0.0,377648.71,10356549.88,2180578.29,1741936.28,0.0,23547586.05
5423,6504527.0,2303214.55,1946637.98,0.0,2026208.8,19258061.18,4017775.86,4880439.89,0.0,40936865.26
5424,6504527.0,815569.48,474060.03,0.0,20827426.33,5106153.07,1140889.82,2716452.43,-276802.3,37308275.86
5425,6504527.0,500590.34,248757.18,0.0,650906.02,3464298.61,907336.03,1301352.8,-107894.39,13469873.6
5426,6504527.0,3080087.6,1959679.73,0.0,245605.43,19871013.97,3962152.77,3947382.38,-29972.67,39540476.22
5427,6504527.0,1926094.82,1264702.45,0.0,562540.21,13176949.54,2745119.69,2993509.23,-67454.25,29105988.68
5428,6504527.0,2746637.37,2174331.68,0.0,5234317.39,21022846.98,4236141.73,6071477.0,0.0,47990279.14
5429,6504527.0,1689950.44,845031.37,0.0,416947.03,13800289.34,2815208.07,3157997.47,0.0,29229950.7
5430,6504527.0,3076717.82,1975295.85,0.0,1957694.72,20203731.8,3999980.56,4646966.25,-67253.05,42297660.95
5431,6504527.0,1009868.95,1124644.11,2473402.21,17565756.47,9264573.0,1902089.64,6123336.89,0.0,45968198.27
5432,6504527.0,3116934.07,1368679.18,0.0,868597.23,14299332.84,2855156.58,2281799.04,-73949.4,31221076.54
5433,6504527.0,1252809.51,852623.55,12989895.67,5070508.71,12528095.08,2725783.18,4229627.22,0.0,46153869.93
5434,6504527.0,2071687.15,1472511.83,0.0,343609.37,15489660.5,3090999.45,4209108.9,-78878.1,33103226.12
5435,6504527.0,950676.87,431162.53,0.0,1088662.85,8822108.06,1900986.66,2999392.59,0.0,22697516.56
5436,6504527.0,3458524.53,3068370.37,10889435.87,2562705.94,30387017.41,6244803.58,6179660.13,0.0,69295044.84
5437,6504527.0,988410.15,842610.26,0.0,454360.46,8716492.13,1898509.94,3503933.53,-32804.29,22876039.18
5438,6504527.0,1427787.54,1331702.4,0.0,4797981.49,12758438.19,2622264.09,5224339.48,0.0,34667040.2
5439,6504527.0,3153957.31,2399596.8,5934825.8,1693397.03,23806198.47,4739756.9,5375074.7,0.0,53607334.0
5440,6504527.0,1388877.22,888160.2,27600118.9,1344015.69,13523555.99,2865002.01,4327546.48,0.0,58441803.49
5441,6504527.0,1148312.68,495804.77,0.0,112266.45,4924025.24,1023998.27,1510825.09,-549.05,15719210.46
5442,6504527.0,4073989.36,2239773.22,6988895.86,1215241.36,29337107.03,5807861.25,5977392.64,0.0,62144787.72
5443,6504527.0,3738710.07,2193016.18,0.0,874502.83,28850248.63,5862380.36,5059232.5,0.0,53082617.57
5444,6504527.0,2549335.41,2100480.25,0.0,1345714.56,20841255.79,4386946.6,4484174.33,-10492.26,42201941.67
5445,6504527.0,1378964.81,818664.51,10424625.88,4873102.41,12281450.72,2664524.38,4204872.67,0.0,43150732.36
5446,6504527.0,1571247.01,1373964.0,0.0,47332199.18,10143437.34,2112719.42,3963436.05,-102771.21,72898758.8
5447,6504527.0,1566015.43,1172251.36,0.0,1205807.55,11888718.06,2345985.55,3694923.93,-29979.74,28348249.13
5448,6504527.0,2357899.14,1778558.98,0.0,218352.64,17704877.15,3591008.06,5430727.95,0.0,37585950.9
5449,6504527.0,2949789.72,1850292.74,3335199.47,0.0,25528027.4,5137294.05,5462289.2,0.0,50767419.59
5450,6504527.0,2793505.09,2245896.56,1303762.91,0.0,22458965.64,4586716.85,6094698.3,0.0,45988072.36
5451,6504527.0,2344386.59,1869832.19,0.0,2641503.26,18400610.81,3730316.55,5215523.6,0.0,40706699.99
5452,6504527.0,2185771.08,1221831.26,0.0,641852.54,18834375.74,3854529.79,4612000.24,0.0,37854887.65
5453,6504527.0,1449290.86,1049452.63,0.0,717674.83,10229242.42,2119678.4,4813141.43,0.0,26883007.56
5454,6504527.0,1408157.79,1371998.0,0.0,7871528.76,12757403.98,2528612.49,5521664.12,0.0,37963892.14
5455,6504527.0,927765.67,2559631.35,7674370.13,228881651.86,5366459.94,1110694.32,6352741.14,-253803.29,259124038.13
5456,6504527.0,1415585.43,3087009.7,3620960.64,228923794.37,9936043.27,2031018.19,6058460.81,-187222.67,261390176.73
5457,6504527.0,2120148.46,2395853.14,2976214.27,82168703.56,16795657.58,3454180.09,5814354.23,-55762.79,122173875.54
5458,6504527.0,1997378.21,1265088.92,0.0,177933.08,13152920.41,2751981.24,2337427.64,-56780.3,28130476.19
5459,6504527.0,925523.05,937558.36,0.0,64065259.13,3063419.02,735118.26,3346435.78,-178768.92,79399071.68
5460,6504527.0,1786850.75,1469831.76,0.0,7687763.13,13734932.94,2827285.73,4645828.19,0.0,38657019.49
5461,6504527.0,729299.85,536989.53,0.0,466932.68,6299863.77,1361795.37,2184002.1,-110256.71,17973153.58
5462,6504527.0,3381835.38,2290860.85,0.0,0.0,23043371.28,4521365.22,5389069.13,-13476.28,45117552.59
5463,6504527.0,1408529.15,1454875.04,0.0,11185275.34,13184542.66,2627542.36,6145469.13,0.0,42510760.69
5464,6504527.0,931435.82,1359111.31,42537225.67,59550050.58,8622876.97,1756206.56,4448876.06,0.0,125710309.99
5465,6504527.0,2022142.72,1655121.09,0.0,714538.85,16469353.42,3493320.97,6219554.66,-6597.75,37071960.95
5466,6504527.0,1796091.54,1457443.35,0.0,56429600.86,10101031.63,2007133.99,4292059.32,-104370.39,82483517.3
5467,6504527.0,1291702.95,751828.39,1574592.16,741919.69,12156938.04,2642916.45,4290519.63,0.0,29954944.3
5468,6504527.0,1180305.77,694337.84,0.0,179172.32,7682446.32,1762186.74,2230945.13,-80529.78,20153391.34
5469,6504527.0,2855686.07,2085998.31,0.0,6317146.42,27158654.38,5461222.21,6864352.46,0.0,57247586.85
5470,6504527.0,3245410.82,1952158.12,0.0,740060.69,20197245.03,4101672.78,3681374.46,-75286.75,40347162.15
5471,6504527.0,2430334.02,1174841.22,0.0,1495509.82,13094889.21,2588480.22,2177228.24,-158986.09,29306823.64
5472,6504527.0,2182235.52,994152.97,0.0,1216238.81,15597765.38,3086435.84,3089244.4,0.0,32670599.91
5473,6504527.0,3175399.81,1784028.48,4064869.27,127599.64,24818218.36,5154119.84,5084643.21,0.0,50713405.61
5474,6504527.0,863856.05,716748.84,1622366.75,2686084.02,6870533.7,1507088.24,3579170.01,0.0,24350374.6
5475,6504527.0,2474692.75,2170485.66,1245382.79,6452255.69,21105616.57,4169866.14,6634295.69,0.0,50757122.29
5476,6504527.0,846123.01,602448.92,0.0,274433.82,7004236.56,1601176.67,2162927.01,-101884.69,18893988.31
5477,6504527.0,1932358.09,1678750.56,1945469.28,1177267.99,16463676.57,3571360.7,6147245.94,0.0,39420656.12
5478,6504527.0,955245.92,652106.04,0.0,1030025.31,6553520.4,1324551.28,2636749.01,-25798.08,19630926.87
5479,6504527.0,1066317.87,551635.03,0.0,358718.22,6191339.32,1316410.83,1813380.01,-77130.24,17725198.04
5480,6504527.0,2044871.97,2272075.63,0.0,76358827.83,16378805.04,3490836.37,6317853.01,-69053.65,113298743.21
5481,6504527.0,1402114.41,1300127.02,0.0,40781177.13,9375271.66,1875181.26,3867406.38,-76668.41,65029136.46
5482,6504527.0,1009781.22,682456.67,0.0,117459.23,7764403.18,1645595.8,2694023.52,-98325.46,20319921.16
5483,6504527.0,1233172.19,591826.01,0.0,440289.33,10668409.95,2281944.43,2829804.37,0.0,24549973.28
5484,6504527.0,1042323.82,735393.86,24141463.96,13088327.85,10423238.15,2024526.8,4584869.91,0.0,62544671.34
5485,6504527.0,1447111.58,1460977.8,0.0,9683664.71,13476173.4,2798233.27,5642557.6,0.0,41013245.37
5486,6504527.0,3819814.92,2577596.56,2994203.63,2988629.55,25428994.15,5050305.22,5634966.18,0.0,54999037.21
5487,6504527.0,2796685.44,1426246.63,0.0,189069.69,21217677.93,4454341.55,4680934.25,0.0,41269482.49
5488,6504527.0,1716150.11,1416965.82,0.0,1152416.6,13925979.55,2909539.42,5202734.6,0.0,32828313.1
5489,6504527.0,2214296.04,1993216.34,0.0,573149.54,19737586.66,4036048.78,5918498.35,-1728.43,40975594.27
5490,6504527.0,3488929.15,3006900.01,3386135.41,1600536.89,29749168.46,6109937.91,5759368.62,0.0,59605503.46
5491,6504527.0,2509780.06,2751602.19,10608129.89,77229976.25,20402578.31,4214456.22,6051872.99,-5872.62,130267050.3
5492,6504527.0,1278558.94,705948.55,0.0,521821.53,11779497.51,2539871.39,3820925.95,0.0,27151150.87
5493,6504527.0,2403044.84,2011332.49,0.0,852601.87,19930387.23,4009157.5,5599463.17,0.0,41310514.1
5494,6504527.0,1976113.51,1525929.16,0.0,1521897.76,15596766.86,3238612.15,4132072.06,-58914.22,34437004.28
5495,6504527.0,885240.02,528132.42,0.0,9867.69,6236837.33,1361210.0,2276297.51,-95916.07,17706195.91
5496,6504527.0,3154864.62,1872693.79,0.0,949821.95,19236986.07,3885617.15,3606313.6,-61828.77,39148995.41
5497,6504527.0,2015635.2,2850573.79,34200427.84,96960410.74,18846831.64,3984017.65,6956314.85,0.0,172318738.7
5498,6504527.0,1914068.21,1088784.53,0.0,144559.21,16764933.47,3490142.72,3944593.27,0.0,33851608.41
5499,6504527.0,1206528.77,740884.96,0.0,31604.54,8235504.77,1727067.47,2347100.45,-83202.74,20710015.22
5500,6504527.0,1859908.77,1962534.08,0.0,112270295.13,9600309.28,1985619.15,5129502.03,-105419.06,139207276.37
5501,6504527.0,3462430.66,1935710.55,0.0,0.0,26382205.47,5248775.88,5287048.39,0.0,48820697.95
5502,6504527.0,881764.32,1630412.8,0.0,112535287.31,6336669.58,1364179.06,5628369.92,-110914.47,134770295.52
5503,6504527.0,1235946.93,1370422.18,0.0,68232935.99,8804706.76,1863446.1,5578652.8,-183350.66,93407287.08
5504,6504527.0,2338441.06,2242580.58,8738840.97,79575951.83,14940857.83,3019575.6,5758273.77,0.0,123119048.63
5505,6504527.0,1272903.52,539651.66,0.0,1076790.15,6479664.01,1419821.91,1904706.67,-119840.69,19078224.24
5506,6504527.0,2594522.59,1119904.63,0.0,71955.27,12255148.36,2482847.29,2178102.38,-106405.69,27100601.82
5507,6504527.0,754263.92,625887.71,0.0,123194.56,6213338.99,1361275.7,3080005.86,0.0,18662493.73
5508,6504527.0,1256822.73,804835.07,7126905.03,9173456.65,11590103.71,2511600.39,4287339.16,0.0,43255589.74
5509,6504527.0,1433218.57,1637828.71,0.0,17486614.04,14158369.7,2913569.39,7121614.51,0.0,51255741.92
5510,6504527.0,2151470.33,1198755.9,0.0,672585.64,12358051.62,2651195.7,2459753.75,-44600.78,27951739.16
5511,6504527.0,1032150.62,1087237.69,16355858.69,4780919.08,10188476.99,2022341.88,5019464.88,0.0,46990976.84
5512,6504527.0,1218149.23,1228122.49,0.0,11975567.62,10719226.41,2220785.1,5278637.33,0.0,39145015.19
5513,6504527.0,3454276.59,2592551.11,2078824.3,6779325.98,31824202.6,6488804.66,7244800.75,0.0,66967312.99
5514,6504527.0,1393053.17,1085336.11,0.0,1118053.71,10813816.78,2207066.48,4030281.28,-3841.76,27148292.76
5515,6504527.0,1908697.41,749574.12,0.0,898875.58,7544586.43,1528628.43,1138593.19,-15799.32,20257682.84
5516,6504527.0,3906020.33,2473761.74,0.0,1019013.72,24630001.97,4829115.08,5045452.28,0.0,48407892.11
5517,6504527.0,1585234.89,1100596.25,0.0,0.0,11649390.86,2371774.04,3032499.56,-64342.84,26179679.76
5518,6504527.0,962703.96,830157.22,0.0,206813.76,8747568.36,1872820.58,3825729.42,-46313.51,22904006.8
5519,6504527.0,2692761.73,2172311.56,0.0,1035902.24,21866935.46,4610921.34,5553202.34,-24215.19,44412346.47
5520,6504527.0,2433589.29,2632755.34,431309.92,76689226.95,19358725.09,3934990.01,5632416.04,-25449.37,117592090.29
5521,6504527.0,2207837.7,1661909.01,0.0,875992.57,16636966.91,3333045.92,4140340.95,-10250.57,35350369.49
5522,6504527.0,579936.22,341618.63,0.0,12219658.1,5787423.98,1050870.02,3064044.46,0.0,29548078.4
5523,6504527.0,1207775.0,1134547.03,0.0,63742940.08,6360133.23,1424335.06,3022296.09,-128514.2,83268039.29
5524,6504527.0,1377251.67,1471205.09,1721109.44,17405300.2,12679582.53,2633974.82,6814278.64,0.0,50607229.4
5525,6504527.0,3073840.12,2039393.51,5084362.44,338057.54,27294074.28,5621506.98,5688792.67,0.0,55644554.54
5526,6504527.0,2149486.63,1376814.24,0.0,1636600.42,14302758.06,3002842.2,2868961.23,-72347.38,31769642.4
5527,6504527.0,1214499.5,636247.03,0.0,1130041.58,10857657.73,2362000.54,2915588.51,0.0,25620561.89
5528,6504527.0,1848035.16,735289.22,0.0,483150.66,8843407.82,1785659.72,1246243.09,-152968.25,21293344.42
5529,6504527.0,798040.02,772731.9,0.0,32070868.78,5825969.64,1199068.66,3119845.72,-128568.36,50162483.35
5530,6504527.0,2551493.4,1359303.4,0.0,526810.18,13650959.44,2669698.91,2597134.84,-11332.52,29848594.65
5531,6504527.0,1539696.52,1296286.85,0.0,771395.14,13243277.74,2762953.02,4411097.99,-50839.3,30478394.96
5532,6504527.0,829510.22,443386.51,0.0,7982715.44,7189355.42,1388800.7,3143588.2,0.0,27481883.49
5533,6504527.0,1442649.93,769541.8,2747942.87,309907.26,12493762.77,2653030.04,3804878.44,0.0,30726240.11
5534,6504527.0,1294218.08,589807.56,0.0,712553.99,7060495.96,1491414.03,1993468.38,-125878.95,19520606.06
5535,6504527.0,1949916.11,1760051.71,11535180.49,76832107.11,11538230.62,2389120.6,5125641.76,-96281.35,117538494.06
5536,6504527.0,1072724.77,430674.0,0.0,0.0,5378652.17,1124568.28,1451561.17,-107191.22,15855516.17
5537,6504527.0,3839174.19,2205836.18,6462205.44,1155513.33,28947137.82,5693572.4,5909642.36,0.0,60717608.72
5538,6504527.0,3345529.94,3409239.78,5296192.48,11237331.33,32485767.32,6640211.57,7527370.95,0.0,76446170.38
5539,6504527.0,1114082.99,869913.21,0.0,620184.01,8964173.74,1903724.98,3562555.38,-48544.14,23490617.17
5540,6504527.0,1084735.3,969403.38,0.0,5871584.73,8838024.18,1910959.57,4269302.29,0.0,29448536.44
5541,6504527.0,1127131.17,460498.84,577482.72,13200490.25,8573604.01,1716967.87,3249934.01,0.0,35410635.88
5542,6504527.0,1544022.65,1442514.24,2325132.14,5640457.3,13801021.88,2736407.31,5778485.45,0.0,39772567.97
5543,6504527.0,2838196.67,2550274.11,0.0,74884923.37,19332324.2,3883823.19,5365572.05,-74401.14,115285239.44
5544,6504527.0,3968577.77,3238003.75,0.0,2756575.12,32153104.95,6529707.99,5876858.89,-43135.97,60984219.51
5545,6504527.0,3891747.87,2245655.47,4592344.35,146551.38,29427482.9,5921037.55,5493689.64,0.0,58223036.17
5546,6504527.0,2908241.62,1986299.57,0.0,1379288.68,20307793.01,4102815.26,4358706.69,-55179.13,41492492.69
5547,6504527.0,1713341.46,1210381.0,0.0,1451192.75,13085951.83,2560547.59,3505305.2,-127393.17,29903853.65
5548,6504527.0,911950.53,854605.24,0.0,41033079.26,5591112.03,1191296.2,3930573.61,-137745.31,59879398.55
5549,6504527.0,1751825.68,1494786.01,0.0,774386.39,14711883.03,3038072.58,4795341.8,0.0,33070822.49
5550,6504527.0,2845087.1,2555982.1,0.0,78117806.4,18899842.13,3674658.28,5393534.18,-61249.18,117930188.0
5551,6504527.0,1341802.95,1482433.77,0.0,54016707.94,10683694.38,2194360.4,3977228.46,-97016.87,80103738.03
5552,6504527.0,2086716.56,1988321.11,0.0,62881058.77,14687757.6,2832103.95,4788832.02,-83231.87,95686085.16
5553,6504527.0,883751.03,742758.89,0.0,580280.13,7838555.82,1631579.89,3460224.37,-62546.37,21579130.76
5554,6504527.0,2384936.61,987145.96,0.0,1570080.33,14566665.11,2815530.91,2794463.35,0.0,31623349.28
5555,6504527.0,2079385.95,1710293.31,0.0,650589.66,17115582.89,3517210.64,5409820.44,-25313.61,36962096.28
5556,6504527.0,1022941.13,580755.1,7191352.58,1754907.5,10071760.74,2106134.04,3658930.67,0.0,32891308.76
5557,6504527.0,1936960.83,1340914.91,0.0,11014936.98,18336801.69,3824171.32,5226250.43,0.0,48184563.15
5558,6504527.0,2370357.8,1636826.83,0.0,1380234.87,16427266.73,3234647.39,3446128.86,-22091.06,34977898.43
5559,6504527.0,2295482.0,1856549.28,0.0,2169934.68,18319469.38,3828313.33,4813735.72,-17850.28,39770161.1
5560,6504527.0,1918132.5,2248746.2,374129.7,71045468.26,15995417.46,3080975.15,5286151.47,-34281.74,106419266.01
5561,6504527.0,1138130.58,906591.29,0.0,95207.97,10008723.7,2216508.04,2988755.38,-97800.38,23760643.57
5562,6504527.0,1847085.72,1512739.15,0.0,166622.66,15242680.3,3177161.39,4836088.88,-14361.13,33272543.96
5563,6504527.0,4143610.49,3597285.84,0.0,7208600.71,35168381.03,7514273.26,6176928.54,-30243.92,70283362.93
5564,6504527.0,2646218.19,1745982.74,0.0,133395.46,17836553.43,3517179.98,4673518.87,-41870.88,37015504.78
5565,6504527.0,2384447.93,1518664.19,0.0,119004.25,16202766.78,3188757.11,2413043.49,-103738.33,32227472.42
5566,6504527.0,1453543.08,1547891.77,0.0,63523534.87,10004647.13,2007668.49,4573115.21,-67043.53,89547884.03
5567,6504527.0,3211890.64,1691064.6,0.0,1296237.44,23844307.22,4779150.22,5223233.16,0.0,46550410.29
5568,6504527.0,3502990.15,2600818.66,6736754.36,1179143.21,25894572.71,5232712.0,5339737.44,0.0,56991255.53
5569,6504527.0,1063968.75,854713.72,0.0,211821.05,8615385.36,1727400.27,3645770.35,-14654.64,22608931.87
5570,6504527.0,925108.15,427731.33,26193259.22,1400838.08,9054669.01,1793200.26,2546189.05,0.0,48845522.1
5571,6504527.0,1136114.47,597308.61,7868905.72,3145513.06,10665599.68,2191041.04,3328260.89,0.0,35437270.46
5572,6504527.0,2586202.31,1809566.72,0.0,6420466.39,24209715.06,4943422.05,6249362.73,0.0,52723262.26
5573,6504527.0,1100821.14,690460.67,21770304.66,5920048.26,10993422.87,2152316.42,3838980.41,0.0,52970881.42
5574,6504527.0,3597044.24,3154950.43,3089887.94,1303752.6,31343337.29,6584136.4,6145406.87,0.0,61723042.76
5575,6504527.0,1094330.36,899077.78,0.0,538956.5,9421614.12,2022370.93,3235071.39,-61313.69,23654634.4
5576,6504527.0,1064909.71,569290.63,6430904.23,5007869.89,10113902.82,2118521.64,3435768.23,0.0,35245694.16
5577,6504527.0,1626840.96,631215.28,0.0,21569076.56,6177474.76,1335924.31,1080747.93,-173892.11,38751914.69
5578,6504527.0,3081339.79,1860894.27,0.0,1451686.43,25234180.92,5245326.47,5367168.88,0.0,48745123.75
5579,6504527.0,4354372.1,3737100.99,16011718.42,8998.61,37367683.58,7423536.05,5610859.83,0.0,81018796.58
5580,6504527.0,2087370.14,1822183.53,1918880.45,4959757.77,17644631.94,3698386.52,5825193.78,0.0,44460931.13
5581,6504527.0,3132398.56,1760850.29,0.0,545358.54,18036804.66,3512239.4,3542950.77,-47057.36,36988071.85
5582,6504527.0,3320251.33,2233614.63,0.0,972920.77,22645954.93,4421130.29,4029903.83,-44176.91,44084125.88
5583,6504527.0,1147383.69,1377489.38,0.0,62474426.48,8521526.5,1698840.6,4842873.36,-107354.12,86459712.9
5584,6504527.0,2797227.41,1409005.76,6866189.77,7375854.97,20223357.38,4056525.09,5016127.85,0.0,54248815.21
5585,6504527.0,973327.34,507919.46,3452011.62,8430033.64,8975129.66,1784753.67,3378831.29,0.0,34006533.68
5586,6504527.0,1789097.92,1137950.6,0.0,204278.63,12187128.32,2582709.43,3421068.29,-88313.26,27738446.93
5587,6504527.0,2388877.38,1324903.04,0.0,0.0,20274130.39,4021428.69,5488420.41,0.0,40002286.91
5588,6504527.0,1451669.34,714132.8,20430727.06,4677156.88,11202630.85,2493193.92,3683809.88,0.0,51157847.73
5589,6504527.0,3648947.39,2567878.46,6157492.04,3052604.52,25326362.75,5041066.58,5803451.48,0.0,58102330.22
5590,6504527.0,1475914.26,1749160.77,0.0,64689618.05,12582761.18,2674194.67,4867114.54,-116868.86,94426421.61
5591,6504527.0,3137516.03,2286413.01,0.0,1401781.43,23037490.58,4646400.3,5181009.2,-30755.51,46164382.04
5592,6504527.0,2213030.19,881762.57,0.0,293119.48,14735518.58,2942784.28,2710579.22,0.0,30281321.32
5593,6504527.0,1348524.44,709882.4,10838491.17,0.0,12011724.04,2549532.26,3334384.67,0.0,37297065.98
5594,6504527.0,1294335.93,629613.35,14722140.37,2626014.99,10918719.68,2414685.89,3725564.32,0.0,42835601.54
5595,6504527.0,3564603.36,2078525.27,0.0,1703370.77,26269128.33,5349520.66,3670674.65,0.0,49140350.05
5596,6504527.0,1341495.13,1498021.41,0.0,17249159.52,12875446.48,2611250.7,6919983.31,0.0,48999883.55
5597,6504527.0,2075910.26,1002437.58,0.0,373143.84,10756419.63,2291072.31,2324011.3,-81439.23,25246082.69
5598,6504527.0,891507.42,1376771.54,36690199.71,59494002.72,8915074.21,1725005.98,5088628.59,-32319.69,120653397.48
5599,6504527.0,2592750.18,1477753.9,0.0,1362565.76,20110772.96,4144896.2,3353057.26,0.0,39546323.25
5600,6504527.0,1161251.18,476317.99,0.0,1074350.0,9683187.04,2031012.81,2522021.86,0.0,23452667.88
5601,6504527.0,1517608.91,1182749.27,0.0,534696.91,11975077.1,2424489.42,3449664.85,-22334.39,27566479.07
5602,6504527.0,1413397.02,551909.53,0.0,242497.18,7052590.31,1470222.0,1242926.87,-160781.21,18317288.7
5603,6504527.0,2049045.99,2039327.07,0.0,66320053.91,14963980.3,2929807.33,4876475.63,-89533.09,99593684.14
5604,6504527.0,2719377.09,1906966.85,2896772.16,462268.45,18898793.97,3905434.55,5223842.39,0.0,42517982.46
5605,6504527.0,3096631.64,2444293.79,5601031.33,76832107.11,17896210.1,3639544.27,5069222.12,-47837.22,121035730.15
5606,6504527.0,3456675.07,2773648.36,8484579.6,289549.65,27680019.86,5642907.46,5560145.94,0.0,60392052.93
5607,6504527.0,3254353.03,1275648.93,0.0,494452.47,13633751.01,2735928.36,2173203.02,-91679.78,29980184.05
5608,6504527.0,3312831.57,2079541.92,0.0,1482000.93,21444687.1,4354168.79,4096068.63,-80595.33,43193230.6
5609,6504527.0,2174645.84,1585213.51,0.0,21718.02,16622037.68,3366488.66,3313575.57,-77734.61,33510471.68
5610,6504527.0,1776679.6,1103668.78,0.0,395186.4,11514053.92,2314668.7,3110322.06,-54201.38,26664905.08
5611,6504527.0,2288417.86,1819993.92,0.0,1848064.14,18035528.64,3671058.1,4811151.43,-2028.93,38976712.15
5612,6504527.0,3445483.8,2352693.49,0.0,2418.37,23637555.6,4695428.51,5206538.23,-11082.11,45833562.86
5613,6504527.0,1148463.1,1106764.79,0.0,8842386.08,10098363.92,2135323.87,4548016.72,0.0,34383845.48
5614,6504527.0,3695328.11,3535355.46,14904178.8,77598454.88,28272586.77,5651630.26,5500882.77,0.0,145662944.07
5615,6504527.0,1425298.34,1742556.25,19235971.84,25687951.39,14252983.37,2939697.81,7935108.76,0.0,79724094.75
5616,6504527.0,1442933.14,1038267.89,0.0,0.0,11535751.39,2349991.14,2575215.68,-115307.25,25331378.99
5617,6504527.0,3936542.13,2674395.24,662752.37,474447.03,33725603.76,7063839.84,6140159.81,0.0,61182267.18
5618,6504527.0,3229063.89,2290465.8,0.0,1306293.54,22950664.06,4550169.72,5259180.0,-19042.07,46071321.94
5619,6504527.0,2537398.33,1546786.98,0.0,0.0,22492969.76,4587627.59,5172529.01,0.0,42841838.66
5620,6504527.0,2161182.0,1435780.93,0.0,2626496.85,13872167.64,2814502.73,4653991.87,0.0,34068649.02
5621,6504527.0,2117777.97,1581799.91,14555660.3,16740468.62,20922197.93,4256218.21,7135768.03,0.0,73814417.96
5622,6504527.0,1541844.1,721093.2,0.0,382977.53,7977455.23,1605734.27,1374677.14,-79826.1,20028482.35
5623,6504527.0,1149865.39,1251880.06,0.0,18809083.01,9991871.53,2163096.0,6347927.63,0.0,46218250.61
5624,6504527.0,2620286.62,1611626.4,0.0,7120047.39,22335423.31,4446241.31,5579862.06,0.0,50218014.08
5625,6504527.0,2255002.35,980352.62,0.0,551181.81,10066641.2,1932637.86,1677243.71,-32633.72,23934952.84
5626,6504527.0,2508389.63,1479410.48,0.0,1119547.16,15327922.35,2920861.8,3125405.87,-66235.25,32919829.05
5627,6504527.0,3095286.29,4665950.76,22756205.51,230601705.53,26207940.37,5342594.21,7234277.98,-64164.6,306344323.06
5628,6504527.0,1296745.18,714315.11,21587012.29,901381.29,11722861.32,2541710.03,3908765.76,0.0,49177317.97
5629,6504527.0,2835277.89,1930161.08,0.0,58663651.21,14316266.56,2744916.68,4742338.83,-78246.3,91658892.95
5630,6504527.0,3590428.15,2480327.17,0.0,1908505.92,24893283.08,4964723.48,5196249.84,-33361.65,49504682.99
5631,6504527.0,1394158.04,1603144.87,5673094.59,18275154.26,13844575.16,2845064.82,7775040.05,0.0,57914758.8
5632,6504527.0,852198.67,0.0,0.0,0.0,1826998.74,491255.56,0.0,-182699.87,9492280.1
5633,6504527.0,2583951.61,2369140.52,0.0,76078380.66,17542178.06,3521155.19,5261061.05,-83767.01,113776627.09
5634,6504527.0,793818.5,0.0,0.0,0.0,1180678.19,368096.6,0.0,-118067.82,8729052.46
5635,6504527.0,1679616.2,1337589.72,0.0,15442707.92,11570451.61,2453953.81,5709561.75,0.0,44698408.01
5636,6504527.0,658470.31,344095.24,0.0,5673579.24,6187452.53,1203247.16,2731708.62,0.0,23303080.1
5637,6504527.0,1791713.37,1854811.55,6483146.94,73478257.34,12890508.75,2507067.0,5164507.61,-131325.75,110543213.81
5638,6504527.0,3092633.58,1782091.02,0.0,3388260.24,24363898.71,5037950.6,5419663.62,0.0,49589024.76
5639,6504527.0,1930339.62,2664320.93,2122164.04,135613105.68,13921367.04,2757747.34,5407620.48,-21633.18,170899558.95
5640,6504527.0,1787376.11,1407341.75,0.0,0.0,14136649.5,2934202.92,5178665.21,-6323.2,31942439.29
5641,6504527.0,3089095.29,2449871.53,0.0,801054.61,24961097.44,5099388.49,5164044.96,-63953.28,48005126.04
5642,6504527.0,874366.36,1090725.87,14412148.7,58484266.03,6590743.41,1313066.15,3837991.7,-66151.68,93041683.52
5643,6504527.0,2823606.37,2608044.02,0.0,70071977.59,20518596.56,4041983.95,4974243.46,-85808.2,111457170.75
5644,6504527.0,1642390.89,1876429.24,0.0,101732847.1,9767993.37,1846019.37,4546164.27,-154021.15,127762350.09
5645,6504527.0,2048101.46,967401.35,0.0,17932.75,10304881.19,2070516.1,1952274.99,-63749.64,23801885.2
5646,6504527.0,2965076.62,2067302.76,0.0,0.0,20678410.82,4241442.36,5205453.12,-538.33,41661674.34
5647,6504527.0,3258273.78,2667114.06,0.0,568134.63,26670317.62,5482477.72,5488746.98,-5003.53,50634588.26
5648,6504527.0,1970031.33,1201831.25,0.0,290559.61,12418514.58,2658628.23,3545300.96,-44832.84,28544560.12
5649,6504527.0,1380929.27,1362657.62,0.0,17215471.2,11629436.55,2516373.04,5546563.25,0.0,46155957.93
5650,6504527.0,1071961.46,418423.84,0.0,669441.03,4420849.07,975897.7,699129.33,-33545.96,14726683.46
5651,6504527.0,1506783.4,877863.58,12526149.77,0.0,13691535.85,2934312.03,3849108.95,0.0,41890280.59
5652,6504527.0,1635092.12,675509.2,0.0,0.0,12541618.21,2716362.77,2907804.88,0.0,26980914.17
5653,6504527.0,1404765.73,1221732.47,0.0,6607442.17,11396532.88,2382550.58,4856489.24,0.0,34374040.07
5654,6504527.0,965506.29,1097149.68,0.0,53020010.42,7477484.59,1634309.11,5009852.85,-187994.84,75520845.1
5655,6504527.0,2899977.02,1901857.8,0.0,1445745.37,19683568.41,3879048.81,4055345.75,-81075.78,40288994.38
5656,6504527.0,3033372.94,1226372.29,0.0,667141.45,12710196.08,2571816.68,1758453.97,-52092.01,28419788.4
5657,6504527.0,2551690.96,2364649.56,0.0,59344293.69,18696557.28,3763462.55,4321066.19,-62191.12,97484056.12
5658,6504527.0,780091.59,618976.52,0.0,2149661.93,6300306.45,1366750.05,3135848.12,-73222.48,20782939.18
5659,6504527.0,2845902.99,1757923.44,0.0,0.0,17939455.48,3552568.53,4798607.1,-36022.1,37362962.44
5660,6504527.0,3750533.86,2924779.96,0.0,3281941.74,28789210.12,5703722.05,5483997.97,-7434.66,56431278.04
5661,6504527.0,1411058.56,635908.46,15212564.27,0.0,11271984.64,2445156.78,3930415.31,0.0,41411615.04
5662,6504527.0,1346047.73,1436813.76,0.0,18937956.23,11817091.29,2565253.78,6568505.6,0.0,49176195.39
5663,6504527.0,1443138.56,1540797.55,144169.15,15918979.42,13546847.83,2851929.53,6875563.33,0.0,48825952.38
5664,6504527.0,1067554.15,164749.24,0.0,946540.35,2902412.25,833464.86,233252.61,0.0,12652500.46
5665,6504527.0,2685213.44,1669311.06,0.0,2292392.05,23463037.6,4805490.37,6294096.57,0.0,47714068.1
5666,6504527.0,1180897.18,650122.52,11381996.06,11273691.13,10105243.86,2196764.06,2909377.13,0.0,46202618.93
5667,6504527.0,2564220.91,1710950.52,444350.16,1683534.01,23642622.92,4863708.39,6623578.19,0.0,48037492.11
5668,6504527.0,3874411.91,2798771.98,6737703.72,2306267.55,27502661.97,5622464.91,5773290.18,0.0,61120099.21
5669,6504527.0,1032511.18,1189264.64,41151506.06,10314449.16,10325111.8,2035523.07,4933107.33,0.0,77486000.25
5670,6504527.0,2445001.54,2489659.56,682112.25,77214918.65,18473605.97,3804941.69,5463271.48,-73165.06,117004873.07
5671,6504527.0,1810668.84,676677.49,0.0,210313.83,7098160.36,1464039.36,1036368.26,-36821.5,18763933.64
5672,6504527.0,775739.81,1091852.22,0.0,57649924.17,5837933.6,1338136.46,4628937.06,-18509.25,77808541.07
5673,6504527.0,1331800.4,945708.35,0.0,34480185.1,7040116.66,1478083.67,2830932.56,-97169.92,54514183.82
5674,6504527.0,1528406.56,1134327.94,0.0,105735.73,11685439.17,2373941.01,3645363.24,-35580.78,26942159.86
5675,6504527.0,1161051.67,977219.92,0.0,52338.99,10387996.01,2174873.38,2972056.91,-62013.42,24168050.45
5676,6504527.0,2607665.84,1704547.15,0.0,73438.22,17789044.92,3656705.7,3386814.05,-75924.17,35646818.7
5677,6504527.0,871755.07,1492596.43,0.0,105558781.47,5401664.29,1287801.67,3429099.09,-165865.84,124380359.19
5678,6504527.0,3078024.94,1737952.83,0.0,984115.13,24213932.23,4911257.38,4475427.11,0.0,45905236.63
5679,6504527.0,1933239.17,1438060.3,0.0,1127650.82,14688575.17,2898230.39,3914138.49,-47249.71,32457171.62
5680,6504527.0,1003507.46,1167575.5,0.0,44198536.7,8743884.85,1695621.06,3366965.78,-144973.73,66535644.62
5681,6504527.0,1239982.37,604314.25,35971053.58,5431277.51,10494579.52,2188628.1,3246344.98,0.0,65680707.32
5682,6504527.0,1148455.03,647954.07,18089104.47,3215149.26,10650433.78,2353542.06,4011521.23,0.0,46620686.9
5683,6504527.0,2787707.19,2723894.33,18847766.71,12341483.26,25811917.11,5225512.97,6107438.66,0.0,80350247.24
5684,6504527.0,3271938.61,3455690.02,5618280.87,79135647.26,26980829.39,5407071.69,6391969.94,-30051.8,136735902.97
5685,6504527.0,2687082.12,1617757.92,0.0,1819816.91,16685972.82,3188871.12,3685974.25,-72927.06,36117075.07
5686,6504527.0,1903579.98,1046698.25,0.0,319652.07,16187403.58,3468436.83,3367822.83,0.0,32798120.54
5687,6504527.0,2076580.42,1446819.32,5825360.22,14588419.16,19742415.78,3976169.11,6047400.75,0.0,60207691.76
5688,6504527.0,924263.37,816863.06,0.0,40136722.52,5929582.31,1319111.84,3869818.38,-204503.79,59296384.66
5689,6504527.0,958128.41,515751.57,4090116.08,1323251.97,9581284.08,2045699.32,3359883.38,0.0,28378641.81
5690,6504527.0,2564861.71,1615569.28,0.0,125212.82,16830518.55,3318290.56,3400271.98,-69610.94,34289640.96
5691,6504527.0,2850437.77,1660685.32,0.0,1869006.94,17137293.7,3523676.45,3228705.01,-75660.38,36698671.82
5692,6504527.0,876413.98,837269.84,30353234.35,3647876.68,7689066.51,1654021.67,4145215.19,0.0,55707625.22
5693,6504527.0,1399940.75,1661636.06,13461373.04,22171958.05,13844764.53,2810966.84,7645917.09,0.0,69501083.36
5694,6504527.0,1388286.62,873130.36,22255188.83,1850528.43,13225100.43,2771373.35,4231577.76,0.0,53099712.78
5695,6504527.0,1011756.73,506067.64,7757537.23,3656467.28,9569342.9,1977388.99,3221851.43,0.0,34204939.2
5696,6504527.0,2218048.34,1151316.87,0.0,265255.15,18015711.94,3696584.49,4007711.88,0.0,35859155.67
5697,6504527.0,1586666.14,873713.55,0.0,6045644.87,14761891.35,2989782.86,5273543.29,0.0,38035769.06
5698,6504527.0,2074918.9,1210835.31,0.0,2159036.77,11600326.33,2243643.11,2835427.01,0.0,28628714.43
5699,6504527.0,2495804.1,1628070.83,1837700.65,3440603.83,22703981.39,4740205.19,6458150.1,0.0,49809043.1
5700,6504527.0,2309181.0,1400534.42,0.0,0.0,21030444.16,4226488.03,5380202.24,0.0,40851376.85
5701,6504527.0,1738094.63,1468679.31,0.0,417659.98,14762783.07,3069614.42,4292765.13,-11088.68,32243034.85
5702,6504527.0,1051202.57,1248200.42,0.0,55678494.42,7525843.46,1603083.68,4814701.84,-52560.19,78373493.2
5703,6504527.0,2565729.04,1213465.44,0.0,44848.48,12980948.43,2632030.23,2505957.93,-85125.22,28362381.33
5704,6504527.0,1956284.14,1665166.93,0.0,1198054.88,16584814.48,3573291.24,5518049.2,-8881.69,36991306.18
5705,6504527.0,1700813.43,1217861.21,0.0,1022809.91,13042715.32,2759547.14,3354542.08,-100015.13,29502800.96
5706,6504527.0,2616009.98,1441223.79,0.0,7049166.56,20588196.88,4050618.05,4782956.22,0.0,47032698.49
5707,6504527.0,2056820.48,1348446.87,0.0,388370.36,13704916.74,2804501.71,2942154.42,-27657.1,29722080.46
5708,6504527.0,3162371.02,2067465.21,0.0,2544092.76,20615945.51,4057658.19,5004987.99,-14965.35,43942082.33
5709,6504527.0,738959.7,383456.1,0.0,9481809.01,7389597.02,1617871.28,2996432.3,0.0,29112652.41
5710,6504527.0,1809268.0,1503206.62,0.0,1065848.15,15199143.1,3019771.49,4795962.91,-24437.04,33873290.22
5711,6504527.0,2645512.16,3082746.05,1391901.21,78329639.01,23607475.37,4790136.99,7206452.74,-35223.33,127523167.19
5712,6504527.0,1463368.31,724544.52,21162731.21,0.0,12158345.21,2632623.07,3740661.27,0.0,48386800.59
5713,6504527.0,3410566.46,3224587.46,12971492.06,78257058.44,25120256.2,4981680.29,5355647.98,0.0,139825815.89
5714,6504527.0,1255776.24,580950.87,0.0,0.0,10722408.75,2333950.08,3039730.86,0.0,24437343.8
5715,6504527.0,928324.65,1060023.51,2941389.21,51853581.08,7683823.26,1581096.9,3429548.83,-163202.75,75819111.7
5716,6504527.0,948396.07,506756.45,0.0,3303829.53,9162775.98,1882552.55,3515162.34,0.0,25823999.92
5717,6504527.0,2319887.61,1322751.98,0.0,375537.29,13540319.63,2560829.36,2640035.88,-35172.68,29228716.07
5718,6504527.0,2451632.32,711117.31,0.0,0.0,12908166.18,2555978.69,2346912.27,0.0,27478333.76
5719,6504527.0,1139747.03,629626.73,0.0,2715267.76,10526230.75,2289244.72,4465316.05,0.0,28269960.04
5720,6504527.0,3353519.65,1781844.03,0.0,175494.39,24778669.91,5096373.58,4909695.31,0.0,46600123.86
5721,6504527.0,2361909.46,1873182.59,0.0,534633.39,19014545.9,3895618.64,5181944.18,-34408.88,39331952.29
5722,6504527.0,2121519.93,1275397.78,0.0,456683.35,13084769.73,2677506.05,2738687.25,-36860.8,28822230.29
5723,6504527.0,1332276.37,961698.04,0.0,4719643.08,8905877.78,1814874.5,4364747.1,0.0,28603643.86
5724,6504527.0,2238221.18,1440573.7,0.0,2631056.82,21087124.71,4218444.6,7032707.79,0.0,45152655.8
5725,6504527.0,3730727.45,2663903.68,6806885.36,4875159.97,25923082.75,5217163.1,5592833.43,0.0,61314282.73
5726,6504527.0,926070.79,895515.18,11298499.27,2210978.04,8370130.63,1743537.06,4280793.02,0.0,36230050.99
5727,6504527.0,916632.02,573630.94,20343621.17,9291245.01,9166320.17,1916543.62,3258714.69,0.0,51971234.62
5728,6504527.0,983271.45,1137934.74,3357601.87,17305757.84,9484259.02,1910889.98,6053602.68,0.0,46737844.57
5729,6504527.0,1665458.52,881308.01,0.0,2643043.07,14955449.51,3127331.5,4481009.49,0.0,34258127.1
5730,6504527.0,3155338.37,2768339.09,8653799.99,1802171.42,27400096.81,5637967.46,5699217.15,0.0,61621457.3
5731,6504527.0,2020865.87,2255926.77,0.0,69525896.68,17278826.39,3568602.98,5179479.23,-117071.76,106217053.16
5732,6504527.0,2027586.53,1955174.43,0.0,8049337.1,18607444.76,3750801.15,6642655.67,-17631.71,47519894.92
5733,6504527.0,674218.68,238647.42,0.0,193745.72,2792471.12,699712.39,443314.01,-43485.03,11503151.32
5734,6504527.0,2708003.3,1636054.64,0.0,483912.21,17415320.22,3404530.78,3400947.53,-110520.53,35442775.14
5735,6504527.0,1221688.93,463367.43,0.0,1591208.79,9177766.43,1953700.63,2734249.77,0.0,23646508.98
5736,6504527.0,1287843.03,1081210.1,0.0,286205.99,10770461.99,2259444.97,3873562.87,-6415.52,26056840.44
5737,6504527.0,383231.52,117920.52,0.0,382483.68,2435068.86,569986.59,626365.52,0.0,11019583.68
5738,6504527.0,2579088.19,1837157.66,0.0,30555.77,18369910.51,3789533.83,5504564.23,-962.87,38614374.32
5739,6504527.0,2441836.32,1734360.05,0.0,1353182.0,17849956.16,3528667.75,3881792.59,-65779.56,37228542.31
5740,6504527.0,2164757.24,1108455.65,0.0,888253.23,11544430.16,2300638.29,1994863.29,-57300.66,26448624.19
5741,6504527.0,2170676.96,2080839.38,0.0,65800138.66,14644532.32,2878971.22,5030361.08,-12365.76,99097680.86
5742,6504527.0,808142.06,1020641.25,6581073.9,50146201.93,7175446.94,1441921.55,3817257.63,-176274.32,77318937.94
5743,6504527.0,1888643.56,1792368.39,2786084.09,5550250.01,17274790.26,3641300.05,5800558.77,0.0,45238522.11
5744,6504527.0,1361731.15,1876079.02,0.0,68449684.3,12496954.98,2419618.38,7082172.24,-19898.75,100170868.32
5745,6504527.0,1629959.24,1326497.48,0.0,46879.85,13269532.91,2817378.39,3991322.11,-844.31,29585252.68
5746,6504527.0,3984958.09,2357808.75,0.0,399343.97,23561376.62,4604409.4,4621980.84,-979.63,46033425.04
5747,6504527.0,1876004.11,1339930.82,0.0,1064591.77,13367677.31,2774719.44,5495921.48,-4346.72,32419025.21
5748,6504527.0,919388.67,1293484.87,41642429.39,58775630.97,8056680.55,1663458.83,4171942.23,-3843.82,123023698.69
5749,6504527.0,873747.54,534181.56,0.0,41031.65,6400706.31,1386119.92,1865407.17,-107067.14,17498654.01
5750,6504527.0,2289588.57,1533256.57,0.0,394527.71,16233325.93,3259304.37,3059831.28,-94054.45,33180306.98
5751,6504527.0,2722116.04,2345883.97,0.0,67869362.39,18294863.21,3633704.21,4436850.71,-106554.01,105700753.53
5752,6504527.0,3103570.46,2120041.17,0.0,1032153.83,21479517.89,4166703.23,4785680.49,-39321.39,43152872.69
5753,6504527.0,1881616.85,1628644.68,0.0,800831.51,16151288.96,3355455.89,5312612.39,0.0,35634977.27
5754,6504527.0,2270729.7,1267582.55,0.0,129588.13,18948124.66,3925668.36,4087759.97,0.0,37133980.36
5755,6504527.0,1489978.91,975545.95,30306700.64,1166901.41,14504837.61,2973547.69,4501441.68,0.0,62423480.89
5756,6504527.0,3410605.32,2633260.32,2718820.78,3865546.2,25820227.69,5278217.27,5761142.35,0.0,55992346.93
5757,6504527.0,3473008.07,2045919.81,6176503.26,387142.16,27418491.6,5529836.5,5630488.25,0.0,57165916.64
5758,6504527.0,2712888.08,1679826.87,0.0,0.0,17060746.37,3292941.86,3449546.59,-26247.77,34674228.98
5759,6504527.0,1425050.07,1257004.76,0.0,7782475.4,11657144.11,2436491.67,4589924.93,0.0,35652617.94
5760,6504527.0,903787.29,915462.86,0.0,8561067.89,7995855.75,1720485.43,4905696.38,0.0,31506882.59
5761,6504527.0,933775.69,386453.43,0.0,19014526.18,6609283.81,1504594.49,3014622.61,0.0,37967783.21
5762,6504527.0,2565393.94,1860321.93,0.0,1993756.11,18816500.63,3692282.34,4344867.75,-39863.61,39737786.09
5763,6504527.0,1822681.58,1143149.06,0.0,448304.96,12021619.17,2476910.23,2256197.68,-62471.55,26610918.12
5764,6504527.0,1113970.67,552288.73,16575748.51,6945740.62,9338405.78,2146569.66,3270176.75,0.0,46447427.73
5765,6504527.0,3826574.23,2640406.98,0.0,567463.37,33239033.21,6573150.4,5742147.3,0.0,59093302.49
5766,6504527.0,1304995.95,413125.99,0.0,191878.77,9318447.36,2091724.62,2117212.93,0.0,21941912.64
5767,6504527.0,3172845.98,2204049.78,0.0,1632051.43,22033537.84,4439345.58,5203980.01,-17561.66,45172775.96
5768,6504527.0,2887573.03,2835427.75,2155475.64,77191077.67,21885675.14,4580726.12,5583442.81,-65917.07,123558008.1
5769,6504527.0,1156076.94,673827.15,352030.47,6685280.36,10543126.13,2470077.08,3760365.08,0.0,32145310.2
5770,6504527.0,2722450.24,1581176.53,0.0,1741911.3,21717425.42,4452462.0,4695778.69,0.0,43415731.19
5771,6504527.0,1051655.88,932358.92,0.0,900004.55,8990908.28,1991091.62,4828811.36,0.0,25199357.61
5772,6504527.0,1429083.89,1277173.43,0.0,8289869.53,11802544.93,2456277.71,4770918.6,0.0,36530395.09
5773,6504527.0,2242718.82,2262256.43,5331999.18,76839873.03,15681819.4,3203884.57,5213017.9,-8722.57,117271373.76
5774,6504527.0,2005608.69,1248307.46,0.0,6761656.59,18258496.3,3668389.73,5401223.78,0.0,43848209.54
5775,6504527.0,855261.63,595560.49,0.0,0.0,7687532.79,1653806.15,2453111.35,-173192.79,19576606.62
5776,6504527.0,1923856.72,710090.29,0.0,1141543.43,7147628.39,1453901.46,1168721.25,-18588.62,20031679.91
5777,6504527.0,478866.27,183494.95,0.0,353212.81,4279404.05,830155.86,1283324.44,0.0,13912985.39
5778,6504527.0,2543076.73,1348086.74,20356.39,5080856.47,19849946.72,4030586.31,4769792.65,0.0,44147229.01
5779,6504527.0,2350256.84,1355027.44,0.0,55491.32,20361732.34,4030120.63,5191729.74,0.0,39848885.31
5780,6504527.0,1253431.84,1345723.33,0.0,15652353.23,11540649.83,2510004.18,5439460.07,0.0,44246149.49
5781,6504527.0,1967214.09,1012660.81,0.0,1088885.95,11437981.3,2369369.49,1900064.38,-147538.53,26133164.49
5782,6504527.0,511925.08,279642.03,0.0,488843.48,3316077.04,816548.34,1278059.19,-64507.11,13131115.05
5783,6504527.0,2423686.48,1950013.61,0.0,1245512.54,19249339.14,3888697.61,5322582.4,0.0,40584358.78
5784,6504527.0,2158132.9,1675984.56,0.0,224156.5,16807983.77,3474925.55,4546414.48,-8971.9,35383152.85
5785,6504527.0,1422238.78,941701.39,10903259.33,2020727.48,13812909.34,2929425.81,4357139.13,0.0,42891928.25
5786,6504527.0,2828787.08,1379727.86,0.0,4180006.92,20289399.73,4091154.63,4747664.95,0.0,44021268.17
5787,6504527.0,2482704.91,1874452.07,0.0,1110481.02,18946701.86,3804584.64,4524585.96,-33825.5,39214211.97
5788,6504527.0,2477457.43,1645003.11,1499352.64,1352464.06,23379501.95,4795471.28,5982250.37,0.0,47636027.83
5789,6504527.0,2193779.77,1697405.16,0.0,625949.61,17057698.54,3422961.15,5775094.62,-15832.23,37261583.63
5790,6504527.0,1680647.96,1785543.18,0.0,59165800.75,12462064.56,2606776.02,4580687.07,-36116.33,88749930.21
5791,6504527.0,1949117.39,585908.28,0.0,2018396.77,11088230.69,2330917.5,2859972.45,0.0,27337070.08
5792,6504527.0,1893493.06,1129534.66,1592387.08,14701882.62,16349381.77,3439538.85,5412642.21,0.0,51023387.25
5793,6504527.0,3477194.45,2109049.01,0.0,0.0,21736427.86,4260091.98,4668003.29,-64593.78,42690699.82
5794,6504527.0,2706373.98,1560130.36,0.0,441704.29,22193040.81,4395324.33,4638031.39,0.0,42439132.16
5795,6504527.0,2450679.08,2191197.69,0.0,4522391.8,21164119.91,4313862.14,6785079.07,-12721.18,47919135.52
5796,6504527.0,3013018.25,2070459.71,0.0,3424705.56,20440555.55,4011185.77,5293999.86,-700.94,44757750.76
5797,6504527.0,529583.98,564383.26,0.0,25608413.87,4286546.07,929740.05,3044429.19,-143754.91,41323868.51
5798,6504527.0,1314813.54,1189168.89,0.0,7707725.43,10811157.8,2223397.7,4858632.91,0.0,34609423.26
5799,6504527.0,2783155.98,1868437.54,0.0,3230463.14,25223910.22,5139531.37,5626149.04,0.0,50376174.29
5800,6504527.0,3054669.47,2249017.22,0.0,2788070.04,22170776.62,4531967.53,4808241.08,0.0,46107268.97
5801,6504527.0,2745206.39,1960673.36,5230671.01,5545383.24,25683174.36,5247412.91,6705985.81,0.0,59623034.09
5802,6504527.0,2003634.62,995857.39,0.0,7848557.72,16034444.56,3350038.63,4521416.86,0.0,41258476.78
5803,6504527.0,1218406.05,991133.02,0.0,481125.79,10024225.69,2090271.23,3769108.83,-29074.05,25049723.57
5804,6504527.0,1407335.04,1595333.56,2388357.16,15005375.0,14003885.3,2857210.54,6932405.61,0.0,50694429.2
5805,6504527.0,1284999.52,488440.1,0.0,548928.67,4941664.91,1141966.81,737954.62,-15548.55,15632933.08
5806,6504527.0,2416706.43,1943854.88,0.0,2073171.3,19233466.95,3995033.94,4845379.01,0.0,41012139.5
5807,6504527.0,3671021.12,2287596.98,0.0,590497.13,22801039.86,4645907.18,4819283.06,-21.14,45319851.2
5808,6504527.0,1680414.08,2129126.05,0.0,106595886.5,12059317.88,2562909.59,4686645.56,-66056.74,136152769.92
5809,6504527.0,2074444.49,1857716.76,0.0,3548421.65,18460786.59,3799765.66,5741046.94,-29893.77,41956815.32
5810,6504527.0,1312033.29,900883.1,0.0,196473.92,9519156.98,1857818.54,2359853.37,-52660.8,22598085.41
5811,6504527.0,1879868.14,1314093.46,0.0,0.0,13396289.48,2529886.34,3980106.68,-25535.49,29579235.61
5812,6504527.0,2879091.85,1638478.8,0.0,1386538.74,23174203.99,4674758.85,5290241.07,0.0,45547840.3
5813,6504527.0,2101755.89,2784337.61,0.0,123480356.07,16552676.43,3189837.47,5566957.77,-80456.68,160099991.56
5814,6504527.0,2997922.2,3087837.45,6999230.33,78175397.44,23741380.56,4732439.82,5778342.85,-15324.74,132001752.91
5815,6504527.0,1215238.88,940617.63,0.0,706157.93,9145149.61,2047050.43,3792522.49,0.0,24351263.96
5816,6504527.0,2089709.03,2146238.68,0.0,10153921.45,20009092.3,4082454.77,7215592.26,-3991.85,52197543.64
5817,6504527.0,1747369.15,669091.62,0.0,415836.82,11014689.38,2187547.89,2231088.18,0.0,24770150.05
5818,6504527.0,2341414.04,1261841.04,0.0,157025.59,13829947.35,2777523.84,2007097.91,-122638.35,28756738.42
5819,6504527.0,2352484.14,1315048.91,2021711.07,3043866.19,19770487.5,3922992.29,5437364.92,0.0,44368482.02
5820,6504527.0,1842475.22,1788469.2,2050792.22,76974170.21,11532506.27,2338705.32,5215073.98,-72542.7,108174176.71
5821,6504527.0,3457683.84,2332887.07,13385497.41,153029.49,30338606.67,6245513.96,6165430.8,0.0,68583176.24
5822,6504527.0,2602172.39,2029822.64,0.0,759037.71,20885207.75,4350557.99,3988293.46,-66311.9,41053307.03
5823,6504527.0,827761.69,2059119.36,4108209.12,179782457.44,4211228.83,969227.12,6834144.33,-269155.58,205027519.31
5824,6504527.0,2148561.39,977072.49,0.0,51169.26,10473051.0,2051831.05,1861017.3,-70589.42,23996640.07
5825,6504527.0,3097884.64,2275671.04,0.0,1437791.89,22428172.18,4443472.55,5040236.27,-10598.24,45217157.33
5826,6504527.0,1306223.29,1043728.25,0.0,795327.06,10331729.08,2019774.85,4772563.44,-18843.41,26755029.57
5827,6504527.0,2601597.62,1707860.04,0.0,238376.93,17735607.57,3698336.49,3393509.36,-74245.44,35805569.58
5828,6504527.0,2027767.45,1204399.57,0.0,2864483.39,17763290.84,3773491.89,4047042.19,0.0,38185002.34
5829,6504527.0,1456963.59,534548.26,0.0,167984.69,9489857.85,2078930.1,1862057.19,0.0,22094868.68
5830,6504527.0,1622910.41,1061717.59,0.0,1003113.86,11149294.91,2412635.39,2555868.77,-66957.41,26243110.51
5831,6504527.0,3178391.91,1663103.86,0.0,1061095.61,23538831.29,4715465.19,4959692.08,0.0,45621106.93
5832,6504527.0,2838672.54,1702642.67,0.0,618731.28,17377907.92,3587430.92,2945639.75,-49115.63,35526436.45
5833,6504527.0,2636724.6,1441264.65,0.0,920282.55,15213863.0,2905280.81,3448027.79,-90032.9,32979937.5
5834,6504527.0,1418630.36,1349006.83,0.0,14766318.4,11763701.13,2525459.55,5543793.49,0.0,43871436.76
5835,6504527.0,1936128.09,1995935.96,5200729.27,13708508.74,18063414.53,3725406.87,6949189.5,0.0,58083839.97
5836,6504527.0,873695.86,857748.04,3131030.07,957263.28,8432592.0,1793429.13,4818956.36,-20895.78,27348345.95
5837,6504527.0,2304012.91,1931158.12,0.0,1208777.02,19023256.06,4026976.66,4975908.11,0.0,39974615.88
5838,6504527.0,3172057.26,2083266.46,3511976.37,0.0,27857764.65,5847449.55,5954056.54,0.0,54931097.83
5839,6504527.0,2301200.3,1707261.66,0.0,0.0,17574900.5,3693489.95,4386466.4,-50228.39,36117617.42
5840,6504527.0,1593551.74,465296.73,0.0,143263.74,9011392.8,1895924.13,1678110.9,0.0,21292067.03
5841,6504527.0,3536158.32,1907920.95,0.0,896186.0,25996277.43,5193534.12,4791872.3,0.0,48826476.12
5842,6504527.0,2823311.73,2481875.51,0.0,72447467.43,19070778.52,3796930.89,4963871.48,-91737.84,111997024.72
5843,6504527.0,1387612.12,1510504.56,0.0,14457950.35,13343639.82,2690022.39,6780936.88,0.0,46675193.1
5844,6504527.0,2887289.01,2442472.15,7373750.33,77194434.92,17737935.19,3543743.56,5296681.84,-37718.41,122943115.59
5845,6504527.0,1137328.08,460844.81,0.0,95491.0,6957313.4,1516464.74,1118623.48,0.0,17790592.52
5846,6504527.0,3326329.63,1711546.84,0.0,476053.89,17570419.29,3554400.79,2959793.96,-51242.88,36051828.52
5847,6504527.0,2697688.93,1902469.76,3692285.26,5950889.04,25284577.21,5000453.31,6826474.35,0.0,57859364.87
5848,6504527.0,1477452.61,949116.27,0.0,124950.77,10250112.78,2147035.0,2396347.61,-80513.73,23769028.31
5849,6504527.0,923000.9,549737.11,10842917.51,11238475.61,9023360.21,1895743.64,3439916.44,0.0,44417678.41
5850,6504527.0,1425609.69,824438.36,21069928.24,0.0,13157283.56,2802922.27,4095797.15,0.0,49880506.26
5851,6504527.0,3016257.56,2083202.75,6810761.6,589928.02,27659703.07,5653348.2,6024237.4,0.0,58341965.61
5852,6504527.0,3170644.86,1850656.98,0.0,344709.47,25404250.19,4928103.68,5432232.62,0.0,47635124.79
5853,6504527.0,1735604.33,606733.96,0.0,0.0,10929485.71,2219934.85,2794746.12,0.0,24791031.97
5854,6504527.0,3733574.28,2848071.24,2292624.67,422345.01,28324595.28,5782753.23,5408168.6,0.0,55316659.32
5855,6504527.0,2187717.43,736292.81,0.0,465087.22,7717287.95,1565199.3,1059149.72,-42180.25,20193081.18
5856,6504527.0,1025820.28,663572.99,17546669.25,10463387.53,10221870.73,2032989.1,3852877.56,0.0,52311714.45
5857,6504527.0,1103022.03,0.0,0.0,0.0,1533654.9,562486.77,0.0,-153365.49,9550325.21
5858,6504527.0,1175746.62,861410.22,0.0,88433.08,9419551.08,1965385.15,3147722.24,-83813.76,23078961.64
5859,6504527.0,1901247.68,1480421.29,0.0,722790.47,14673790.24,3108605.26,4082629.42,0.0,32474011.37
5860,6504527.0,1842314.92,1093860.62,0.0,877783.95,11955064.47,2510255.51,3039365.4,-110846.86,27712325.01
5861,6504527.0,2261068.42,1407431.77,0.0,354082.31,21027847.47,4307021.51,5299673.0,0.0,41161651.48
5862,6504527.0,2819632.52,1658568.36,0.0,0.0,17489499.76,3424532.5,3309745.67,-90381.61,35116124.2
5863,6504527.0,850605.15,497913.79,0.0,126729.6,5907470.94,1238199.69,1588743.52,-97517.79,16616671.9
5864,6504527.0,1616511.96,1120202.49,0.0,1438923.99,11766979.31,2481855.66,3594406.66,-76462.32,28446944.74
5865,6504527.0,3378664.97,2567874.91,10041272.18,1846249.35,25482732.49,5155528.02,5642120.51,0.0,60618969.43
5866,6504527.0,1343490.75,551397.88,34274983.62,3595123.23,9834084.61,2062824.12,3062318.21,0.0,61228749.42
5867,6504527.0,693973.89,232084.71,0.0,0.0,6063611.03,1379652.76,1240640.83,0.0,16114490.22
5868,6504527.0,1935275.91,2178449.77,0.0,76521289.56,14889782.87,2882160.58,5858999.64,-47750.15,110722735.17
5869,6504527.0,891574.54,1115676.37,0.0,47588666.21,6923098.87,1376908.78,3867886.49,-53687.99,68214650.26
5870,6504527.0,1085735.0,591689.5,0.0,339567.77,7698280.37,1519133.77,1556644.49,-189087.78,19106490.13
5871,6504527.0,2014328.37,1158679.76,0.0,918466.69,12462311.84,2523491.64,2535683.73,-95938.07,28021550.98
5872,6504527.0,2568306.27,2127749.77,0.0,58998869.07,17007439.42,3549020.14,3960343.26,-113598.43,94602656.5
5873,6504527.0,1240040.74,738915.32,0.0,96773.93,8186350.72,1643001.27,1900659.28,-83296.94,20226971.32
5874,6504527.0,1153366.41,681429.29,41759667.73,1671933.1,11533664.14,2283736.57,3723989.66,0.0,69312313.91
5875,6504527.0,2119962.43,1757102.61,0.0,2540628.38,17426955.83,3418810.5,5002182.55,-11766.0,38758403.31
5876,6504527.0,1642282.13,1569435.82,138706.03,3467366.17,15114566.54,3039189.01,6528501.1,0.0,38004573.8
5877,6504527.0,3350358.02,2369610.2,0.0,1174644.37,23637223.01,4866091.25,4942408.7,-11655.29,46833207.26
5878,6504527.0,896494.28,1204598.25,0.0,52700362.39,7897894.2,1759338.91,4476883.94,-100215.84,75339883.13
5879,6504527.0,1869848.68,956734.2,0.0,1073127.2,16195767.39,3397329.53,4812385.89,0.0,34809719.89
5880,6504527.0,1408390.75,1728990.13,0.0,67897600.3,11258753.52,2458734.83,5594233.68,-46904.91,96804325.29
5881,6504527.0,996784.51,514315.47,0.0,7859165.26,9023377.42,1872150.01,3271299.04,0.0,30041618.72
5882,6504527.0,1805555.17,1466015.84,0.0,143108.57,15323782.76,3162510.43,4958497.37,-71652.35,33292344.78
5883,6504527.0,2187449.12,2168669.34,6492137.37,11830433.16,20303567.86,4317118.43,6602629.97,0.0,60406532.25
5884,6504527.0,2334877.86,1347496.65,0.0,1237755.25,14008407.42,2617872.54,3063596.76,-66922.02,31047611.46
5885,6504527.0,2170236.1,1148646.22,0.0,204613.54,17572845.74,3600640.35,3514115.45,0.0,34715624.4
5886,6504527.0,1919838.6,1383119.71,0.0,121585.4,14945058.23,2977870.04,3309132.59,-112730.27,31048401.31
5887,6504527.0,4476957.66,4073061.89,0.0,6200383.67,39802652.67,8006448.06,7509249.1,-20917.57,76552362.47
5888,6504527.0,1392615.73,1524076.23,7171894.83,12373691.12,13760267.68,2779300.36,6845910.18,0.0,52352283.13
5889,6504527.0,3056967.72,1928211.17,0.0,1665207.64,19991534.81,3971549.32,4254110.23,-89725.57,41282382.33
5890,6504527.0,1107782.75,94947.34,0.0,28859.61,2261943.14,649298.0,128964.45,-131450.55,10644871.73
5891,6504527.0,3307395.4,2566678.14,0.0,41482.96,26227701.89,5133200.4,4940082.89,-57625.44,48663443.26
5892,6504527.0,2112272.71,1519186.46,13362521.6,14634522.89,20269533.64,4209283.03,6700164.97,0.0,69312012.32
5893,6504527.0,3329398.49,2497901.45,0.0,1764472.31,25115127.89,5107069.92,4029433.67,-32268.73,48315661.99
5894,6504527.0,4133765.84,2489207.89,0.0,894761.61,24993874.57,4911697.97,5602352.39,-21786.94,49508400.32
5895,6504527.0,1273464.81,613125.57,9971946.2,12025341.7,9594506.23,1957747.99,3303674.27,0.0,45244333.76
5896,6504527.0,1285411.96,1887855.11,4497466.48,84831744.7,10716108.02,2294886.69,6464353.46,0.0,118482353.42
5897,6504527.0,1023190.61,1186035.08,43156165.55,9896719.68,10231906.13,2053113.64,5055061.52,0.0,79106719.21
5898,6504527.0,1435311.83,1222181.0,0.0,751814.43,12045082.52,2440248.14,4683847.72,0.0,29083012.65
5899,6504527.0,1365171.6,1138773.04,0.0,4194974.48,10897285.47,2358717.79,4057127.9,0.0,30516577.29
5900,6504527.0,3426401.11,1986023.03,0.0,1737006.69,26762798.98,5315626.97,5489227.56,0.0,51221611.35
5901,6504527.0,1532948.44,1074977.28,0.0,281087.89,11269605.37,2235606.13,3145434.69,-54312.67,25989874.13
5902,6504527.0,1627268.74,1203047.87,0.0,401563.02,12594457.06,2520224.54,3922201.83,-59304.13,28713985.91
5903,6504527.0,2028855.89,1196931.57,0.0,1154752.62,12214503.0,2471084.24,2363121.27,-43035.68,27890739.91
5904,6504527.0,1342145.61,543900.5,0.0,1981154.46,10702092.01,1904024.33,2846325.69,0.0,25824169.59
5905,6504527.0,2394316.75,1544185.69,0.0,194405.49,15746945.93,3335613.04,3829744.8,-37694.97,33512043.73
5906,6504527.0,1867169.92,3253973.74,1603977.63,201280148.07,13688426.16,2646865.14,6413965.79,-21291.82,237237761.62
5907,6504527.0,1056522.13,518562.26,7556487.3,11100416.81,8876905.49,1909586.0,3217047.22,0.0,40740054.21
5908,6504527.0,1663094.92,784300.46,0.0,399325.83,9343730.22,1883573.96,1673848.65,-156697.91,22095703.13
5909,6504527.0,1857321.81,1735099.08,0.0,57568908.91,12274575.29,2548821.83,3781303.36,-19684.92,86250872.35
5910,6504527.0,2395421.54,1464465.48,0.0,1095398.04,15326957.26,3107708.56,3586597.69,-80340.2,33400735.37
5911,6504527.0,1152934.07,1123866.2,0.0,40484715.85,8199025.83,1771042.63,3434473.23,-96617.65,62573967.17
5912,6504527.0,1223708.83,727406.11,7174042.39,3537539.44,11478944.53,2484432.33,4121389.83,0.0,37251990.47
5913,6504527.0,1737720.36,764661.04,0.0,146750.72,12224375.9,2477514.53,2205905.73,0.0,26061455.28
5914,6504527.0,2956833.63,1671792.62,0.0,2034433.75,23003274.83,4639020.67,4148278.07,0.0,44958160.57
5915,6504527.0,551423.79,348952.7,15396451.55,15757987.13,5514237.93,1053655.02,2807234.32,0.0,47934469.44
5916,6504527.0,622434.1,350651.55,27134431.19,11328517.1,6224340.98,1094356.34,2738405.82,0.0,55997664.08
5917,6504527.0,960200.19,959643.03,0.0,48285757.74,7424096.76,1606955.06,3365404.0,-236677.79,68869905.98
5918,6504527.0,1681605.18,1459804.54,0.0,912080.21,14632178.45,3055380.6,5168791.49,-23416.65,33390950.83
5919,6504527.0,1662481.09,763864.32,0.0,2233741.05,13679099.81,2831339.68,4313871.8,0.0,31988924.75
5920,6504527.0,4180974.33,3245138.57,0.0,7546028.92,31610967.21,6369621.41,6060799.03,-9477.41,65508579.06
5921,6504527.0,1388509.28,1862557.42,0.0,136586019.47,5761007.67,1261708.59,4423080.14,-86006.75,157701402.82
5922,6504527.0,967514.11,1572381.34,69348574.17,67154467.65,9667046.05,1937719.31,4678494.76,0.0,161830724.38
5923,6504527.0,656644.22,773465.85,0.0,36539920.28,4997520.1,1035800.4,3028796.85,-78217.48,53458457.21
5924,6504527.0,1454343.12,471191.18,0.0,200887.44,9968521.75,2218970.13,2402082.72,0.0,23220523.35
5925,6504527.0,2949293.01,2539774.64,5768636.54,136151.36,25382694.42,5191773.99,5534624.43,0.0,54007475.39
5926,6504527.0,844065.27,474454.27,0.0,6832592.61,8440652.73,1846631.02,3116395.08,0.0,28059317.98
5927,6504527.0,4581303.64,2644594.2,2443852.24,955411.44,33403645.69,6672612.75,5419684.72,0.0,62625631.68
5928,6504527.0,2398113.46,1561211.68,0.0,562512.05,16183402.64,3204330.43,3221595.74,-66125.58,33569567.42
5929,6504527.0,2330894.47,1746164.0,0.0,1936166.95,17164139.59,3616359.28,4876382.98,-4586.68,38170047.59
5930,6504527.0,3144894.97,2475113.6,641309.39,1605739.98,24590239.78,4877637.06,5448015.92,0.0,49287477.7
5931,6504527.0,3526798.03,1873287.49,0.0,227113.75,19367034.8,3877492.31,3702360.36,-69963.76,39008649.99
5932,6504527.0,1413876.24,1753494.09,0.0,65414229.22,12223944.84,2432672.22,5305876.49,-97591.41,94951028.69
5933,6504527.0,2832033.28,1989597.29,0.0,1670801.36,19867732.82,3833670.89,4558664.66,-14584.74,41242442.55
5934,6504527.0,2272853.33,1168346.82,0.0,808432.61,12038048.04,2348275.29,1682261.78,-42217.56,26780527.31
5935,6504527.0,1356313.07,435327.34,0.0,132833.81,6027495.27,1216689.02,854947.67,-169966.38,16358166.8
5936,6504527.0,1353403.71,1340053.73,0.0,77379503.7,6225825.84,1264821.73,3329249.39,-52809.99,97344575.1
5937,6504527.0,1804589.04,1161175.76,0.0,139781.04,12300052.18,2514205.15,2609929.24,-71850.17,26962409.25
5938,6504527.0,1947324.82,1115538.57,0.0,0.0,11561804.31,2390998.87,2392428.82,-40641.86,25871980.52
5939,6504527.0,1187198.59,638479.9,0.0,1345676.33,10854847.77,2269719.44,3059186.95,0.0,25859635.98
5940,6504527.0,2717624.1,2014220.28,0.0,2215106.69,19713797.08,3952286.62,5279950.06,0.0,42397511.84
5941,6504527.0,1342975.65,452296.04,0.0,220190.17,9814060.21,2155663.04,2152260.71,0.0,22641972.83
5942,6504527.0,3524360.8,2552555.35,1029140.97,1236980.75,25153958.02,5104581.05,6060455.57,0.0,51166559.52
5943,6504527.0,1277881.01,970008.8,0.0,0.0,10107994.99,2019910.82,3068922.18,-40790.7,23908454.09
5944,6504527.0,863635.78,1365053.7,34899313.29,61139411.85,8636357.8,1675420.39,4841983.6,-35627.21,119890076.2
5945,6504527.0,1620210.49,3310461.84,4932040.6,225159064.66,12498318.91,2882118.3,6605067.8,0.0,263511809.59
5946,6504527.0,2887305.19,2182216.4,0.0,899017.16,21676986.87,4444407.44,5105350.92,0.0,43699810.98
5947,6504527.0,2408354.82,3228185.96,10270559.57,152828753.62,18731627.88,3726497.48,5422528.43,-55451.14,203065583.64
5948,6504527.0,1014350.27,672125.93,22022796.49,10216583.28,10143502.74,2051237.74,3846008.13,0.0,56471131.59
5949,6504527.0,2446863.39,1577905.04,0.0,1175974.63,22390097.6,4733089.6,5844112.73,0.0,44672570.01
5950,6504527.0,2639741.8,1689882.69,4922746.33,258574.51,23828346.46,5002655.0,5667620.27,0.0,50514094.06
5951,6504527.0,1411877.94,1108204.64,0.0,0.0,11573981.34,2239491.38,3904411.33,-49193.5,26693300.13
5952,6504527.0,2102385.19,1218562.82,0.0,1081496.72,12638312.65,2501511.47,3234227.33,-57047.59,29223975.59
5953,6504527.0,2630675.73,1767453.69,0.0,451677.49,24235470.11,4900435.11,5557294.05,0.0,46047533.19
5954,6504527.0,1018305.18,542277.76,6657021.58,8690367.58,9348934.08,2066324.83,3065995.88,0.0,37893753.91
5955,6504527.0,1364398.72,1439263.64,0.0,15557939.95,12573718.77,2718908.55,6001693.49,0.0,46160450.12
5956,6504527.0,1767236.52,1280016.01,0.0,1161814.81,12606019.53,2692802.62,3919695.96,0.0,29932112.44
5957,6504527.0,2605657.64,2139060.57,0.0,358823.01,21388149.49,4336219.89,5750556.11,-2727.98,43080265.72
5958,6504527.0,986546.83,1104619.48,41732431.55,8252851.17,9865468.26,1994050.31,4339030.96,0.0,74779525.56
5959,6504527.0,2691116.8,1538804.38,0.0,1737217.03,16093419.24,3314777.57,3244741.33,-94030.6,35030572.76
5960,6504527.0,2446242.79,1893222.94,0.0,104376.41,19120512.61,4044633.16,4607985.82,-22447.82,38699052.91
5961,6504527.0,766932.94,454435.78,7848775.64,15105429.6,7579885.28,1703984.83,3088158.21,0.0,43052129.28
5962,6504527.0,2373388.28,1322668.93,0.0,143108.57,18543376.89,3807819.02,3382784.13,0.0,36077672.82
5963,6504527.0,1667858.82,1185821.15,0.0,0.0,11880362.44,2460782.69,4977536.04,-2215.1,28674673.04
5964,6504527.0,2628428.42,1931861.82,0.0,1097304.42,19597721.18,3898855.49,4237248.61,-39201.47,39856745.46
5965,6504527.0,4062310.19,2404250.83,0.0,657725.36,24128328.46,4930529.19,5053310.81,-19908.59,47721073.24
5966,6504527.0,1108394.25,455588.85,0.0,1266961.42,8556420.5,1634006.31,2504394.82,0.0,22030293.16
5967,6504527.0,1973923.07,1096681.12,0.0,817963.28,16698461.16,3556459.09,3492796.89,0.0,34140811.61
5968,6504527.0,2014195.8,1204228.2,0.0,614226.6,13022867.37,2665537.28,2904196.13,-103516.69,28826261.68
5969,6504527.0,1295525.69,543466.18,0.0,0.0,9716827.28,2083359.47,1887503.71,0.0,22031209.33
5970,6504527.0,2530042.31,2195705.65,0.0,361090.25,22023973.35,4630590.36,5961559.07,-20039.16,44187448.83
5971,6504527.0,1392132.74,550277.52,0.0,180166.61,7245615.91,1488599.11,1195384.96,-178666.86,18378036.98
5972,6504527.0,3708882.38,2836519.93,515035.21,3542019.78,27905508.77,5534803.77,6187803.81,0.0,56735100.64
5973,6504527.0,1721729.4,2253636.61,1358213.95,78124972.32,15110123.4,2972632.05,7088245.5,-30101.04,115103979.18
5974,6504527.0,2244498.61,1181868.7,0.0,552622.75,18548746.76,3774809.04,4339507.33,0.0,37146580.19
5975,6504527.0,876114.36,1363189.12,46339681.17,59736835.51,8573126.56,1722057.91,4850804.69,0.0,129966336.31
5976,6504527.0,1482835.16,1698414.98,5875.08,76832107.11,11195753.73,2426097.12,6054981.28,-123670.39,106076921.07
5977,6504527.0,1058883.57,1144630.41,0.0,10496302.54,9911159.76,2120756.12,5041045.77,0.0,36277305.18
5978,6504527.0,1839776.44,1299185.27,0.0,697501.74,13268406.18,2646306.11,4290510.64,-34599.48,30511613.89
5979,6504527.0,2144561.02,1058653.27,0.0,1348922.82,10157104.73,2079730.36,2271952.99,0.0,25565452.19
5980,6504527.0,3079142.58,1622630.99,0.0,1323163.51,22299117.34,4510769.22,3715549.12,0.0,43054899.75
5981,6504527.0,194561.2,0.0,0.0,0.0,928220.33,219941.18,0.0,0.0,7847249.7
5982,6504527.0,3465638.46,2494181.38,0.0,526790.3,24935838.91,4855521.62,5195816.69,-16394.27,47961920.1
5983,6504527.0,928570.97,587990.72,0.0,114293.96,6644572.74,1437458.29,2497049.72,-80691.35,18633772.04
5984,6504527.0,3484378.14,1910511.32,0.0,0.0,26130213.21,5180641.3,5218679.76,0.0,48428950.73
5985,6504527.0,2432417.57,1662675.09,0.0,502211.53,17004579.79,3391222.91,4699139.39,-44366.08,36152407.21
5986,6504527.0,1105379.54,1101475.1,0.0,6866985.27,10132907.24,2146959.72,4351681.7,0.0,32209915.57
5987,6504527.0,887513.91,1382756.05,49774917.06,59897366.04,8875139.1,1715290.97,5166384.53,-30523.25,134173371.41
5988,6504527.0,1064609.7,508055.49,0.0,4805055.57,8638275.25,1722390.47,3053827.6,0.0,26296741.08
5989,6504527.0,1653591.59,837503.36,0.0,1814376.04,14740388.17,3084061.46,3669003.07,0.0,32303450.69
5990,6504527.0,2313528.39,1736193.58,0.0,1857726.52,17249270.26,3559863.88,4782643.78,-5580.91,37998172.51
5991,6504527.0,3133172.28,1579865.38,0.0,1519748.07,22516838.32,4519657.43,4379506.13,0.0,44153314.62
5992,6504527.0,2035515.11,1352436.1,0.0,12504635.94,18994605.86,3968249.04,5616775.15,0.0,50976744.21
5993,6504527.0,1509285.99,2453478.28,0.0,173570532.21,8032090.64,1669075.42,5969042.57,-77281.89,199630750.23
5994,6504527.0,1355685.31,1359835.07,5798725.72,16365668.25,11684999.49,2388595.58,5840117.22,0.0,51298153.64
5995,6504527.0,2268816.44,1523813.09,0.0,2063154.94,15022195.62,3253084.38,2080273.95,-8596.06,32707269.36
5996,6504527.0,1424000.64,1529696.58,3997896.5,13436963.72,13764912.45,2800367.8,6884936.47,0.0,50343301.16
5997,6504527.0,1762780.79,1733685.62,0.0,5022174.67,16548049.88,3540202.8,6431686.25,0.0,41543107.0
5998,6504527.0,2917073.04,2124658.44,0.0,1069407.5,21561684.62,4413079.8,4329685.33,-42046.11,42878069.62
5999,6504527.0,2844807.07,1922758.98,0.0,1811154.69,19599967.27,3766128.02,4217347.76,-56209.38,40610481.41
6000,6504527.0,3088222.85,1964100.54,0.0,2959693.52,26094684.03,5400363.61,4669304.22,0.0,50680895.77
6001,6504527.0,922117.19,468584.81,0.0,17017184.62,8098920.84,1689555.98,3385567.31,0.0,38086457.75
6002,6504527.0,1015730.58,487364.93,0.0,36946.91,6517038.91,1372205.08,2101931.73,-165704.68,17870040.46
6003,6504527.0,2341284.96,977261.04,0.0,1106842.21,16448035.43,3293274.08,3732769.89,0.0,34403994.6
6004,6504527.0,928049.55,408034.38,0.0,626839.67,8135814.69,1632113.59,2318320.13,0.0,20553699.01
6005,6504527.0,2899732.35,2072858.01,0.0,975681.13,20879526.32,4235230.43,4421347.11,-25188.35,41963714.01
6006,6504527.0,1373873.12,1114829.3,0.0,248484.72,11611946.12,2361273.62,3642398.72,-50586.65,26806745.95
6007,6504527.0,2913745.78,1738146.67,0.0,543719.69,17908961.49,3502837.61,3542827.32,-60392.68,36594372.88
6008,6504527.0,3753845.77,2506734.06,0.0,2839608.28,24781047.72,4895854.51,5940059.72,-3604.46,51218072.6
6009,6504527.0,1424145.76,1257711.95,0.0,3754401.91,12175468.78,2479660.55,4673014.22,0.0,32268930.16
6010,6504527.0,3292261.13,2100898.03,0.0,690507.23,21041566.95,4218454.6,4258872.27,-12383.17,42094704.03
6011,6504527.0,3349783.78,2329074.67,0.0,1100967.69,23389667.72,4731342.82,4520231.34,-24975.55,45900619.48
6012,6504527.0,2212390.55,1425991.16,10347550.85,18066502.76,19172811.64,3976559.39,6411493.8,0.0,68117827.16
6013,6504527.0,3355335.68,2539716.56,8337505.54,1721077.93,25211313.64,5114638.27,5747572.51,0.0,58531687.13
6014,6504527.0,1156965.59,1005805.22,0.0,3515415.55,9418347.3,2015558.34,4470184.8,0.0,28086803.8
6015,6504527.0,880325.13,299722.83,0.0,6277330.31,3392825.49,820315.79,366753.55,-97617.08,18444183.02
6016,6504527.0,847180.87,169339.78,0.0,0.0,3179317.79,664854.07,353007.28,0.0,11718226.8
6017,6504527.0,1965520.81,1306514.84,0.0,1376389.01,13217527.43,2584059.03,3466617.69,-30181.38,30390974.44
6018,6504527.0,1945453.29,1016781.38,0.0,0.0,15415473.55,3142598.76,3299564.4,0.0,31324398.38
6019,6504527.0,1870298.03,2211028.64,0.0,127175417.13,10782239.75,2214004.08,5226938.37,-69430.3,155915022.7
6020,6504527.0,2172578.29,1306813.65,0.0,477924.15,19824272.75,4028451.62,5190699.09,0.0,39505266.55
6021,6504527.0,3468320.54,2751765.9,8842214.17,76988094.69,20453185.77,4057834.12,5100108.5,-1828.66,128164222.02
6022,6504527.0,823458.76,443960.18,0.0,23358.34,6862013.52,1257955.33,2155822.02,-243104.6,17827990.56
6023,6504527.0,1850785.93,1048766.19,0.0,738683.7,15240613.92,3007170.38,3113460.1,0.0,31504007.23
6024,6504527.0,3728859.15,2990696.24,1893048.48,4553578.51,29208844.12,5992930.09,5848447.68,0.0,60720931.25
6025,6504527.0,2063521.27,1874675.23,0.0,2140942.82,18962770.89,3828706.79,5875182.83,-48355.57,41201971.26
6026,6504527.0,2651915.51,1424776.22,1415853.63,482202.03,21094619.3,4329304.11,5683494.65,0.0,43586692.44
6027,6504527.0,2435953.74,1936766.76,0.0,2107145.5,19390880.85,3999541.16,5217743.17,-32767.75,41559790.43
6028,6504527.0,1294156.51,1375391.85,0.0,53721522.34,9682605.45,2076789.01,4090900.0,-102616.56,78643275.59
6029,6504527.0,2571259.15,2415902.28,9392139.2,5051108.61,23510545.34,4941861.71,5988943.91,0.0,60376287.2
6030,6504527.0,1808605.85,1680790.71,0.0,48612803.96,12709334.31,2661599.18,3654534.72,-61454.13,77570741.6
6031,6504527.0,2250616.16,1198241.01,0.0,35596.22,17702788.82,3748525.81,3451687.99,0.0,34891983.01
6032,6504527.0,2052923.37,889271.36,0.0,772108.86,9325535.13,1858407.42,1506600.53,-54171.56,22855202.1
6033,6504527.0,3059171.12,3535643.87,22491113.05,77606397.39,28079640.72,5750888.13,6269120.1,0.0,153296501.38
6034,6504527.0,2782173.92,1714905.18,0.0,1145408.13,17521736.26,3377680.25,3456046.87,-51606.81,36450870.79
6035,6504527.0,2137920.89,1498120.34,0.0,12227770.56,20402616.25,4155471.49,5798224.95,0.0,52724651.49
6036,6504527.0,2684865.75,1733616.92,0.0,1022687.77,17764455.25,3504016.61,3953336.38,-53828.59,37113677.09
6037,6504527.0,2199842.77,2421436.38,0.0,77597879.03,17553666.87,3626873.51,5581338.93,-54004.66,115431559.84
6038,6504527.0,2323460.32,1216941.09,0.0,261080.27,19138673.84,3888331.82,4876578.11,0.0,38209592.45
6039,6504527.0,4003194.67,2262598.94,0.0,617001.09,23019486.15,4605349.78,5005910.67,-52387.85,45965680.44
6040,6504527.0,893315.91,1351922.74,0.0,93197625.26,5384365.47,1284095.8,2870942.92,-171159.16,111315635.95
6041,6504527.0,1886094.75,1661804.63,0.0,162675.52,16886521.94,3530037.56,5539903.79,-32860.76,36138704.42
6042,6504527.0,2200447.2,1688903.36,0.0,818783.66,17239783.85,3503780.75,4158780.92,-43305.03,36071701.72
6043,6504527.0,2462688.61,2595902.27,4805697.47,77115944.14,19281920.56,3924450.83,5685564.09,-39624.45,122337070.5
6044,6504527.0,1980274.79,1507703.78,0.0,468953.59,15038384.4,3146945.83,5123167.22,-13469.23,33756487.38
6045,6504527.0,1449496.23,708772.25,0.0,0.0,7121719.63,1551888.15,3879772.72,-3399.72,21212776.26
6046,6504527.0,2732937.19,1418321.25,0.0,314320.88,20479028.42,4065549.38,3978920.8,0.0,39493604.92
6047,6504527.0,1847883.47,2059266.19,0.0,79252138.79,13084412.64,2698643.47,5631627.88,0.0,111078499.43
6048,6504527.0,3146811.77,2369360.96,0.0,741132.78,23709109.0,4685391.07,5503152.54,-8224.0,46651261.12
6049,6504527.0,4496299.8,2647804.72,3219641.64,1373919.34,33198406.66,6588617.08,5310982.58,0.0,63340198.81
6050,6504527.0,2747217.59,2074205.38,0.0,922771.14,21238300.83,4196765.29,4846239.16,-58790.77,42471235.62
6051,6504527.0,889528.12,515693.75,0.0,7268043.57,8733218.78,1894965.47,3320096.66,0.0,29126073.35
6052,6504527.0,960828.36,1449671.4,47827691.37,60299639.3,9317187.6,1833928.25,4779929.08,0.0,132973402.36
6053,6504527.0,2874460.53,1737261.35,0.0,1359608.87,24184695.33,4819663.72,4776659.4,0.0,46256876.2
6054,6504527.0,2235532.63,1821782.65,0.0,625109.1,18073117.93,3657277.1,5136313.54,-8635.9,38045024.06
6055,6504527.0,2424434.83,1256881.89,0.0,0.0,19593918.85,3933300.04,4565195.42,0.0,38278258.02
6056,6504527.0,1693076.32,1262474.63,0.0,58396.65,12889856.95,2675603.78,3693993.59,-26995.01,28750933.9
6057,6504527.0,3608596.35,2756054.64,0.0,4565595.31,27463607.06,5560871.85,5723464.92,-47946.42,56134770.71
6058,6504527.0,2239904.78,1124761.84,0.0,78474.28,11695907.39,2299090.92,2151658.88,-45447.52,26048877.57
6059,6504527.0,1446429.47,1037600.42,0.0,717468.2,10504143.17,2092883.86,3999468.87,-19910.77,26282610.21
6060,6504527.0,1708154.33,1360320.65,0.0,931154.01,13437777.47,2681654.86,4071522.9,0.0,30695111.2
6061,6504527.0,998155.97,740226.69,0.0,576707.39,7881685.75,1586665.46,2781510.52,-69259.51,21000219.28
6062,6504527.0,1351092.85,1784335.22,1277374.9,78471069.16,10629603.23,2290129.72,6228069.59,0.0,108536201.67
6063,6504527.0,1067876.51,573285.88,49278188.94,2203176.84,10304361.98,2064809.38,3219517.43,0.0,75215743.96
6064,6504527.0,2930240.73,1938766.7,0.0,843500.11,19724748.38,3914802.56,4222570.93,-43656.16,40035500.25
6065,6504527.0,1244232.92,1477431.5,0.0,64017417.07,9352106.77,2061865.1,4925344.76,-50065.79,89532859.34
6066,6504527.0,1468221.26,902588.41,14732162.11,743157.24,13664080.78,2953789.45,3946572.56,0.0,44915098.8
6067,6504527.0,1376401.51,1323232.43,0.0,9723225.69,11971406.91,2507511.36,4910122.14,0.0,38316427.04
6068,6504527.0,3965233.31,2335987.9,0.0,157916.34,23515296.63,4657666.36,4825907.6,-21379.04,45941156.1
6069,6504527.0,2111200.77,1368979.53,0.0,10763437.11,18951766.19,3918764.65,5146508.02,0.0,48765183.26
6070,6504527.0,830526.54,364727.73,0.0,360009.21,7045401.46,1328639.51,2217705.54,0.0,18651536.99
6071,6504527.0,2898882.82,2239923.35,2321093.39,542147.32,22358440.77,4680660.74,5464458.9,0.0,47010134.28
6072,6504527.0,2387929.86,1981680.76,0.0,995653.01,19788510.17,3949619.19,5596031.95,-5421.35,41198530.59
6073,6504527.0,1556519.72,1229414.7,0.0,247645.22,12790198.64,2638168.93,4105510.08,-54452.58,29017531.72
6074,6504527.0,1294984.51,1188600.84,0.0,41948377.61,8543538.2,1663322.86,3341577.53,-95654.96,64389273.59
6075,6504527.0,2599629.92,1505239.58,0.0,1488480.23,21749372.3,4445024.4,5143910.93,0.0,43436184.36
6076,6504527.0,4859938.57,3752569.72,7638737.62,1286960.9,37239530.48,7588941.23,5644614.12,0.0,74515819.64
6077,6504527.0,2499121.39,1784243.5,0.0,1272963.02,18054525.31,3716125.84,3957458.06,-34342.03,37754622.09
6078,6504527.0,3306187.25,1426231.39,0.0,3895408.95,20850681.63,4211182.2,5030791.04,0.0,45225009.45
6079,6504527.0,874201.26,738285.08,0.0,1140780.01,7256637.17,1495587.21,3461859.82,0.0,21471877.55
6080,6504527.0,3672433.62,2072012.45,0.0,731624.25,20762856.49,4171465.14,4100010.66,-19766.31,41995163.3
6081,6504527.0,2009412.73,1195829.94,2619463.18,13224952.58,17354540.42,3662102.61,5392153.48,0.0,51962981.95
6082,6504527.0,2742988.58,1726448.63,0.0,592397.4,17888013.01,3509550.04,3271677.09,-73935.77,36161665.99
6083,6504527.0,1798900.81,1180744.31,0.0,45908965.17,8645322.75,1749067.45,3286110.61,-122256.93,68951381.18
6084,6504527.0,1878622.96,2021932.16,0.0,100541940.35,11495452.65,2311788.38,4226196.25,-110568.37,128869891.38
6085,6504527.0,2231552.26,2027819.33,0.0,167290.86,20371564.96,4089277.68,5647134.69,-13457.1,41025709.68
6086,6504527.0,3434987.67,2238443.02,0.0,230909.54,22685061.6,4585357.33,4745459.22,-32615.92,44392129.46
6087,6504527.0,1398763.1,937302.0,36625269.76,2079313.16,13954387.82,2833994.89,4212179.99,0.0,68545737.73
6088,6504527.0,2098776.12,1198668.96,3012477.74,5660526.87,18282940.73,3619019.17,5205430.15,0.0,45582366.76
6089,6504527.0,695713.37,1132409.97,0.0,64230291.85,5552738.52,1269200.41,5474483.9,-14084.96,84845280.06
6090,6504527.0,3346920.2,3195166.81,14829634.36,6171142.04,31136832.63,6411651.83,6416971.05,0.0,78012845.92
6091,6504527.0,1524510.08,1302440.99,0.0,7987496.34,12090571.73,2587576.38,4467815.78,0.0,36464938.29
6092,6504527.0,2277756.8,2473049.94,0.0,74586312.62,17790734.99,3762895.04,5840382.09,-33135.72,113202522.77
6093,6504527.0,1022039.42,1327514.45,0.0,68419966.71,8425912.73,1832622.46,5417005.4,-177402.64,92772185.52
6094,6504527.0,3051502.11,1994131.16,0.0,323179.78,20184107.51,4088454.56,4471273.5,-30386.95,40586788.67
6095,6504527.0,3117837.04,1965671.52,0.0,128635.88,19906785.08,3995776.02,5015713.09,-26510.9,40608434.74
6096,6504527.0,1232870.75,339610.6,0.0,445397.87,4010126.47,934341.25,471789.54,-69748.07,13868915.41
6097,6504527.0,1722779.1,1649097.8,0.0,2787576.75,16393840.88,3425561.66,6032310.47,-18292.07,38497401.59
6098,6504527.0,1774681.9,600567.08,0.0,724298.19,10485394.38,2121793.38,1988418.25,0.0,24199680.19
6099,6504527.0,1408242.26,1960222.94,0.0,77523582.21,12467197.32,2480242.38,6466328.6,0.0,108810342.7
6100,6504527.0,2163369.34,1168075.48,0.0,361222.27,12070286.83,2372828.39,1741841.2,-43024.43,26339126.07
6101,6504527.0,2468804.22,2317802.47,0.0,69942239.47,17884027.79,3558249.14,5103921.48,-118726.27,107660845.3
6102,6504527.0,1358335.88,1033543.19,0.0,0.0,10811206.77,2316785.8,3556041.74,-47577.49,25532862.91
6103,6504527.0,679493.88,0.0,0.0,0.0,861777.1,343591.96,0.0,-86177.71,8303212.23
6104,6504527.0,3123594.75,2056194.66,0.0,984435.26,20903302.76,4043875.55,4396435.5,-49250.73,41963114.75
6105,6504527.0,1941532.15,2096531.52,0.0,62234323.11,15529545.42,3073090.88,5338876.11,-39989.94,96678436.26
6106,6504527.0,1175336.83,707531.97,19793804.05,3898004.0,11207113.66,2458214.67,3998757.01,0.0,49743289.19
6107,6504527.0,1300775.4,838741.91,4702466.57,4023952.03,12484508.27,2639246.16,4486792.93,0.0,36981010.26
6108,6504527.0,1769799.22,1533044.23,0.0,47132090.17,11833366.53,2274951.21,3313864.46,-121042.68,74240600.15
6109,6504527.0,1003946.27,399966.1,0.0,589558.63,8996044.44,1995312.69,2156170.45,0.0,21645525.58
6110,6504527.0,3102757.88,2261919.97,0.0,665348.55,22739074.21,4682015.98,5379623.42,-23732.42,45311534.6
6111,6504527.0,1360985.36,1403444.7,0.0,9107770.76,12850189.07,2523133.03,6170965.61,0.0,39921015.53
6112,6504527.0,2170724.7,1399938.82,0.0,10312892.86,19450643.49,4012664.31,4962748.38,0.0,48814139.58
6113,6504527.0,1002399.25,381382.22,0.0,0.0,7700098.0,1708451.34,1567049.42,0.0,18863907.23
6114,6504527.0,1228115.4,716146.89,2766944.37,582114.03,11859194.15,2621297.75,4014302.06,0.0,30292641.63
6115,6504527.0,923375.55,630215.9,0.0,136466.42,6428802.71,1389745.97,2459678.54,-13710.53,18459101.56
6116,6504527.0,1550979.14,773424.86,0.0,0.0,9147169.71,1859592.87,2230937.17,-141292.11,21925338.63
6117,6504527.0,2722835.95,1779515.91,0.0,448736.24,18413311.44,3659438.73,3031873.93,-66829.74,36493409.46
6118,6504527.0,1566319.13,858609.49,0.0,4183900.11,14921684.39,2993077.45,4441474.43,0.0,35469592.0
6119,6504527.0,2381715.16,1342983.51,0.0,488880.83,13973095.97,2774219.94,2410452.59,-59379.67,29816495.32
6120,6504527.0,2396684.75,2650062.08,6228011.27,78498804.75,19558804.98,4145228.87,5875219.16,-69936.82,125787406.03
6121,6504527.0,1695664.84,1140260.66,0.0,620233.59,12087344.16,2487598.48,3765331.37,-82487.14,28218472.96
6122,6504527.0,925281.65,870138.58,10414142.83,760867.43,8647712.98,1729202.12,4463105.26,0.0,34314977.84
6123,6504527.0,2435039.67,1831245.16,0.0,183910.4,18644361.58,3748482.18,5096658.46,-39989.13,38404235.33
6124,6504527.0,1095465.88,673511.71,5474985.44,8526574.91,10339251.69,2443108.45,3365106.37,0.0,38422531.45
6125,6504527.0,2550607.37,1519682.88,0.0,1075922.32,15744196.41,3118616.94,3055523.28,-66508.14,33502568.06
6126,6504527.0,2432648.53,945363.27,0.0,0.0,16478732.66,3283513.21,4211858.12,0.0,33856642.79
6127,6504527.0,835399.04,1124807.56,0.0,48762698.12,7222267.17,1475052.34,3792039.24,-73587.25,69643203.2
6128,6504527.0,3801288.62,2405065.99,0.0,535206.5,24203864.6,4754507.51,5085813.29,-18705.26,47271568.26
6129,6504527.0,3361812.49,2447737.36,0.0,2839379.89,24068101.88,5117584.92,4874855.33,-8367.7,49205631.16
6130,6504527.0,915268.6,254431.77,0.0,1338927.11,6345150.26,1415124.45,2489739.77,0.0,19263168.95
6131,6504527.0,1708105.82,1029746.57,0.0,423527.49,10701302.17,2259191.4,2160601.95,-47980.32,24739022.07
6132,6504527.0,612373.17,430695.85,0.0,338166.75,5233799.39,1118022.91,1849245.85,-105184.2,15981646.7
6133,6504527.0,2113166.05,752771.01,0.0,0.0,13417786.27,2825451.47,3148272.61,0.0,28761974.4
6134,6504527.0,1984399.59,1236285.32,0.0,224674.83,12807581.63,2619020.54,2600767.52,-52777.8,27924478.63
6135,6504527.0,3860576.61,2607893.51,422130.98,2304444.22,25597634.36,5324975.73,5647125.74,0.0,52269308.15
6136,6504527.0,1857118.23,878596.91,0.0,0.0,14410422.18,2989644.27,2992903.53,0.0,29633212.13
6137,6504527.0,930784.1,446108.62,0.0,10006048.13,3839465.67,836242.3,678252.13,-42145.34,23199282.63
6138,6504527.0,2305189.18,1171540.39,0.0,71554.29,17695480.51,3501199.97,3556833.66,0.0,34806325.0
6139,6504527.0,1242706.15,1677297.58,0.0,68148869.34,10560081.13,2065667.04,5763149.91,-85395.76,95876902.4
6140,6504527.0,2686816.21,2480200.87,7331849.81,5926234.33,23994919.18,4965264.75,5994345.55,0.0,59884157.7
6141,6504527.0,1940555.44,856377.82,0.0,52916.53,14515372.58,2947489.91,2947416.29,0.0,29764655.57
6142,6504527.0,3156007.11,2451782.84,2037946.87,1721781.35,24410357.14,4841969.22,5574501.69,0.0,50698873.22
6143,6504527.0,1840149.7,959204.77,0.0,637522.33,11358708.78,2338016.08,1759941.49,-184217.62,25213852.52
6144,6504527.0,1857305.98,1945569.7,0.0,67649076.73,13256345.51,2643525.28,4974919.72,-25135.2,98806134.72
6145,6504527.0,1015940.43,483171.55,28930249.28,980236.82,9382277.28,2000560.88,2946829.15,0.0,52243792.38
6146,6504527.0,2977403.22,1832354.48,0.0,789479.29,18718302.98,3736102.59,3721279.57,-50894.07,38228555.06
6147,6504527.0,1286114.32,1164761.51,0.0,7097905.05,10799597.73,2368590.14,4457824.46,0.0,33679320.21
6148,6504527.0,3937646.0,2805795.75,0.0,1502563.37,27576160.46,5732588.87,5126789.67,-4401.38,53181669.73
6149,6504527.0,878548.42,450964.19,0.0,5480734.86,8252178.06,1796481.62,3153331.29,0.0,26516765.44
6150,6504527.0,2922306.0,1746198.7,0.0,2798169.37,23904893.66,4880271.65,4591943.15,0.0,47348309.55
6151,6504527.0,2642735.45,1597342.89,0.0,1151085.02,16993790.64,3257701.78,3521820.81,-116032.02,35552971.57
6152,6504527.0,572399.94,369509.44,2418833.67,16731181.59,5723999.41,1035881.41,3171183.09,0.0,36527515.56
6153,6504527.0,1253898.06,842339.56,0.0,1212532.17,8001616.86,1740848.56,3372978.14,0.0,22928740.34
6154,6504527.0,1927099.95,824418.19,0.0,568695.83,9034075.58,1872005.44,2023674.39,-87799.12,22666697.24
6155,6504527.0,1538848.75,977468.97,0.0,5026917.62,9130365.37,1894794.18,4357213.11,0.0,29430135.01
6156,6504527.0,1323548.23,1320113.68,0.0,11341719.02,11565771.42,2500293.76,5003167.63,0.0,39559140.74
6157,6504527.0,1471606.19,1794986.05,5053961.43,76832107.11,11198510.87,2318982.89,5339631.35,-27375.04,110486937.85
6158,6504527.0,1405700.47,1638210.02,8962269.39,18039828.31,14057004.73,2891790.39,7038465.51,0.0,60537795.82
6159,6504527.0,2541730.43,1882662.12,0.0,220649.82,18836648.37,3870327.32,5542501.63,-3442.07,39395604.61
6160,6504527.0,2856371.15,2137303.24,1229968.34,8621994.39,27313614.68,5476801.19,7410480.66,0.0,61551060.66
6161,6504527.0,1436704.12,967808.16,23312810.34,1462662.21,14343449.73,2836686.85,4965759.23,0.0,55830407.64
6162,6504527.0,1234330.21,1241099.66,0.0,14452720.83,10678139.06,2172486.25,5910088.32,0.0,42193391.34
6163,6504527.0,1303258.75,924758.04,0.0,67429.09,9874556.45,2055647.72,3351439.74,-63491.13,24018125.65
6164,6504527.0,2499002.65,2445670.36,0.0,66406277.34,18744742.79,3867927.43,4852819.13,-48836.88,105272129.81
6165,6504527.0,858542.91,443694.35,0.0,7054575.29,7403882.51,1462680.08,2872313.67,0.0,26600215.81
6166,6504527.0,789935.66,421483.73,0.0,3203585.42,7691261.56,1510875.83,3193666.22,0.0,23315335.42
6167,6504527.0,2053221.23,1401276.32,8198446.29,18148428.82,18918873.92,3981926.01,6123897.95,0.0,65330597.53
6168,6504527.0,1947100.44,1292054.26,0.0,10960508.13,18500093.66,3813427.63,5440473.64,0.0,48458184.76
6169,6504527.0,1925327.55,915313.53,0.0,927978.66,14389070.87,2868629.9,2861704.61,0.0,30392552.12
6170,6504527.0,1828647.96,1145560.68,3460402.07,8937836.49,17498580.94,3542846.65,5305675.54,0.0,48224077.33
6171,6504527.0,1858605.11,1553235.74,0.0,1251880.73,15702890.93,3144539.2,4359446.07,-54006.18,34321118.6
6172,6504527.0,2130957.43,1244113.73,0.0,1454213.38,12464808.58,2578864.83,3329861.83,-17698.58,29689648.2
6173,6504527.0,1721941.49,1709719.86,0.0,72365209.65,11268909.26,2275589.62,5175747.27,-97330.0,100924314.15
6174,6504527.0,3118454.58,2191472.81,0.0,548278.68,22339942.08,4561568.5,4616961.1,-51712.31,43829492.44
6175,6504527.0,1470066.91,683308.12,0.0,240264.27,7298005.16,1467211.68,1529000.61,-48189.85,19144193.89
6176,6504527.0,1479834.67,1381816.77,0.0,7985865.35,12811003.23,2665023.94,5002490.09,0.0,37830561.06
6177,6504527.0,1748358.12,830031.85,0.0,120531.24,9244918.93,1954032.49,2024542.42,-95458.9,22331483.16
6178,6504527.0,1720611.44,1773621.22,0.0,62351825.45,13440749.3,2794320.36,4566306.5,-146938.36,93005022.9
6179,6504527.0,1250728.19,2501977.74,0.0,177911533.41,9292630.2,1944449.89,4931920.98,-220882.9,204116884.51
6180,6504527.0,2003600.34,1050385.54,0.0,430469.68,16600757.25,3496932.07,3619267.14,0.0,33705939.03
6181,6504527.0,1264001.31,1010237.65,0.0,123848.34,10498080.32,2205212.22,3254067.44,-41717.77,24818256.51
6182,6504527.0,3712266.74,2896882.84,7238826.31,3329350.65,28195963.7,5684734.97,5718803.6,0.0,63281355.82
6183,6504527.0,3215892.7,2776018.02,0.0,75950091.82,21003563.66,4258711.36,5285126.04,-21295.54,118972635.06
6184,6504527.0,892894.01,571608.41,0.0,1646174.29,5266872.09,1121775.57,3017889.68,0.0,19021741.05
6185,6504527.0,1810973.95,2285735.31,0.0,136980121.89,11394045.83,2310157.52,5306232.55,-134677.22,166457116.85
6186,6504527.0,3043217.83,2211914.85,0.0,1606074.76,22182250.18,4388591.14,5496762.09,-24105.33,45409232.52
6187,6504527.0,3378844.38,2325630.09,0.0,404193.39,23417273.19,4684336.48,5057292.0,-21723.23,45750373.3
6188,6504527.0,1230748.53,710366.89,18009477.29,6805667.25,11236382.8,2230435.26,3571338.43,0.0,50298943.45
6189,6504527.0,3443553.66,1851914.53,0.0,57104.37,25539512.94,5047848.31,5666063.5,0.0,48110524.31
6190,6504527.0,2699507.1,1414327.27,0.0,1086633.45,20382194.83,4111719.14,4134991.11,0.0,40333899.91
6191,6504527.0,2694436.73,2122344.87,0.0,69735398.06,15719951.07,2990159.37,4921112.7,-98211.74,104589718.07
6192,6504527.0,2588444.74,1526546.72,0.0,361144.14,15960559.02,3140562.48,2618493.55,-73437.33,32626840.33
6193,6504527.0,1009154.69,764943.36,0.0,1541878.6,7246167.69,1554102.4,3130932.44,0.0,21751706.19
6194,6504527.0,1424487.84,1490340.37,8200300.04,10652558.22,13653904.26,2848998.72,6306692.16,0.0,51081808.59
6195,6504527.0,1299430.22,834057.28,0.0,166104.88,8731167.12,1762831.02,3150263.51,-41466.35,22406914.68
6196,6504527.0,1701307.07,1114411.78,0.0,11295646.2,16174406.76,3386660.5,5220512.83,0.0,45397472.15
6197,6504527.0,1497276.94,865484.86,8748565.11,0.0,13567748.6,2983787.4,3866248.36,0.0,38033638.28
6198,6504527.0,2837146.78,2119375.32,0.0,689017.19,21607193.77,4457242.25,4380447.17,-53222.31,42541727.16
6199,6504527.0,958827.44,539499.18,3545154.88,3448906.55,9542552.09,1965989.22,3648488.74,0.0,30153945.1
6200,6504527.0,1658818.05,1257273.2,0.0,726344.63,12404233.61,2422482.83,5250448.26,-9349.92,30214777.68
6201,6504527.0,1883108.84,1145064.75,0.0,2974097.71,16871532.39,3492526.03,4792571.29,0.0,37663428.01
6202,6504527.0,2244083.88,1470238.34,0.0,726313.12,14824001.75,3017044.88,3351544.42,-30124.93,32107628.46
6203,6504527.0,2809618.44,2365482.31,0.0,1147657.81,23697231.54,4829921.23,5517839.76,-12802.07,46859476.02
6204,6504527.0,1454843.81,1064047.26,0.0,108056.91,11643704.78,2412774.59,3418826.87,-104317.47,26502463.75
6205,6504527.0,1392132.41,1480640.11,7081864.99,12065568.49,13364170.09,2644134.04,6254911.57,0.0,50787948.7
6206,6504527.0,1163915.57,913076.94,0.0,0.0,9409635.59,1986822.85,3295529.16,-27886.62,23245620.47
6207,6504527.0,925625.06,1071688.09,0.0,48151904.91,7183320.78,1519530.05,4112058.09,-134132.07,69334521.93
6208,6504527.0,804049.37,890630.48,0.0,35073930.31,6550169.68,1309929.29,3304194.21,-139031.41,54298398.93
6209,6504527.0,992184.68,411338.48,0.0,15486359.91,7078832.0,1685506.57,2816709.24,0.0,34975457.88
6210,6504527.0,2187486.83,1402739.47,1705942.5,7636199.89,19767742.79,3907803.83,6146961.22,0.0,49259403.52
6211,6504527.0,1900025.54,2219189.96,0.0,73218419.06,15548518.48,3034505.48,6605883.47,-63791.62,108967277.37
6212,6504527.0,2056137.6,1183074.3,0.0,154130.24,12448436.44,2598553.41,2741623.74,-67466.67,27619016.05
6213,6504527.0,3283282.21,2118996.16,0.0,725695.69,21412578.12,4310782.33,4907810.35,-27643.74,43236028.13
6214,6504527.0,1397950.0,635502.55,18023789.47,0.0,11267925.52,2462660.02,3712297.26,0.0,44004651.82
6215,6504527.0,2750768.37,2036504.69,0.0,572201.84,20723722.29,4114137.16,4149801.95,-42032.52,40809630.78
6216,6504527.0,2212583.6,1466275.85,0.0,562258.08,14982850.07,2921143.92,2688302.46,-37545.58,31300395.41
6217,6504527.0,3067831.37,2046029.27,0.0,1360106.28,20776024.17,4089608.06,4625004.75,-46803.05,42422327.85
6218,6504527.0,917031.56,640408.31,0.0,19454466.34,6478031.37,1372350.23,1150155.99,-175367.71,36341603.08
6219,6504527.0,926462.83,603036.12,0.0,0.0,6925141.17,1492985.83,2403903.84,-89477.99,18766578.81
6220,6504527.0,3048001.75,2107242.86,0.0,129113.31,21132687.63,4366486.27,4469012.27,-10170.42,41746900.67
6221,6504527.0,3655300.18,2080921.7,0.0,2258415.03,27620367.67,5621889.53,5465209.57,0.0,53206630.67
6222,6504527.0,1404059.99,1587390.08,5200887.17,16440412.88,13882855.32,2817590.08,7697577.58,0.0,55535300.11
6223,6504527.0,1415425.2,1657577.36,2335444.7,19176420.52,14030038.31,2950908.11,7463005.74,0.0,55533346.94
6224,6504527.0,1877767.17,1447948.88,0.0,1413608.3,14381686.44,3050089.69,4963863.52,-625.8,33638865.21
6225,6504527.0,3056004.87,2249389.51,0.0,1455465.53,22508004.57,4564463.82,4804190.29,-15794.79,45126250.8
6226,6504527.0,1624331.07,1583341.17,0.0,57595962.37,11401307.11,2346253.59,4252743.72,-98306.47,85210159.55
6227,6504527.0,1306579.29,1608346.4,0.0,61503264.1,10586453.41,2217787.29,4752929.51,-32711.56,88447175.44
6228,6504527.0,1355203.94,1581396.29,0.0,18301994.49,13531789.27,2720597.42,8474764.08,0.0,52470272.5
6229,6504527.0,2249839.66,2093430.06,572989.73,78065309.51,14607762.62,2903608.14,5421967.32,-82154.47,112337279.58
6230,6504527.0,1366831.83,1457317.16,0.0,12914128.35,12906883.56,2678618.24,6318229.76,0.0,44146535.88
6231,6504527.0,1540612.71,2215352.36,10475156.96,88418981.96,13773773.07,2903630.58,6494326.42,0.0,132326361.05
6232,6504527.0,454607.89,127845.73,0.0,7361315.72,1647527.72,521260.45,162979.61,-121841.5,16658222.62
6233,6504527.0,3051318.6,1713808.53,0.0,533920.02,23338916.22,4819606.58,3981983.41,0.0,43944080.37
6234,6504527.0,2163160.3,2419135.3,0.0,73861452.74,17583866.5,3599442.2,5553236.09,-23310.7,111661509.43
6235,6504527.0,1428789.42,946805.21,27284220.14,3308405.27,13790086.46,2873844.23,3939913.22,0.0,60076590.95
6236,6504527.0,1500323.84,1984989.84,0.0,77050710.04,13107611.11,2676128.36,6033986.53,-33212.07,108825064.65
6237,6504527.0,2062546.36,1730044.71,0.0,1690702.31,17198653.0,3248899.59,4943790.38,-9152.25,37370011.1
6238,6504527.0,2264509.03,1708676.24,0.0,55618961.24,13236727.51,2626267.43,3520167.98,-121352.83,85358483.6
6239,6504527.0,1115711.41,1252515.52,0.0,15834666.13,10723177.06,2322592.87,5829065.05,0.0,43582255.04
6240,6504527.0,1117922.89,1122624.92,0.0,9143729.11,9985521.36,2037514.9,5341258.86,0.0,35253099.05
6241,6504527.0,1275454.47,963897.67,0.0,592822.44,9686317.36,2086485.43,3489042.34,-26647.37,24571899.35
6242,6504527.0,1651380.55,954908.4,0.0,3937890.4,15586015.88,3219828.64,4500331.43,0.0,36354882.3
6243,6504527.0,2480831.74,1391791.63,0.0,434244.67,14358106.5,2796922.97,2315186.21,-48387.25,30233223.48
6244,6504527.0,1394517.91,1595072.86,12332235.02,17098181.48,13911201.39,2820705.6,7215765.18,0.0,62872206.44
6245,6504527.0,2747036.81,2299884.06,3429800.2,593985.96,22949616.32,4675061.49,6082758.44,0.0,49282670.28
6246,6504527.0,913542.22,470271.64,0.0,137365.13,6659618.5,1485065.65,1282111.65,-198944.43,17253557.36
6247,6504527.0,1408269.88,1562547.79,0.0,15605741.31,13788693.07,2799554.2,7685005.18,0.0,49354338.42
6248,6504527.0,2750208.0,2166788.94,0.0,1118652.54,21928807.66,4474298.38,4510824.51,-43027.48,43411079.56
6249,6504527.0,2959757.15,2763394.26,0.0,71372443.76,21682573.1,4466616.83,5329401.19,-71668.63,115007044.66
6250,6504527.0,1448001.7,1783995.31,0.0,66870751.89,12156810.81,2443358.17,5262139.19,-75909.9,96393674.19
6251,6504527.0,1419868.95,1386687.71,0.0,11041965.24,12575933.37,2624883.7,5270964.22,0.0,40824830.19
6252,6504527.0,2762987.25,2627559.13,8803927.32,8380693.77,25295783.49,5153494.21,6291433.91,0.0,65820406.08
6253,6504527.0,3357850.54,2597815.69,7363923.3,1771255.55,25806903.79,5208890.58,5636640.69,0.0,58247807.14
6254,6504527.0,2500203.15,1594960.99,0.0,1039277.4,16034306.17,3214508.79,4176679.17,-20044.91,35044417.76
6255,6504527.0,944716.89,500640.07,22208912.44,2769628.84,9126938.14,1878706.82,3074489.84,0.0,47008560.04
6256,6504527.0,2607256.84,2628407.04,0.0,72455257.79,19503390.27,3965968.87,5494703.36,-26727.03,113132784.13
6257,6504527.0,1414015.58,1244630.19,0.0,2623595.23,12041543.3,2391284.41,4761545.71,0.0,30981141.42
6258,6504527.0,2288132.02,1945101.37,0.0,140331.52,19533002.86,3841976.33,5529116.92,-13004.56,39769183.46
6259,6504527.0,1170894.34,581553.2,30231877.5,3166363.57,10378381.01,2227230.71,3382586.29,0.0,57643413.62
6260,6504527.0,1713804.38,904104.57,0.0,3349076.38,14973492.48,3166296.42,3805453.67,0.0,34416754.91
6261,6504527.0,1649713.31,1327312.47,0.0,2488348.28,12717237.29,2748758.11,4874275.88,0.0,32310172.35
6262,6504527.0,2025697.88,1145031.35,0.0,463746.16,18155627.05,3752410.02,4413748.75,0.0,36460788.23
6263,6504527.0,778874.23,2534097.64,1499179.74,217373809.68,5928982.53,1235678.49,6311846.38,-238619.12,241928376.57
6264,6504527.0,1372351.87,835480.23,0.0,739540.51,9050439.16,1920889.74,2094452.06,-81003.47,22436677.1
6265,6504527.0,2947046.13,1693946.42,0.0,0.0,17531360.05,3457170.45,3788129.34,-59189.58,35862989.81
6266,6504527.0,2098168.89,1742306.39,0.0,1534680.07,17074587.0,3380204.31,5496987.46,-19182.64,37812278.48
6267,6504527.0,1105897.08,672428.5,0.0,1315706.12,8363200.43,1793408.51,3137070.08,-177183.87,22715053.85
6268,6504527.0,1326456.24,736436.5,0.0,263366.15,8503665.9,1784937.07,1938616.27,-118998.22,20939006.92
6269,6504527.0,3757522.3,3031156.23,0.0,2522970.37,29846399.35,6266463.45,5349356.89,-17277.3,57261118.29
6270,6504527.0,735005.95,285089.16,0.0,7528184.65,5118999.1,1023589.22,2413191.98,0.0,23608587.07
6271,6504527.0,962047.53,965149.82,0.0,34351249.6,7154580.49,1472808.32,3113346.37,-99116.74,54424592.39
6272,6504527.0,1290940.71,1336687.54,0.0,52960334.26,8992203.26,1862415.02,4004196.13,-79610.14,76871693.8
6273,6504527.0,2130772.54,1508023.68,11169061.53,14180899.86,20469852.72,4174210.08,6345129.95,0.0,66482477.36
6274,6504527.0,1851371.61,761694.38,0.0,89011.48,9002007.4,1867062.32,1386617.38,-139244.0,21323047.56
6275,6504527.0,1772024.57,1572285.98,0.0,1354558.8,15668426.52,3189000.97,5825077.46,-40861.51,35845039.79
6276,6504527.0,933507.87,806981.82,0.0,206751.13,8392862.71,1834810.49,3475176.19,-34017.82,22120599.39
6277,6504527.0,2582850.76,2419654.02,5589755.84,1956412.52,23833944.85,4945490.63,6759118.8,0.0,54591754.42
6278,6504527.0,1298222.27,473090.99,0.0,228814.52,10305328.98,2181544.19,2245092.25,0.0,23236620.21
6279,6504527.0,1087896.57,616604.82,4770617.76,6487623.15,10089609.22,2244931.72,3390578.88,0.0,35192389.13
6280,6504527.0,3059937.99,2366883.67,0.0,2454515.96,23657583.54,4675265.88,5326668.23,-21155.85,48024226.42
6281,6504527.0,2040527.78,2732698.24,12276741.71,153580748.5,13017395.89,2564842.38,5639037.47,0.0,198356518.97
6282,6504527.0,2643816.32,1418606.86,56723.13,7250791.98,20361153.24,4029792.95,4945551.36,0.0,47210962.83
6283,6504527.0,2739030.13,2324948.01,0.0,1213912.01,23439753.97,4989502.86,5522681.65,-33219.53,46701136.1
6284,6504527.0,3839815.62,2538033.47,0.0,1585969.48,25320373.51,5102373.29,4920681.34,-49447.18,49762326.54
6285,6504527.0,2700147.33,1459966.53,0.0,0.0,21624765.34,4405980.45,4779401.28,0.0,41474787.92
6286,6504527.0,1185182.26,661213.09,0.0,329163.12,7205569.09,1415870.98,1689107.8,-63191.9,18927441.44
6287,6504527.0,2511833.46,1575436.34,0.0,0.0,16260938.66,3275675.06,3633231.23,-50657.53,33710984.22
6288,6504527.0,1439062.54,1546128.2,0.0,13073312.71,13854157.76,2885088.26,6298191.66,0.0,45600468.14
6289,6504527.0,1935071.12,1184132.2,0.0,6868979.18,16950393.57,3575191.42,4610780.07,0.0,41629074.55
6290,6504527.0,2244393.32,1833213.02,0.0,747237.8,18375898.12,3793827.12,4598213.69,-10821.7,38086488.37
6291,6504527.0,2110621.31,1521551.34,9377938.25,13886322.27,20590647.71,4193646.82,6326542.3,0.0,64511797.0
6292,6504527.0,1575735.54,846099.69,0.0,8908799.85,13534286.33,2679105.88,3942368.03,0.0,37990922.32
6293,6504527.0,1994709.94,1189717.8,0.0,3442325.27,17616780.51,3654852.62,4217852.34,0.0,38620765.48
6294,6504527.0,976461.42,453382.34,20867167.57,535311.55,9408961.61,1880999.52,2726853.44,0.0,43353664.44
6295,6504527.0,2019031.49,1297041.01,0.0,7532.49,13449906.45,2746213.29,3808580.85,-48228.06,29784604.51
6296,6504527.0,4696866.03,3509947.65,19780142.59,0.0,35099476.5,7005810.38,5443825.72,0.0,82040595.87
6297,6504527.0,3794883.78,3014534.54,813692.68,1096276.14,29959000.27,6058560.99,5368216.84,0.0,56609692.24
6298,6504527.0,2822627.42,1807707.04,0.0,1883412.74,24741150.82,4953604.9,5289930.1,0.0,48002960.03
6299,6504527.0,902947.31,590312.27,0.0,41156.68,6714116.26,1493611.31,2484246.88,-82620.69,18648297.03
6300,6504527.0,2277859.02,1937079.28,0.0,1317709.38,18988241.67,4127656.63,4566752.87,0.0,39719825.84
6301,6504527.0,2023951.38,1412429.41,0.0,476068.74,14593059.57,3095504.76,3732823.94,-50821.79,31787543.01
6302,6504527.0,2081450.04,1141091.28,0.0,4193478.16,17242859.02,3593089.81,4298009.77,0.0,39054505.08
6303,6504527.0,1007505.42,1600143.27,0.0,74693591.64,9104934.82,1922803.11,6997807.59,-6144.59,101825168.27
6304,6504527.0,3741763.37,1956637.71,4822495.5,2037887.05,26374437.6,5413452.33,5967396.26,0.0,56818596.81
6305,6504527.0,1464517.21,876726.34,0.0,1674250.32,8502457.74,1745431.78,4139225.6,0.0,24907135.99
6306,6504527.0,3400565.03,2483296.5,4193019.96,848422.8,24767469.86,4989187.34,5354592.52,0.0,52541081.01
6307,6504527.0,1708003.52,1313468.76,0.0,268748.11,13265623.09,2739425.82,3563670.27,-15211.86,29348254.7
6308,6504527.0,3944632.9,2925532.33,0.0,3805410.6,28405142.08,5711044.58,5974168.73,-1476.05,57268982.17
6309,6504527.0,2752379.08,2176307.59,0.0,66265300.31,16464459.12,3189277.02,4732970.74,-94835.33,101990385.53
6310,6504527.0,2266300.11,1399926.58,0.0,100162.94,20951543.11,4176443.35,5042921.57,0.0,40441824.66
6311,6504527.0,998715.37,560840.84,25109126.35,17094049.08,8712006.36,1962703.72,3212403.27,0.0,64154372.0
6312,6504527.0,1369872.83,1050062.75,0.0,387166.18,10480380.28,2242374.5,3587770.18,-12286.63,25609867.08
6313,6504527.0,1810705.13,816619.4,0.0,554506.64,12486044.41,2534914.48,2083306.55,0.0,26790623.62
6314,6504527.0,1993471.59,978750.04,0.0,982933.81,15809346.19,3129072.55,3432824.22,0.0,32830925.4
6315,6504527.0,1079974.9,993181.66,0.0,7732368.55,8761638.27,1971149.15,4628157.05,0.0,31670996.58
6316,6504527.0,2276463.68,1207621.1,0.0,579102.64,17418685.24,3483296.6,3018451.95,0.0,34488148.21
6317,6504527.0,1729520.3,2249047.87,160707.1,133145700.25,10256197.09,2025037.6,5467624.31,-57803.32,161480558.2
6318,6504527.0,1951502.91,2059130.15,0.0,69317725.36,14673068.24,3024060.11,5142762.45,-64036.09,102608740.14
6319,6504527.0,2469038.0,1736896.31,0.0,260455.76,17936061.1,3675963.34,3190203.98,-61354.94,35711790.54
6320,6504527.0,642172.87,391468.22,0.0,13313.77,4642958.91,982629.26,1584083.65,-73319.81,14687833.88
6321,6504527.0,940627.39,694428.15,0.0,585003.36,7111756.55,1374469.63,2813882.61,-38371.78,19986322.91
6322,6504527.0,1403248.63,1428567.09,0.0,58396559.34,8899460.47,1888618.32,4347110.16,-17918.25,82850172.76
6323,6504527.0,3710970.79,2375548.96,0.0,660157.72,23870739.08,4870744.53,4988958.41,-22877.44,46958769.05
6324,6504527.0,593507.53,0.0,0.0,0.0,716938.89,324385.09,0.0,-71693.89,8067664.62
6325,6504527.0,1363103.84,1440840.44,0.0,10461443.81,13019122.68,2559743.92,6320403.94,0.0,41669185.62
6326,6504527.0,1849703.66,1443360.53,0.0,552432.89,14800350.16,3031006.28,4746490.7,-46075.87,32881795.35
6327,6504527.0,1825239.78,1610719.63,0.0,2824950.33,16052341.2,3389474.54,5910298.7,-27541.69,38090009.47
6328,6504527.0,1011839.21,467515.57,0.0,1692644.82,8845706.08,1844949.71,3333968.11,0.0,23701150.5
6329,6504527.0,3269030.6,2121416.94,0.0,604454.13,21638179.59,4400466.63,4125548.09,-49259.96,42614363.02
6330,6504527.0,2715423.73,1561699.84,0.0,4605149.3,22036291.3,4363096.35,5242307.69,0.0,47028495.2
6331,6504527.0,3058370.33,2026006.65,0.0,1362971.27,20600810.04,4075527.84,4536069.73,-49353.13,42114929.73
6332,6504527.0,912989.21,677152.03,0.0,181147.58,8243595.18,1670040.86,2322758.06,-153903.5,20358306.42
6333,6504527.0,2270088.55,1314276.6,0.0,6787897.85,19432096.36,3921319.96,4605665.07,0.0,44835871.39
6334,6504527.0,1378123.22,1482636.48,0.0,14087135.68,13007891.02,2540948.8,6703050.83,0.0,45704313.03
6335,6504527.0,1969387.66,1246389.58,0.0,877565.76,12754730.75,2598831.1,3641401.94,-39374.18,29553459.62
6336,6504527.0,1554689.5,1054489.38,0.0,0.0,10983972.79,2322836.55,3143668.81,-43907.9,25520276.13
6337,6504527.0,1971903.82,2000965.27,0.0,64201185.19,15076648.76,3069056.95,5208861.16,-118612.58,97914535.57
6338,6504527.0,2641029.44,2296211.7,6877117.68,258941.05,22866401.1,4709794.48,6507461.9,0.0,52661484.36
6339,6504527.0,1582638.3,977807.35,0.0,5414467.26,9053802.5,1960827.23,3700917.11,0.0,29194986.74
6340,6504527.0,1295196.43,854096.41,0.0,9147719.53,7261247.48,1593414.71,4996273.43,0.0,31652474.99
6341,6504527.0,1417835.32,1554586.69,2817184.94,14678153.55,13814406.48,2789621.24,6820071.82,0.0,50396387.03
6342,6504527.0,2595133.62,1335683.9,0.0,0.0,20090038.78,4116870.49,4633475.81,0.0,39275729.6
6343,6504527.0,1624922.06,1258071.17,0.0,0.0,12775474.14,2538964.34,4468937.1,-19476.24,29151419.58
6344,6504527.0,2608097.52,1528650.57,0.0,314762.33,15831859.5,3409788.48,2816365.6,-57804.96,32956246.04
6345,6504527.0,1222641.27,881227.65,0.0,36594.56,9311997.57,2034639.62,3183392.48,-50230.26,23124789.88
6346,6504527.0,4058133.89,3246723.13,2866384.2,1673256.38,32040432.9,6802352.12,6420565.77,0.0,63612375.4
6347,6504527.0,3531939.89,1963759.33,0.0,2898633.81,19250816.34,3879415.38,4040339.91,0.0,42069431.66
6348,6504527.0,1496469.29,1907619.44,0.0,73857919.27,12395566.61,2571825.41,5231451.3,0.0,103965378.34
6349,6504527.0,1346504.24,1003071.75,0.0,1279323.69,9572436.66,2135113.37,3833734.45,0.0,25674711.15
6350,6504527.0,2194920.63,2190866.47,0.0,61264050.63,16846294.86,3270360.35,4213496.14,-77680.6,96406835.49
6351,6504527.0,1232114.93,1250681.94,0.0,11635613.56,11115666.35,2250019.46,5462018.78,0.0,39450642.02
6352,6504527.0,2104034.47,1946120.79,0.0,5846630.39,19337925.9,4048322.23,5599527.47,-56026.22,45331062.03
6353,6504527.0,2061977.03,841425.48,0.0,6517248.91,14668490.19,3041112.35,3945031.36,0.0,37579812.32
6354,6504527.0,2940882.6,1697818.8,0.0,1962.31,18066791.42,3644911.29,3418322.14,-108932.88,36166282.68
6355,6504527.0,1181889.93,1204466.63,0.0,13596951.95,10131140.19,2143347.59,5660805.19,0.0,40423128.48
6356,6504527.0,1301153.28,1482914.22,0.0,18828063.75,12153944.12,2555347.58,6454546.37,0.0,49280496.32
6357,6504527.0,3425574.96,2470943.22,4467184.59,2774361.58,24402882.72,4793411.66,5242537.56,0.0,54081423.29
6358,6504527.0,2170747.48,1022879.99,0.0,1348936.35,14563454.31,3028374.97,2375580.99,0.0,31014501.09
6359,6504527.0,820152.79,850117.66,0.0,38014888.79,5708740.46,1205299.78,3371255.75,-111617.92,56363364.31
6360,6504527.0,2751204.15,2424438.11,4869947.35,1136391.88,23971639.53,4943036.17,6685017.7,0.0,53286201.89
6361,6504527.0,1642850.33,1509652.59,0.0,815437.29,15039432.7,3122623.27,5603274.09,-15521.04,34222276.23
6362,6504527.0,2771397.17,2185960.43,6006388.04,12496994.76,27239777.17,5407544.27,7487938.61,0.0,70100527.47
6363,6504527.0,1953386.35,1671679.22,0.0,220496.15,17029422.92,3200167.03,5194173.07,-37129.81,35736721.93
6364,6504527.0,3671241.04,2274803.99,0.0,729384.81,22799060.46,4476095.36,4784500.8,-10116.75,45229496.72
6365,6504527.0,2640782.5,2142396.1,0.0,64005862.05,16934858.96,3260546.77,4463551.41,-142414.97,99810109.81
6366,6504527.0,2056121.18,1789876.25,0.0,53410.38,17998878.28,3755485.43,5036505.01,-11127.01,37183676.52
6367,6504527.0,2045428.71,1138536.27,0.0,729883.92,12432516.69,2594109.12,2378709.16,-115143.55,27708567.33
6368,6504527.0,1487640.79,1172535.85,18048794.3,11382076.18,14876407.88,3048099.47,5411318.45,0.0,61931399.92
6369,6504527.0,1354932.67,1508577.91,0.0,17525814.16,12991942.87,2692071.12,7154630.84,0.0,49732496.58
6370,6504527.0,1504147.25,896459.32,14179815.91,150307.58,13821933.0,2948430.32,3823272.2,0.0,43828892.59
6371,6504527.0,2876747.7,1389948.97,0.0,4197483.17,20042849.04,4016790.2,4484964.4,0.0,43513310.47
6372,6504527.0,1143819.71,1154798.45,0.0,16862991.05,9209072.32,1968042.56,6174102.88,0.0,43017353.96
6373,6504527.0,2946673.25,1597062.54,0.0,409809.08,16541300.69,3331221.19,3067671.75,-62789.51,34335475.99
6374,6504527.0,829278.75,368007.7,0.0,10929900.44,4256417.46,871415.11,762793.16,-162699.36,24359640.26
6375,6504527.0,1320022.45,1155775.68,0.0,3844643.8,10951591.34,2314232.3,4405748.95,0.0,30496541.51
6376,6504527.0,1913861.48,1391837.69,0.0,131924.39,14568404.17,2944327.29,3820174.61,-66043.21,31209013.42
6377,6504527.0,1005901.13,844979.8,0.0,5533975.18,7662333.32,1603702.36,4478583.54,0.0,27634002.34
6378,6504527.0,1376034.16,838419.61,6633453.25,1045356.89,13104825.38,2687424.56,4510588.36,0.0,36700629.23
6379,6504527.0,1483502.64,851179.79,5324323.08,573208.14,13235690.86,2784082.33,4165326.92,0.0,34921840.75
6380,6504527.0,1521372.48,1284297.49,0.0,206788.24,13015915.51,2620185.51,5028600.32,-19007.74,30162678.82
6381,6504527.0,1330204.34,1148839.68,0.0,947724.61,11315729.14,2197717.83,4822572.89,-11613.73,28255701.77
6382,6504527.0,856914.41,1316372.17,43215819.79,59335392.82,8040203.09,1747079.48,4060702.51,0.0,125077011.28
6383,6504527.0,543980.67,161186.14,0.0,1393377.04,4404556.69,882906.05,1564139.6,0.0,15454673.19
6384,6504527.0,700581.22,275397.38,0.0,0.0,4955176.59,1164320.47,867760.17,-220120.28,14247642.55
6385,6504527.0,2158114.31,3773036.74,13491854.38,227351231.92,16789920.04,3697335.92,6059762.77,0.0,279825783.08
6386,6504527.0,1791177.91,995889.24,0.0,1411280.34,16033419.68,3416067.18,3988937.71,0.0,34141299.06
6387,6504527.0,1229195.27,735253.02,0.0,1078377.06,7588805.47,1598297.76,2421049.26,-47939.04,21107565.79
6388,6504527.0,2001879.91,1294232.87,0.0,13217664.32,18290036.25,3681868.43,5570528.99,0.0,50560737.77
6389,6504527.0,2511088.06,2042685.43,0.0,340563.73,20368034.14,4096875.6,5953770.56,-6706.7,41810837.84
6390,6504527.0,2089315.97,1377615.48,0.0,10411697.45,19240436.72,4003769.04,5300763.49,0.0,48928125.15
6391,6504527.0,3966935.41,2896279.36,10600783.97,7100546.77,28222545.67,5639739.7,5654527.43,0.0,70585885.29
6392,6504527.0,1925245.14,1021055.91,0.0,2154089.21,15815871.14,3165528.73,3673184.5,0.0,34259501.62
6393,6504527.0,1605792.91,1714613.72,0.0,60513343.56,11757127.81,2439961.2,4786272.68,-35842.61,89285796.27
6394,6504527.0,1561601.89,1034107.7,0.0,893224.07,11374411.87,2408717.77,2889047.92,-112695.91,26552942.31
6395,6504527.0,1429374.77,1212620.23,0.0,5057323.14,11534938.01,2403830.51,4329791.64,0.0,32472405.3
6396,6504527.0,1804406.31,940317.19,0.0,426012.98,10079098.64,2092433.04,2190924.65,-76053.32,23961666.49
6397,6504527.0,2571123.45,1787241.11,0.0,691250.11,17874926.76,3751136.26,4007207.58,-16773.18,37170639.09
6398,6504527.0,2672571.74,2302397.35,5832419.47,1090097.44,22830628.79,4734498.4,6468508.72,0.0,52435648.91
6399,6504527.0,1603346.42,604977.7,0.0,27470.57,7189323.23,1537780.07,1614902.69,-114148.41,18968179.27
6400,6504527.0,1945499.83,1349151.95,0.0,471770.06,13876944.83,2923108.85,5160247.68,-55981.21,32175268.98
6401,6504527.0,3659562.15,2460569.1,5914004.89,1240248.0,24465093.14,4823060.9,5202535.98,0.0,54269601.16
6402,6504527.0,1408526.49,1549550.19,6827997.01,13135129.41,13913407.62,2814399.42,7180340.47,0.0,53333877.61
6403,6504527.0,2045696.12,1298819.39,0.0,854145.56,13931264.26,2777847.4,3100410.96,-103247.59,30409463.09
6404,6504527.0,1347752.6,864138.37,0.0,0.0,9478336.48,1889930.53,2604351.22,-83695.27,22605340.94
6405,6504527.0,3276312.35,2347003.79,0.0,0.0,23589167.01,4775679.89,5564873.96,-11912.91,46045651.1
6406,6504527.0,1493983.77,771809.71,16063095.54,449662.57,12589007.52,2651363.73,3785779.04,0.0,44309228.87
6407,6504527.0,1440218.67,1281780.61,0.0,3284421.45,11977897.5,2432347.3,5008223.41,0.0,31929415.93
6408,6504527.0,750181.4,419688.61,0.0,44218.17,4240152.9,897750.71,1679849.13,-4638.61,14531729.31
6409,6504527.0,1383169.24,915652.25,31065490.65,660944.23,13831692.36,2805478.03,4438997.95,0.0,61605951.71
6410,6504527.0,932183.02,1000777.17,0.0,38646354.58,6540464.75,1349848.34,3438875.1,-43293.91,58369736.05
6411,6504527.0,2729012.3,1966264.63,0.0,18813.4,19941216.77,4065246.44,4370987.95,-28176.84,39567891.64
6412,6504527.0,1346658.11,1165321.29,0.0,7345122.85,10794476.24,2362633.36,4313910.8,0.0,33832649.64
6413,6504527.0,2920939.43,1844653.07,0.0,1393539.49,19340036.24,3812955.86,3793322.34,-105369.84,39504603.59
6414,6504527.0,1099887.05,1287846.52,0.0,52406844.97,8755934.56,1943461.07,4343057.42,-99748.84,76241809.75
6415,6504527.0,440573.9,248735.49,0.0,14899313.83,4405739.02,890653.17,2591683.87,0.0,29981226.27
6416,6504527.0,2407876.3,1005789.83,0.0,1136390.85,15683789.88,3245111.66,3232518.42,0.0,33216003.94
6417,6504527.0,2162915.44,1826318.79,0.0,267745.37,18361663.86,3595049.15,5490536.94,-19744.63,38189011.93
6418,6504527.0,3311060.32,1626568.58,0.0,0.0,23290785.81,4699858.5,4618611.52,0.0,44051411.72
6419,6504527.0,2113212.99,1250561.0,0.0,8353083.75,17826881.57,3687368.8,4802601.46,0.0,44538236.58
6420,6504527.0,3079561.48,2693533.13,0.0,2485647.93,27025857.73,5238304.48,5342923.61,-61486.8,52308868.55
6421,6504527.0,1423468.89,1443968.94,0.0,16511384.69,12509302.15,2528133.49,6138376.61,0.0,47059161.77
6422,6504527.0,2494576.79,1808514.63,0.0,385342.9,18263472.9,3609562.52,3894698.34,-20904.15,36939790.93
6423,6504527.0,788611.73,1117360.74,5170610.94,52799392.68,6796073.93,1389278.41,4117290.03,-69745.86,78613399.61
6424,6504527.0,1264058.84,1037620.57,0.0,34140390.87,7982869.69,1667885.01,3196326.45,-106531.11,55687147.32
6425,6504527.0,1849519.59,1697211.19,0.0,69544102.53,12271128.58,2623401.97,5598738.18,-198147.48,99890481.57
6426,6504527.0,537963.78,443271.86,0.0,3339129.22,3796910.06,751683.27,2784541.39,0.0,18158026.59
6427,6504527.0,2277063.91,950460.99,0.0,1606127.85,14104180.26,2871154.98,2431023.67,0.0,30744538.64
6428,6504527.0,2345446.86,1478528.27,0.0,515561.62,21747579.32,4448984.08,5576766.67,0.0,42617393.83
6429,6504527.0,1053049.3,823987.46,0.0,42796600.18,4480616.36,995678.57,3873287.46,-68858.25,60458888.09
6430,6504527.0,1118803.96,612168.63,14846598.4,4728208.37,10234760.42,2215934.49,3191495.51,0.0,43452496.79
6431,6504527.0,1649414.93,947193.82,0.0,3944308.53,15244363.15,3138716.66,4494445.38,0.0,35922969.48
6432,6504527.0,2191878.91,1716080.23,0.0,1149550.62,17003112.45,3389935.87,5473877.43,-19031.56,37409930.95
6433,6504527.0,2170367.77,1157559.42,0.0,20354.89,18593170.12,3831033.71,4259938.8,0.0,36536951.72
6434,6504527.0,1349900.4,878271.55,32216486.28,10905882.0,12283060.42,2665125.84,4015657.57,0.0,70818911.05
6435,6504527.0,944207.07,558991.41,16580173.39,11014090.81,9124997.17,1872194.08,3418709.64,0.0,50017890.58
6436,6504527.0,4237064.98,3343165.31,6859305.04,3193535.66,32884308.12,6613591.84,5826419.14,0.0,69461917.1
6437,6504527.0,1692272.34,1267485.91,0.0,676535.7,13093080.0,2568229.38,4139005.15,-48754.63,29892380.86
6438,6504527.0,1518657.61,938355.54,0.0,137960.45,10030247.55,2038513.81,2263684.76,-69768.83,23362177.89
6439,6504527.0,2654323.23,2072835.31,0.0,16637.73,21140840.5,4358454.04,5095284.31,-41863.74,41801038.38
6440,6504527.0,3209451.91,1979801.43,0.0,659011.79,19989720.94,4088285.06,3723354.72,-26623.44,40127529.41
6441,6504527.0,2632779.25,1870018.75,154104.84,285075.82,18594811.01,3846470.03,5897297.89,0.0,39785084.59
6442,6504527.0,769967.38,240985.83,0.0,3914.41,3677752.9,915014.53,681530.64,0.0,12793692.69
6443,6504527.0,2491686.31,1215813.54,9180379.61,1387802.05,19021186.92,3814135.56,4457539.24,0.0,48073070.22
6444,6504527.0,2225906.45,1382629.79,0.0,1106493.72,13638215.98,2828804.61,4207648.03,0.0,31894225.58
6445,6504527.0,1266488.4,1001480.84,0.0,877043.88,9849309.84,2037478.35,4469172.09,-9689.82,25995810.58
6446,6504527.0,1822981.39,1538450.97,0.0,1132308.28,15840000.87,3284489.67,4783128.26,-67049.62,34838836.82
6447,6504527.0,1783135.18,1378829.59,0.0,928721.04,14166860.17,2862678.03,4197332.63,-46083.96,31775999.67
6448,6504527.0,3508392.02,2504015.6,0.0,578670.9,24923594.41,4961709.64,5492406.68,-2450.96,48470865.29
6449,6504527.0,1545934.53,728150.64,13582700.08,0.0,12194406.35,2590758.75,4000502.62,0.0,41146979.98
6450,6504527.0,3249736.26,1533371.25,11952489.33,0.0,22358812.53,4529491.64,5266677.74,0.0,55395105.75
6451,6504527.0,944041.39,1327766.83,24952080.15,58187380.61,8707626.25,1769086.3,4206196.87,-41281.56,106557423.82
6452,6504527.0,1778330.73,1496240.03,0.0,7909579.14,13694186.62,2892911.04,5535333.32,0.0,39811107.88
6453,6504527.0,2537076.73,902688.19,0.0,0.0,14689082.12,2951576.68,3164451.42,0.0,30749402.13
6454,6504527.0,2130702.2,1569801.2,0.0,1671021.89,15367921.96,3206520.88,4466515.17,0.0,34917010.31
6455,6504527.0,2675380.2,2075212.46,0.0,2429340.12,20474320.62,4125815.31,5031900.04,0.0,43316495.74
6456,6504527.0,2526885.32,1600031.78,1858702.09,1285185.69,22674428.79,4715805.03,6597758.26,0.0,47763323.96
6457,6504527.0,904916.34,1351024.56,13956830.39,55990309.55,9049163.39,1846925.69,4539272.28,-115651.3,94027317.89
6458,6504527.0,2175464.44,1912240.12,1746397.86,6209187.89,18032891.11,3725716.79,6235320.89,0.0,46541746.1
6459,6504527.0,1046740.58,633287.18,12261015.87,6661613.86,10300721.15,2237715.48,3417475.89,0.0,43063097.01
6460,6504527.0,3973002.26,3244175.65,10055190.05,317703.51,32324319.42,6451741.35,5502326.51,0.0,68372985.75
6461,6504527.0,1697382.38,1860040.73,0.0,63662575.1,13509508.61,2873653.64,4884038.16,-75761.9,94915963.72
6462,6504527.0,1292367.15,621769.74,9758869.09,2804100.14,10820595.71,2406062.47,3942277.07,0.0,38150568.38
6463,6504527.0,2528277.15,1873714.64,0.0,5225071.16,18126399.63,3710165.1,5401398.85,0.0,43369553.54
6464,6504527.0,3179944.26,2178298.13,0.0,1399056.36,22007020.88,4346472.48,3590859.31,-38276.79,43167901.63
6465,6504527.0,3247919.6,2302982.29,0.0,2372256.65,22980867.69,4524647.59,5167754.86,-21499.27,47079456.41
6466,6504527.0,2325003.73,1453332.23,0.0,891011.76,14711415.65,3000056.44,2995793.98,-26799.11,31854341.68
6467,6504527.0,1336277.2,1282415.02,0.0,17457231.25,10633937.68,2435697.65,5612050.81,0.0,45262136.61
6468,6504527.0,1380148.43,897134.93,0.0,126425.04,9705244.31,2039457.38,2335810.48,-77545.12,22911202.44
6469,6504527.0,1245290.64,1693168.87,0.0,71579257.73,10606314.81,2162435.12,5931438.61,-20014.19,99702418.59
6470,6504527.0,2857442.24,1811672.68,3618560.95,748698.96,24994785.34,5125264.76,5744963.49,0.0,51405915.41
6471,6504527.0,2076896.09,1121949.65,0.0,58217.21,17215442.08,3475381.17,3377067.79,0.0,33829480.99
6472,6504527.0,2357889.93,2327337.69,0.0,59053401.56,18750865.19,3875420.78,4207315.05,-100699.19,96976058.02
6473,6504527.0,4314377.37,3737039.33,8955254.62,5642290.95,36760099.95,7449724.67,6212487.36,0.0,79575801.24
6474,6504527.0,2396419.83,1362252.78,0.0,1170593.78,13980084.12,2759372.13,2615223.64,-48421.99,30740051.29
6475,6504527.0,1247973.74,746048.19,24680921.75,899694.9,12040815.43,2592075.09,4149013.38,0.0,52861069.48
6476,6504527.0,2632107.24,1736388.95,4505557.01,107373.38,24349299.64,5036634.06,5985326.28,0.0,50857213.57
6477,6504527.0,3345182.41,2245642.03,2754633.75,1125854.23,29065355.55,5934525.36,6223526.05,0.0,57199246.39
6478,6504527.0,809472.48,374646.24,0.0,19640292.18,5852698.42,1305208.44,2949698.28,0.0,37436543.05
6479,6504527.0,3373440.26,2580602.02,4147614.58,2555811.08,25426623.67,5160777.7,5725976.69,0.0,55475373.0
6480,6504527.0,3114261.43,1842206.32,0.0,383621.72,18739630.82,3977523.4,3936111.84,-36241.78,38461640.75
6481,6504527.0,1284464.13,1637673.2,0.0,68949661.62,10271766.27,2125027.72,5677302.88,-7350.07,96443072.75
6482,6504527.0,2410757.19,1436272.64,0.0,84050.47,14742789.74,2957865.5,3116644.93,-38592.42,31214315.04
6483,6504527.0,1054283.73,1323927.21,887433.23,71756076.41,7281676.97,1530512.76,5601906.45,-79985.34,95860358.42
6484,6504527.0,1263064.0,897626.2,0.0,0.0,9086192.62,1902941.67,3480629.1,-10993.06,23123987.53
6485,6504527.0,2458690.43,1237912.51,0.0,165295.15,19124915.2,3760954.29,4185022.06,0.0,37437316.65
6486,6504527.0,1749543.54,1517587.72,0.0,1121512.75,15353756.51,3147840.52,5490453.58,-25608.25,34859613.36
6487,6504527.0,1367803.19,1444351.36,0.0,11709450.73,12875919.46,2532281.62,6335806.3,0.0,42770139.66
6488,6504527.0,1688718.95,1179392.24,0.0,1991286.51,11484098.96,2375172.6,3340017.93,0.0,28563214.19
6489,6504527.0,841701.27,401082.58,0.0,65398.85,4866019.89,1065406.93,1596665.43,-86061.38,15254740.57
6490,6504527.0,1895590.45,1371107.23,0.0,1408307.43,14031380.35,2960561.54,3272151.35,-65936.49,31377688.86
6491,6504527.0,1133356.52,1527802.76,0.0,64947478.98,9652088.39,2178124.7,4879923.87,-40990.44,90782311.78
6492,6504527.0,1473603.46,1438255.69,0.0,16795827.14,12296388.34,2514002.85,5948478.43,0.0,46971082.92
6493,6504527.0,1350113.13,821527.12,35050677.57,5384338.07,12199268.77,2639976.69,4146087.06,0.0,68096515.41
6494,6504527.0,1062191.48,737175.95,52891886.28,10164282.25,10621914.8,2116239.46,4461362.13,0.0,88559579.34
6495,6504527.0,2508793.38,1601895.3,0.0,3326681.07,22649604.26,4627558.78,5841982.75,0.0,47061042.54
6496,6504527.0,1291503.55,983823.69,0.0,249868.93,9790360.49,2055524.69,3932250.78,-4448.61,24803410.52
6497,6504527.0,1985987.61,2578069.48,0.0,122051876.78,14898830.21,2984395.34,4522298.9,-74294.47,155451690.83
6498,6504527.0,1655734.06,748962.28,0.0,73443.48,11841351.52,2245028.51,2226411.68,0.0,25295458.54
6499,6504527.0,1000154.73,804692.62,0.0,0.0,8228734.43,1735692.09,3624987.0,-18180.82,21880607.06
6500,6504527.0,1066191.99,1143798.27,0.0,15395079.21,9730533.95,1938328.01,5369922.04,0.0,41148380.47
6501,6504527.0,1403348.2,1133951.0,0.0,5345490.78,10714555.31,2228291.52,4120938.59,0.0,31451102.4
6502,6504527.0,1919961.16,1017367.28,0.0,5752953.5,16526180.63,3463226.09,4183539.13,0.0,39367754.79
6503,6504527.0,2428027.19,1422025.07,0.0,205971.13,20945479.99,4389735.51,4821360.24,0.0,40717126.13
6504,6504527.0,3996107.49,1857600.13,0.0,363548.51,18897440.42,3695315.19,3361527.19,-45102.47,38630963.46
6505,6504527.0,2572776.14,2140596.68,1789713.79,76202700.68,15101275.26,3073891.53,5331289.28,-74331.87,112642438.5
6506,6504527.0,931055.81,1532510.58,0.0,68549552.43,8975224.68,1840519.49,6701398.48,-32375.5,95002412.97
6507,6504527.0,421575.13,167721.27,0.0,445188.07,2584666.09,589211.73,617322.9,-107201.43,11223010.76
6508,6504527.0,1889887.2,1607697.01,0.0,68625125.68,11310180.93,2389283.58,1995990.95,-121355.21,94201337.13
6509,6504527.0,1052606.92,1344299.72,0.0,57286770.1,8438190.25,1809404.54,4727748.8,-53951.41,81109595.92
6510,6504527.0,2111187.69,2202936.92,14257754.07,9048419.07,20930739.37,4212466.9,7429291.43,0.0,66697322.46
6511,6504527.0,2025139.37,1114828.26,0.0,8267052.19,17058613.31,3604674.9,4295194.5,0.0,42870029.52
6512,6504527.0,2605771.64,2050056.86,0.0,91154.22,20543704.66,4137976.75,4646854.05,-7683.07,40572362.1
6513,6504527.0,3185762.94,2061423.77,5171335.61,475056.46,27567466.2,5569973.94,5709206.28,0.0,56244752.21
6514,6504527.0,958382.15,445529.9,20043722.37,603677.06,9314793.82,1862279.26,2755955.35,0.0,42488866.91
6515,6504527.0,2681174.76,1473664.74,0.0,246992.58,21670448.15,4272865.5,4806958.74,0.0,41656631.47
6516,6504527.0,1456678.71,1286057.42,0.0,3564606.79,12425743.09,2601904.01,4525172.92,0.0,32364689.94
6517,6504527.0,1340279.21,2543185.63,0.0,178148436.83,9337741.82,2018332.42,5564040.24,-105350.01,205351193.14
6518,6504527.0,842082.1,1083835.49,18764008.39,57763909.9,7186122.23,1475173.97,3766057.14,-127922.67,97257793.55
6519,6504527.0,2073079.56,1788457.23,0.0,52893003.17,14094161.03,2707116.42,3750643.87,-131350.99,83679637.29
6520,6504527.0,1327684.24,1003618.04,0.0,0.0,10262138.89,2195316.7,3645029.03,-22595.85,24915718.04
6521,6504527.0,2267799.25,1774705.33,0.0,0.0,17872517.75,3709998.17,4989528.46,-12546.45,37106529.51
6522,6504527.0,2949953.68,1712307.8,0.0,640002.84,17614718.85,3469889.35,3326071.11,-56147.5,36161323.14
6523,6504527.0,1163712.25,694520.24,0.0,176318.74,7677062.89,1731976.51,2630563.82,-79703.56,20498977.88
6524,6504527.0,3547545.33,2474164.62,0.0,853627.85,24822479.58,4872119.01,5394350.89,-16868.7,48451945.58
6525,6504527.0,1708081.89,1537454.85,0.0,43085454.58,12811308.17,2667191.68,3829315.81,-151901.98,71991432.02
6526,6504527.0,4032717.32,2794590.16,21341730.21,0.0,27945901.59,5532381.61,5395411.17,0.0,73547259.07
6527,6504527.0,2821147.42,1988868.78,0.0,0.0,20157352.37,4145256.11,5205680.57,-26866.45,40795965.8
6528,6504527.0,3189849.75,3698760.17,17030294.69,153677069.11,23248005.54,4756838.29,5506316.43,-31535.56,217580125.43
6529,6504527.0,2672888.08,1638776.78,0.0,2274100.0,17355324.35,3405867.07,3776758.51,-119115.75,37509126.04
6530,6504527.0,1815876.81,800980.58,0.0,381676.37,13246813.05,2840313.51,3432394.44,0.0,29022581.77
6531,6504527.0,1626851.73,1541198.66,0.0,1150194.58,15363871.28,3174325.77,6510026.32,-37704.67,35833290.67
6532,6504527.0,1341775.58,742601.98,173857.18,77138.34,12310406.14,2644695.77,3838448.42,0.0,27633450.42
6533,6504527.0,1408033.37,1373074.91,0.0,55150057.11,8950682.65,1945727.94,4259443.96,-47583.72,79543963.22
6534,6504527.0,2419057.02,1956107.6,0.0,469179.92,19387917.46,4055823.38,5404905.09,-27.08,40197490.4
6535,6504527.0,1657374.96,1854936.69,11194908.04,82620740.33,10847503.34,2331326.54,5627024.75,0.0,122638341.65
6536,6504527.0,2069350.26,852991.04,0.0,37503.29,13566244.36,2914775.8,2464143.31,0.0,28409535.07
6537,6504527.0,2229575.28,1294764.47,0.0,692642.89,19527534.69,3941562.33,4643321.18,0.0,38833927.84
6538,6504527.0,1800686.7,1419916.75,0.0,389362.81,14467273.7,3037266.09,4238333.55,-34141.27,31823225.33
6539,6504527.0,928631.43,636884.3,0.0,751107.27,6158105.78,1347266.27,2701581.35,0.0,19028103.39
6540,6504527.0,2412721.9,1766379.02,0.0,106210.18,18154651.78,3596565.88,3853568.3,-53012.14,36341611.92
6541,6504527.0,3697114.85,2879582.13,0.0,2297334.51,28544655.84,5858391.4,5418690.36,-28167.21,55172128.89
6542,6504527.0,2683845.05,1727026.68,0.0,559887.08,24088408.14,4946579.37,6261449.38,0.0,46771722.7
6543,6504527.0,849062.39,334512.87,0.0,621711.22,6982782.45,1429024.02,2135534.25,0.0,18857154.2
6544,6504527.0,2063723.11,2016316.36,0.0,70884876.59,14538831.8,2968769.24,4954305.88,-98124.06,103833225.93
6545,6504527.0,889227.48,1314128.8,26733321.96,54161045.4,8892274.81,1722247.97,4813287.07,-74759.97,104955300.51
6546,6504527.0,2840589.06,2777276.72,15536142.67,10667748.96,26525574.0,5445017.02,6617841.01,0.0,76914716.45
6547,6504527.0,2294960.02,1102515.75,0.0,4202749.55,17177998.29,3473275.65,4370543.29,0.0,39126569.54
6548,6504527.0,962039.66,742758.06,0.0,1158924.57,6999191.63,1553558.09,3756939.29,0.0,21677938.3
6549,6504527.0,914524.81,151006.06,0.0,3994325.11,2474990.26,617358.22,248205.31,-134992.42,14769944.35
6550,6504527.0,1523670.82,1585733.57,0.0,63796827.92,10284165.81,2048176.77,5058357.24,-64389.9,90737069.24
6551,6504527.0,2613003.03,1867922.64,0.0,313364.94,18779075.19,3844408.52,3930419.89,-19503.85,37833217.37
6552,6504527.0,877923.84,457884.47,58457975.44,4589630.86,8779238.44,1722627.19,2968169.47,0.0,84357976.71
6553,6504527.0,2251594.98,1193762.89,0.0,981993.98,16353050.47,3381052.24,2447438.46,0.0,33113420.01
6554,6504527.0,1055847.94,1433369.95,0.0,62872485.14,9331053.98,2081259.88,4517957.04,-71668.33,87724832.6
6555,6504527.0,1713191.67,1317583.87,0.0,352837.56,13102166.41,2688818.95,4829005.0,0.0,30508130.47
6556,6504527.0,2385863.79,1309078.89,0.0,174356.34,19710032.54,4004612.18,4432973.21,0.0,38521443.94
6557,6504527.0,2122578.31,2098907.68,2813209.25,11253546.09,19666897.59,3951351.59,6974319.91,0.0,55385337.42
6558,6504527.0,1038657.05,550978.48,10533434.01,579738.17,10208388.3,2127773.01,3323246.05,0.0,34866742.08
6559,6504527.0,1702307.9,1261134.54,0.0,1192596.59,12475699.43,2579996.36,4942903.33,0.0,30659165.16
6560,6504527.0,1204839.63,1490834.78,0.0,60969702.75,9308136.35,2004158.58,4751448.66,-14327.22,86219320.53
6561,6504527.0,1616713.39,3476682.43,19683608.23,262734694.28,11422002.41,2350062.5,5847508.67,-192385.81,313443413.1
6562,6504527.0,1762972.45,820830.65,0.0,0.0,13114646.1,2769382.03,2455042.34,0.0,27427400.58
6563,6504527.0,432612.07,287420.13,0.0,641262.41,3877900.7,800550.83,1785155.74,-124073.79,14205355.08
6564,6504527.0,2551609.95,1500305.86,0.0,524908.94,21921253.41,4479952.95,5134258.58,0.0,42616816.69
6565,6504527.0,1975666.79,1945287.2,0.0,67543276.76,13990236.29,2914439.47,4603442.44,-69549.82,99407326.12
6566,6504527.0,1517632.52,816230.54,0.0,11578798.67,13692442.59,2831989.75,4777250.89,0.0,41718871.95
6567,6504527.0,1074453.25,671601.52,21668118.47,5594528.51,10744532.54,2083367.92,3750713.06,0.0,52091842.26
6568,6504527.0,2822311.45,2069508.76,0.0,0.0,20706571.28,4238429.02,4631668.52,-1148.37,40971867.65
6569,6504527.0,1800187.17,1685898.06,0.0,5512525.6,15851696.41,3309084.29,6839991.98,0.0,41503910.51
6570,6504527.0,3385852.13,2540850.02,0.0,1768514.47,25239160.79,5099671.23,5497620.56,-11419.71,50024776.49
6571,6504527.0,807682.54,914796.59,895945.37,48438150.46,6779560.06,1439237.74,3409164.05,-208890.94,68980172.86
6572,6504527.0,3635040.26,2490821.74,0.0,1335065.69,25550924.67,5303050.55,4235592.94,-84420.61,48970602.25
6573,6504527.0,2642832.42,3123674.99,0.0,77671132.62,24568722.78,4931124.85,7684408.52,-64940.56,127061482.64
6574,6504527.0,2965865.43,1438698.83,0.0,1995916.15,15416986.24,3161558.98,3588708.01,-130501.69,34941758.95
6575,6504527.0,1024397.83,1307349.92,17067031.3,52169311.26,9322100.81,1864709.46,4270790.05,-83025.67,93447191.96
6576,6504527.0,1627776.31,1330832.75,0.0,1081633.63,13345360.19,2769573.97,4481383.76,-13736.49,31127351.14
6577,6504527.0,1349579.92,1682345.11,0.0,71304276.23,10297471.39,2256395.83,5021099.99,0.0,98415695.47
6578,6504527.0,2068147.76,1738555.76,0.0,371601.22,17657540.02,3606891.73,3810407.42,-36767.9,35720903.0
6579,6504527.0,3318343.89,1590311.82,0.0,153190.08,22871592.51,4427539.79,5042469.98,0.0,43907975.07
6580,6504527.0,1432234.99,858148.31,0.0,5449946.4,7882702.84,1636919.02,3717921.62,0.0,27482400.18
6581,6504527.0,1535721.44,1215810.15,0.0,668465.28,12637590.59,2622248.44,4006932.36,-60567.94,29130727.32
6582,6504527.0,1232994.88,748920.88,2862287.76,940435.1,12054483.02,2682118.95,4114776.91,0.0,31140544.49
6583,6504527.0,1885824.73,2270448.38,0.0,76480894.22,15972545.37,3375058.21,6316569.6,-34626.16,112771241.35
6584,6504527.0,2003480.31,1024193.91,0.0,235735.47,16331136.86,3499753.43,3602814.63,0.0,33201641.61
6585,6504527.0,2246597.72,1300614.88,0.0,343328.64,13888165.63,2784434.53,2638151.73,-100415.48,29605404.65
6586,6504527.0,456315.35,157195.34,0.0,60474.94,2626355.81,614009.67,476875.33,-107675.66,10788077.79
6587,6504527.0,2935412.91,1596576.99,0.0,227422.26,17388559.47,3490267.06,3073737.18,-144916.79,35071586.09
6588,6504527.0,1784380.38,1042627.29,0.0,1215761.3,11743112.44,2586481.62,3009592.76,-149697.57,27736785.22
6589,6504527.0,2455548.71,1625721.57,0.0,709947.82,17104204.85,3319832.87,3615183.66,-96283.17,35238683.31
6590,6504527.0,1726251.41,815523.52,0.0,0.0,14325977.71,3092535.44,3349412.78,0.0,29814227.86
6591,6504527.0,1697543.2,1242979.13,0.0,518163.62,12242782.6,2557000.49,3855446.86,0.0,28618442.9
6592,6504527.0,1301701.02,656955.1,0.0,327829.85,11361270.79,2352772.37,3867274.91,0.0,26372331.03
6593,6504527.0,885154.03,714627.6,0.0,477971.93,7026563.82,1487279.82,3157099.87,0.0,20253224.06
6594,6504527.0,2897096.67,1877616.18,0.0,508013.75,25664734.8,5185290.98,5279238.58,0.0,47916517.96
6595,6504527.0,2195310.58,1332068.93,0.0,1002471.01,13870376.46,2826007.68,2722383.81,-66248.97,30386896.49
6596,6504527.0,1998144.1,679510.94,0.0,370845.26,7757429.07,1614413.52,1494481.36,-104599.84,20314751.39
6597,6504527.0,2432024.91,984038.19,0.0,1044490.75,16069679.23,3239857.33,3408694.96,0.0,33683312.38
6598,6504527.0,288742.97,0.0,0.0,0.0,1020421.73,229164.3,0.0,-102042.17,7940813.82
6599,6504527.0,3241356.03,2224799.08,0.0,2786258.09,28677321.33,5644231.06,4866399.42,0.0,53944892.0
6600,6504527.0,2468882.13,1836843.88,0.0,1812387.48,18212115.69,3633767.7,5397010.22,-5002.17,39860531.94
6601,6504527.0,2974685.36,2132052.45,0.0,1447611.64,21801843.28,4429893.01,4597133.92,-63144.94,43824601.72
6602,6504527.0,3181212.27,2561742.52,6824219.01,1807168.77,25438797.72,5056389.94,5613660.95,0.0,56987718.18
6603,6504527.0,2997944.02,2085429.49,0.0,963799.37,20994873.25,4248028.42,4185410.58,-23256.59,41956755.54
6604,6504527.0,1681816.51,787825.16,0.0,104112.26,10107499.66,1916122.41,1429426.31,0.0,22531329.31
6605,6504527.0,2196890.36,1291531.1,0.0,9423503.29,18827526.2,3875856.92,4686604.0,0.0,46806438.87
6606,6504527.0,1497892.05,1202673.73,0.0,14478599.52,10378356.58,2234131.13,5047006.58,0.0,41343186.59
6607,6504527.0,1717098.05,1223448.35,0.0,0.0,12354522.7,2516444.93,4270699.77,-12003.92,28574736.87
6608,6504527.0,1373963.81,1191856.89,0.0,46385526.36,9009486.35,1848245.45,3759271.98,-160639.9,69912237.94
6609,6504527.0,2839917.73,1836645.38,0.0,905656.54,24512876.01,4771522.47,4121469.74,0.0,45492614.89
6610,6504527.0,1927136.02,1654063.19,0.0,1046838.18,16540747.56,3542345.17,4581823.45,-13009.44,35784471.14
6611,6504527.0,2845989.31,1993629.84,0.0,229932.75,20081163.68,4150123.19,3459267.46,-17305.17,39247328.06
6612,6504527.0,1352912.68,1252951.37,0.0,9453735.45,10981062.44,2386382.42,4644635.76,0.0,36576207.11
6613,6504527.0,2363360.1,1249490.59,0.0,62247.92,18535098.33,3831170.66,3613225.65,0.0,36159120.25
6614,6504527.0,2213936.29,1856718.99,0.0,540392.72,19033507.88,3974245.85,4874923.56,-66607.07,38931645.21
6615,6504527.0,2443470.25,1409137.5,0.0,487198.04,14101174.93,2754485.28,2827898.12,-6009.37,30521881.76
6616,6504527.0,3072837.63,2241367.95,0.0,1595944.51,22404441.73,4673477.29,5115354.72,-15118.74,45592832.09
6617,6504527.0,1464505.2,1728281.85,0.0,22315978.42,14347268.55,2964292.37,7424939.95,0.0,56749793.33
6618,6504527.0,1536559.98,1089282.45,0.0,143937.34,11538014.27,2337834.91,3246300.26,-65711.8,26330744.41
6619,6504527.0,1199620.0,1835995.2,5759863.59,83185808.23,10699617.78,2150503.04,7029638.34,0.0,118365573.18
6620,6504527.0,1776656.27,1052985.68,0.0,463409.72,11201763.82,2345291.42,2464868.71,-79702.13,25729800.49
6621,6504527.0,2083070.81,1225761.54,0.0,812524.38,18982370.98,3993919.81,4442978.41,0.0,38045152.94
6622,6504527.0,1382457.08,1510198.95,0.0,17916337.43,12915460.31,2608307.54,7117222.6,0.0,49954510.91
6623,6504527.0,1383038.73,1499430.59,0.0,16723258.82,12876539.7,2560856.2,6537075.73,0.0,48084726.78
6624,6504527.0,2654427.37,1321776.24,0.0,147890.35,13962786.2,2752095.78,2581884.29,-75533.62,29849853.62
6625,6504527.0,2056996.24,1272139.35,0.0,7734475.85,18316453.98,3716697.41,4975632.05,0.0,44576921.88
6626,6504527.0,1261125.72,723945.81,0.0,278705.56,7234979.7,1483685.27,2553753.53,-4132.01,20036590.57
6627,6504527.0,3166150.45,1778872.71,0.0,3512370.31,24334999.09,4933222.62,4961300.0,0.0,49191442.18
6628,6504527.0,915276.56,608421.29,0.0,19659.67,7024393.01,1350776.37,1971811.29,-94156.69,18300708.49
6629,6504527.0,543853.0,96880.85,0.0,102878.18,2315735.49,506577.47,355681.72,0.0,10426133.72
6630,6504527.0,2822932.39,3024127.51,9397396.99,77213220.81,23153859.98,4847253.95,6218335.72,-7856.11,133173798.24
6631,6504527.0,1298553.81,1207274.05,0.0,40511818.77,8555980.08,1796174.52,4163837.24,-125331.3,63912834.15
6632,6504527.0,1323316.09,705819.32,7189428.33,159408.01,11932838.33,2543949.48,3678568.58,0.0,34037855.13
6633,6504527.0,1117155.17,835068.68,0.0,267047.28,8927555.17,1803552.59,2961409.36,-67558.07,22348757.19
6634,6504527.0,2134097.85,1436885.04,1463100.18,12044833.4,19985758.86,4137082.99,5915535.02,0.0,53621820.36
6635,6504527.0,1298252.48,1417026.11,0.0,17735810.91,11882872.8,2482784.88,6696822.88,0.0,48018097.06
6636,6504527.0,2557868.31,1514887.57,0.0,1381776.85,15327043.73,3223913.28,3157264.99,-36216.79,33631064.94
6637,6504527.0,3212639.92,2533053.56,7159945.48,1901135.11,25111798.44,5009834.56,5669400.41,0.0,57102334.48
6638,6504527.0,2259042.23,1129617.01,0.0,32293.62,17721577.57,3637737.06,3703225.29,0.0,34988019.77
6639,6504527.0,2847445.58,2234164.31,0.0,2512585.78,22237166.68,4562038.66,4952235.14,-36701.25,45813461.91
6640,6504527.0,1972150.15,1095391.68,0.0,484685.09,11032700.38,2233897.75,4651211.41,-19658.46,27954905.0
6641,6504527.0,2905169.49,2043356.6,0.0,1764982.35,20307535.24,3978478.27,4631317.26,-5216.87,42130149.33
6642,6504527.0,2658066.94,2392011.17,0.0,726978.3,23747441.9,4961475.3,6188468.03,-9605.31,47169363.33
6643,6504527.0,2329842.33,1081392.06,0.0,1071061.57,16807225.77,3565963.3,3742805.55,0.0,35102817.57
6644,6504527.0,2461772.75,1567499.53,0.0,458598.02,15628323.59,3149123.36,3703716.59,-12259.32,33461301.54
6645,6504527.0,2676397.54,1688767.0,0.0,1019468.36,17845982.21,3570112.43,3133892.5,-106918.62,36332228.43
6646,6504527.0,2740315.99,2063046.7,7082673.39,4129429.36,26922664.54,5349948.26,7551613.14,0.0,62344218.38
6647,6504527.0,1415454.04,1517120.54,356282.08,14370510.98,13525494.91,2798447.14,6951364.15,0.0,47439200.85
6648,6504527.0,1778460.2,1076921.11,0.0,7644614.54,16348725.78,3440020.63,4175161.46,0.0,40968430.73
6649,6504527.0,1398207.25,1119318.54,0.0,389518.11,11221827.51,2215864.25,4367438.74,-5885.38,27210816.01
6650,6504527.0,2286791.9,1414668.25,0.0,1198378.04,15123688.92,2931826.27,3291987.5,-112042.36,32639825.51
6651,6504527.0,2376986.25,1988757.36,0.0,52337.39,20158763.98,4252643.32,4668283.94,-28255.45,39974043.79
6652,6504527.0,3065261.79,2315069.22,0.0,990552.36,23095035.85,4505091.25,5393413.66,-5385.22,45863565.91
6653,6504527.0,1466642.72,885180.65,13049689.52,768417.7,13480665.79,2928813.14,3940234.82,0.0,43024171.34
6654,6504527.0,1288874.34,900908.45,0.0,88287.91,9872509.32,2045751.16,2665190.64,-87487.5,23278561.32
6655,6504527.0,2602478.97,1591022.38,2227424.69,1019370.62,22812145.59,4788185.05,5792276.9,0.0,47337431.22
6656,6504527.0,2659284.72,1891018.45,0.0,1160226.38,18982591.89,3708267.93,3990307.44,-19726.37,38876497.43
6657,6504527.0,2915088.73,2069684.18,0.0,0.0,20796694.65,4178549.1,5250999.23,-9985.29,41705557.6
6658,6504527.0,924232.68,1212325.5,25996820.79,56727064.64,7839154.47,1667198.89,3584091.72,-77292.78,104378122.9
6659,6504527.0,2245388.99,1249670.6,0.0,98604.73,19503637.58,3999279.28,4622223.86,0.0,38223332.04
6660,6504527.0,876112.5,2015842.56,5127843.75,134572461.89,8250632.21,1741133.25,6229041.91,-59833.17,165257761.89
6661,6504527.0,782431.7,0.0,0.0,0.0,1189957.91,368561.25,0.0,-118995.79,8726482.07
6662,6504527.0,1314003.75,1948433.61,5245503.43,90144764.6,10928889.34,2313585.6,6400958.05,0.0,124800665.38
6663,6504527.0,1432421.55,315110.25,0.0,154532.11,4652632.2,990643.33,640157.54,-151388.66,14538635.33
6664,6504527.0,3373285.45,2737792.37,0.0,1257042.15,27233252.15,5635197.44,5369182.27,-28199.51,52082079.33
6665,6504527.0,1987018.46,953419.33,0.0,42732.72,15556165.85,3099579.9,3157905.2,0.0,31301348.46
6666,6504527.0,3142806.98,1716619.05,0.0,757152.1,17886592.49,3524171.91,3522028.82,-78779.82,36975118.53
6667,6504527.0,2285625.49,2303072.11,432548.33,72862680.81,16674720.55,3285205.0,5191057.51,-49578.48,109489858.31
6668,6504527.0,2958920.87,1825898.43,0.0,2512368.45,24957638.2,5056698.92,5054624.25,0.0,48870676.13
6669,6504527.0,2058387.73,2067827.66,0.0,8590258.16,19626464.01,3860868.61,7237347.44,-11542.93,49934137.68
6670,6504527.0,3358876.72,2346166.09,1004904.95,0.0,23461660.91,4706067.37,5427446.82,0.0,46809649.87
6671,6504527.0,2838544.14,1914131.66,0.0,4326912.13,25467866.65,5294074.81,6019819.18,0.0,52365875.58
6672,6504527.0,925169.46,899116.6,10757841.27,2256943.83,8388266.25,1746212.21,4286481.84,0.0,35764558.46
6673,6504527.0,1318847.13,1481116.26,8395171.09,21361966.19,11985588.04,2554397.02,7419801.68,0.0,61021414.42
6674,6504527.0,3854931.71,3387918.94,12109829.38,449977.57,33712858.06,6877221.78,6739065.08,0.0,73636329.51
6675,6504527.0,1790634.08,829193.67,0.0,563073.78,13410439.98,2722822.31,2703353.44,0.0,28524044.26
6676,6504527.0,1101613.49,600484.08,7893877.72,2245823.14,10434953.99,2113230.55,3265574.03,0.0,34160084.0
6677,6504527.0,1898247.19,733575.71,0.0,2329950.36,6794323.07,1456577.13,1888677.77,0.0,21605878.23
6678,6504527.0,838477.68,1147439.91,0.0,58954645.68,6240207.64,1372753.92,5149033.98,-64798.34,80142287.48
6679,6504527.0,1657814.35,2001511.1,4208489.18,77058907.28,13699201.7,2798969.09,5880588.85,-79302.59,113730705.97
6680,6504527.0,2606584.74,1741756.77,0.0,0.0,18181508.18,3659520.47,3737477.73,-76394.05,36354980.85
6681,6504527.0,1366741.42,1261766.04,0.0,857578.27,12368772.51,2381070.48,5520587.54,-3318.93,30257724.35
6682,6504527.0,1606873.06,1800632.92,0.0,71391442.59,11784926.17,2404871.8,5616411.56,-50957.19,101058727.89
6683,6504527.0,2329732.07,1373141.95,0.0,1124791.55,14193175.82,2749585.97,2866154.06,-59552.77,31081555.64
6684,6504527.0,2673195.54,1638180.48,0.0,1760836.34,16906683.96,3184067.51,3025826.79,-72175.97,35621141.67
6685,6504527.0,2974478.74,2096421.9,0.0,1611165.12,21508175.91,4285373.87,4275674.15,-72413.89,43183402.8
6686,6504527.0,941875.52,584678.19,7731253.55,7576132.26,9418755.16,1925968.2,3697818.7,0.0,38381008.58
6687,6504527.0,2901537.66,1946321.4,0.0,1280310.87,20147970.82,3923816.07,3921567.54,-82629.9,40543421.45
6688,6504527.0,2334606.73,1544468.24,0.0,1176723.3,16285116.16,3082265.29,3670830.33,-96119.05,34502418.01
6689,6504527.0,3702046.45,2412641.79,0.0,1763363.14,24133890.9,5008926.12,5481896.14,-31886.87,48975404.67
6690,6504527.0,3206275.99,2190482.68,0.0,2482.76,22116840.33,4373837.05,5050503.24,-21228.8,43423720.25
6691,6504527.0,3403758.67,2283549.12,0.0,224239.76,23026480.57,4702292.5,5078058.59,-27387.81,45195518.4
6692,6504527.0,2080211.87,2047735.19,0.0,65903060.97,14708472.49,2858834.32,4913151.4,-63742.23,98952251.01
6693,6504527.0,2486914.67,1247242.43,0.0,164129.19,13001404.31,2553107.87,2310968.29,-58964.93,28209328.83
6694,6504527.0,1212525.77,1281907.94,0.0,12134541.96,11040146.7,2360999.28,5796900.99,0.0,40331549.64
6695,6504527.0,1598513.64,2004801.53,5363488.46,79151176.57,13415890.34,2850849.3,6064779.7,-84947.38,116869079.16
6696,6504527.0,2122214.02,1258602.18,0.0,9030973.91,18311828.03,3747391.37,4785645.34,0.0,45761181.85
6697,6504527.0,1382358.27,820545.29,26490474.5,324233.35,12998502.12,2737914.97,4156451.86,0.0,55415007.36
6698,6504527.0,3179113.9,1637302.15,0.0,0.0,23398121.46,4730672.5,4912927.2,0.0,44362664.21
6699,6504527.0,1099524.94,1408666.01,0.0,64423846.75,8755462.18,1880533.09,5686161.59,-100071.14,89658650.43
6700,6504527.0,1683068.88,897468.78,0.0,33415174.97,6952457.5,1458999.62,2873450.74,-136257.65,53648889.83
6701,6504527.0,1273642.05,1739214.72,2468116.48,77395856.99,10425658.01,2108450.98,5523447.97,-26699.74,107412214.46
6702,6504527.0,3367563.07,2619902.86,8632175.87,5382966.71,25475834.96,5154037.58,5602340.55,0.0,62739348.58
6703,6504527.0,1417116.27,835729.58,0.0,1867108.55,12852412.98,2592148.24,4404448.55,0.0,30473491.18
6704,6504527.0,2417086.54,1481979.62,0.0,240490.15,16150458.61,3234012.2,2884700.12,-134743.18,32778511.06
6705,6504527.0,1701302.3,1189289.85,0.0,462818.92,12193404.19,2472865.62,4360855.82,-33289.92,28851773.78
6706,6504527.0,1187037.21,1028081.12,0.0,48045472.45,7121217.65,1614227.33,3997933.98,-153878.19,69344618.55
6707,6504527.0,960652.89,856013.52,8615371.48,603856.52,8355474.9,1723082.88,4266478.39,0.0,31885457.59
6708,6504527.0,2179747.27,1804195.34,0.0,2286017.61,17592452.88,3683295.7,5392577.48,0.0,39442813.28
6709,6504527.0,1601955.67,528672.28,0.0,513149.15,9486285.13,1986861.38,1588499.14,0.0,22209949.75
6710,6504527.0,2861077.99,2021756.29,0.0,1686872.28,20030097.56,3838548.86,4907153.22,0.0,41850033.2
6711,6504527.0,2305000.01,1216105.08,0.0,157361.96,17880123.79,3746596.95,3442669.5,0.0,35252384.29
6712,6504527.0,1284761.46,1243078.65,5844486.25,15954818.9,10585406.78,2202833.19,5746777.44,0.0,49366689.66
6713,6504527.0,2299136.49,1482239.45,0.0,111864.28,15292794.77,3042498.31,2754947.72,-47982.41,31440025.61
6714,6504527.0,2009585.14,1291577.13,0.0,2385076.65,18761188.69,3695432.24,5382694.68,0.0,40030081.52
6715,6504527.0,3566673.58,3121624.55,0.0,76201011.26,23853176.87,4747963.79,5664752.03,0.0,123659729.07
6716,6504527.0,2994669.8,2510861.36,9382870.02,78945519.26,18024642.03,3657932.8,5730532.4,-30201.72,127721352.96
6717,6504527.0,844430.07,539510.5,11591569.82,13560125.49,8444300.69,1846998.74,3339189.21,0.0,46670651.51
6718,6504527.0,1229549.32,1496929.88,0.0,60158354.22,9998493.72,2114292.87,4642136.06,-46849.75,86097433.32
6719,6504527.0,1441678.09,805376.86,0.0,7648374.03,14019515.78,2894534.74,4349060.0,0.0,37663066.5
6720,6504527.0,3926705.85,2737433.59,7209473.54,218951.83,27348737.71,5403187.49,5409899.46,0.0,58758916.47
6721,6504527.0,4290374.48,3291757.42,0.0,5634650.22,32192794.37,6464638.19,5731048.27,-8620.2,64101169.74
6722,6504527.0,1932680.13,1521872.98,0.0,1343863.17,15061615.43,3043590.05,4708944.62,0.0,34117093.39
6723,6504527.0,2120867.9,1539532.88,0.0,31089.18,15609302.3,3113479.68,4771011.32,-22546.54,33667263.74
6724,6504527.0,1641674.13,2374675.78,0.0,189220604.54,6745660.96,1401224.5,6055554.24,-273989.24,213669931.91
6725,6504527.0,1174111.35,2751544.03,0.0,205474481.83,8037735.08,1718709.66,5687795.96,-183041.11,231165863.82
6726,6504527.0,532675.08,1774595.27,0.0,145028101.77,3434234.29,891824.21,5726097.84,-151879.0,163740176.47
6727,6504527.0,1382408.68,1497094.28,5868508.8,12166548.97,13353556.48,2628847.62,6704541.89,0.0,50106033.72
6728,6504527.0,2073527.89,1724952.8,0.0,1068371.64,17072026.04,3495973.19,4993165.79,-6717.16,36925827.18
6729,6504527.0,1056470.76,866399.83,0.0,32020031.34,6393974.15,1291370.34,2658845.34,-94541.31,50697077.45
6730,6504527.0,834200.3,565677.83,0.0,0.0,6939193.06,1404743.5,1967019.37,-128241.48,18087119.58
6731,6504527.0,1643666.13,1570723.82,0.0,45190837.03,12867611.4,2807281.64,3684669.96,-138021.41,74131295.57
6732,6504527.0,3464923.65,3569296.08,9475591.74,79272743.43,28300083.38,5624158.78,6107987.69,0.0,142319311.77
6733,6504527.0,1188643.2,1497328.24,0.0,56882245.83,10205857.79,2089231.09,5135845.57,-81431.63,83422247.11
6734,6504527.0,1355830.9,1215271.03,0.0,7838189.17,11034059.41,2378668.34,4601661.32,0.0,34928207.17
6735,6504527.0,3970045.14,2099601.69,0.0,910812.21,21341130.93,4362790.75,4109674.68,-53443.45,43245138.95
6736,6504527.0,3300158.91,1738195.61,0.0,141850.09,24354622.11,4818902.23,5118960.01,0.0,45977215.96
6737,6504527.0,2672288.39,1848418.58,0.0,0.0,18566632.72,3684840.15,5065129.11,-8244.7,38333591.25
6738,6504527.0,1550631.47,1306076.51,0.0,0.0,13109817.12,2709239.61,5154883.13,-4905.21,30330269.62
6739,6504527.0,693443.75,409312.38,0.0,8726161.22,6719502.57,1368218.79,2982042.9,0.0,27403208.61
6740,6504527.0,1887606.48,1047525.98,0.0,0.0,11246495.15,2320034.68,4293795.47,-77123.53,27222861.24
6741,6504527.0,817866.25,447402.37,0.0,102503.63,5536471.53,1167978.38,1441291.97,-107094.24,15910946.88
6742,6504527.0,1421912.78,1124828.62,0.0,3273076.29,10865622.68,2215391.95,4218312.38,0.0,29623671.69
6743,6504527.0,1936515.27,1291255.47,0.0,861733.34,13394240.6,2695800.65,3601400.19,-57495.29,30227977.22
6744,6504527.0,3609419.11,2827810.02,3937359.75,2787039.63,27828926.54,5606998.83,5934268.71,0.0,59036349.59
6745,6504527.0,3385434.06,2601569.48,0.0,2410739.33,26049509.96,5173536.1,5218891.75,-31252.86,51312954.82
6746,6504527.0,1041525.87,374072.28,0.0,161034.03,8594097.59,1833371.75,2257725.59,0.0,20766354.11
6747,6504527.0,3321282.23,2802889.43,2107326.93,1369946.35,27879186.42,5569056.59,5521112.02,0.0,55075326.98
6748,6504527.0,989680.93,2505587.15,0.0,217109805.92,5999315.2,1277722.47,6508855.45,-289330.25,240606163.88
6749,6504527.0,2158297.55,1732672.64,0.0,161660.44,17685022.51,3704117.25,5421407.38,-41805.29,37325899.48
6750,6504527.0,3062133.61,1688507.13,0.0,1128690.08,17671733.16,3508628.53,3824229.96,-91929.33,37296520.15
6751,6504527.0,2094102.9,1116304.08,0.0,893062.24,17558305.38,3540075.09,4317814.16,0.0,36024190.85
6752,6504527.0,928155.71,1017611.23,14768539.0,6767341.5,9096660.85,1857004.5,4542487.63,0.0,45482327.42
6753,6504527.0,1422744.3,976707.07,0.0,619919.7,10320641.58,1874581.44,2796079.21,-78272.02,24436928.27
6754,6504527.0,2250657.85,1594996.72,0.0,1233979.19,16171052.84,3240534.35,4026831.73,-37135.85,34985443.83
6755,6504527.0,749941.31,470961.97,0.0,0.0,5845265.94,1311606.24,1979890.56,-113564.63,16748628.39
6756,6504527.0,2878983.46,1851265.28,0.0,169087.93,25475250.5,5100733.64,5800696.36,0.0,47780544.16
6757,6504527.0,1045334.35,913340.3,0.0,3716905.36,8649960.6,1825991.37,4543767.38,0.0,27199826.37
6758,6504527.0,1666834.53,877806.94,0.0,855628.64,15361655.66,3279518.49,4127230.84,0.0,32673202.11
6759,6504527.0,1064026.32,1322628.6,0.0,61578108.34,9051371.13,2008608.82,4854676.78,-142717.96,86241229.03
6760,6504527.0,977769.78,1448134.33,31888578.15,58765604.35,9568443.27,1918341.92,5155092.73,0.0,116226491.53
6761,6504527.0,3127263.32,1998404.29,0.0,824174.41,20374098.27,4063140.07,4048906.97,-46701.72,40893812.6
6762,6504527.0,2614762.47,1518528.01,0.0,1705039.78,15344336.54,2846466.04,3520037.17,-34755.37,34018941.64
6763,6504527.0,1820555.53,1409088.26,0.0,121428.25,14313043.38,3045672.69,4321687.24,-24640.73,31511361.62
6764,6504527.0,2331422.26,2022127.47,0.0,160112.82,20295315.3,4108817.18,5669037.98,-9194.8,41082165.21
6765,6504527.0,2192161.03,1545565.16,0.0,186525.87,15745693.52,3154529.89,4763832.67,-32174.76,34060660.39
6766,6504527.0,2975459.57,1927332.48,0.0,455785.05,20194909.87,3955020.45,3989933.82,-97239.25,39905728.98
6767,6504527.0,3897314.06,3267828.44,13787877.58,720985.14,32411776.91,6465372.02,5600330.62,0.0,72656011.78
6768,6504527.0,2481755.97,2203773.4,4714284.7,455240.88,22000007.68,4533321.49,6414244.05,0.0,49307155.17
6769,6504527.0,1583827.02,1481860.45,0.0,1311838.92,15143542.92,3091570.27,5995624.44,-47830.88,35064960.14
6770,6504527.0,2090410.6,2471298.88,1746225.25,76703123.14,18142885.12,3651837.9,5859531.4,-62724.05,117107115.25
6771,6504527.0,1404711.58,1558086.19,3717484.36,14710867.5,13773142.94,2768557.74,7428008.79,0.0,51865386.11
6772,6504527.0,3294971.94,2325315.36,0.0,1053961.62,23540482.11,4579268.44,5043632.83,-40394.96,46301764.34
6773,6504527.0,2222975.25,1752242.42,0.0,819748.11,17545190.26,3578702.72,4816383.67,-11339.17,37228430.25
6774,6504527.0,1711301.04,848024.24,0.0,2089573.54,7979279.98,1638793.65,2034315.21,0.0,22805814.67
6775,6504527.0,1129108.33,408498.57,19826796.17,15131000.81,7272714.12,1593482.93,3091817.25,0.0,54957945.19
6776,6504527.0,1326759.51,708239.37,6407671.42,177919.62,11953719.45,2553066.86,3683683.85,0.0,33315587.08
6777,6504527.0,1588822.39,652101.31,0.0,50588.69,7652154.84,1649889.43,1344586.47,-114984.16,19327685.97
6778,6504527.0,1033667.21,384446.72,0.0,18417266.89,6624002.14,1540784.82,2821844.63,0.0,37326539.41
6779,6504527.0,1092744.09,1215571.77,0.0,56907043.79,7627231.25,1708850.9,4393867.44,-79589.4,79370246.83
6780,6504527.0,1306842.65,606487.67,0.0,924639.13,10635989.78,2370616.75,2912957.72,0.0,25262060.69
6781,6504527.0,2152982.67,1783106.93,0.0,1655169.37,17864204.4,3401744.54,4884948.32,-22706.33,38223976.9
6782,6504527.0,931045.83,362986.13,0.0,0.0,7445843.84,1508916.51,1833648.59,0.0,18586967.91
6783,6504527.0,3182278.67,2173342.56,0.0,2162500.99,22143985.14,4421783.06,4632862.44,-62465.26,45158814.6
6784,6504527.0,3380037.23,2289559.02,0.0,848648.12,23254367.64,4774462.24,4548725.36,-47287.67,45553038.94
6785,6504527.0,1145607.0,240835.08,0.0,26771.19,6448073.03,1380292.15,1082312.53,0.0,16828418.0
6786,6504527.0,1213660.35,869719.46,0.0,109744.96,8656628.03,1805848.88,3834553.24,0.0,22994681.92
6787,6504527.0,1955382.59,1407055.66,0.0,356163.39,14626871.1,3039594.07,3705016.09,-58421.13,31536188.77
6788,6504527.0,3099837.79,1671041.08,0.0,681801.76,17168555.52,3334461.35,3259601.23,-51932.78,35667892.94
6789,6504527.0,1492317.52,729676.62,0.0,123332.45,8496872.15,1695670.84,1304691.87,-123832.3,20223256.14
6790,6504527.0,2413121.99,1510785.76,0.0,42105022.44,11814449.08,2420803.51,2899547.61,-64922.02,69603335.39
6791,6504527.0,1128719.95,1075953.1,0.0,8955015.54,9479164.85,2131504.86,4443839.76,0.0,33718725.07
6792,6504527.0,2324815.11,2588411.8,7294484.45,76832107.11,19236430.58,3874007.0,5558488.32,-37741.26,124175530.12
6793,6504527.0,961197.69,781874.01,0.0,405275.3,8321842.62,1776197.63,3267902.99,-65290.99,21953526.26
6794,6504527.0,3121714.32,2343274.98,0.0,1765031.98,23429374.36,4644380.34,3652037.71,-42459.33,45417881.36
6795,6504527.0,1585993.25,1350726.39,0.0,86610.81,13600428.98,2794988.27,4695349.88,-9927.48,30608697.1
6796,6504527.0,3584468.67,2695764.16,1497536.71,1772817.56,26774410.38,5406945.58,5898928.44,0.0,54135398.52
6797,6504527.0,4027130.59,2848637.13,5959018.84,0.0,28486371.31,5693276.21,5682314.82,0.0,59201275.91
6798,6504527.0,2209057.78,1311585.42,0.0,644713.82,19229186.58,4074845.26,4321623.8,0.0,38295539.66
6799,6504527.0,1096581.36,537865.44,0.0,1968624.18,9764825.01,2134989.3,2960690.0,0.0,24968102.29
6800,6504527.0,1982674.18,1738796.48,0.0,71561622.49,11485695.36,2340783.99,5143108.08,-77925.54,100679282.04
6801,6504527.0,2476719.3,1698045.86,0.0,844727.1,17237077.42,3452099.6,3953145.62,-34632.9,36131709.0
6802,6504527.0,2309720.52,1787175.53,0.0,1343418.94,17449549.96,3637645.52,5266688.21,-7438.08,38291287.61
6803,6504527.0,2138850.44,1324144.0,0.0,426236.3,19940831.1,3977023.53,4667977.16,0.0,38979589.54
6804,6504527.0,2908411.99,1490801.57,0.0,243925.15,21490029.4,4415259.02,4193186.18,0.0,41246140.31
6805,6504527.0,1491502.28,3177296.77,6656023.06,249598861.87,10264595.64,2340839.2,6495631.95,-239156.82,286290120.94
6806,6504527.0,894808.52,530931.62,0.0,0.0,6780360.62,1504999.96,2411345.59,-147104.44,18479868.87
6807,6504527.0,1173862.84,713933.17,17632737.31,3074731.49,11294636.22,2505241.94,4077356.22,0.0,46977026.19
6808,6504527.0,1196291.65,1644696.33,0.0,67825910.17,10822105.87,2209347.18,5391633.48,-78927.89,95515583.8
6809,6504527.0,2894272.23,1963378.7,0.0,0.0,19638798.44,3925232.75,5595292.17,-501.14,40521000.14
6810,6504527.0,2683752.5,2305261.92,0.0,1012385.42,22842211.53,4663302.71,6568414.52,-3283.28,46576572.31
6811,6504527.0,1179468.62,1214722.3,0.0,12837737.65,10261007.11,2196961.87,5676478.04,0.0,39870902.59
6812,6504527.0,2709517.39,2042866.77,0.0,869922.22,20762788.09,4254800.88,3472880.32,-43240.92,40574061.76
6813,6504527.0,1207945.52,522966.77,0.0,103675.74,7662531.93,1693209.31,1326954.52,0.0,19021810.79
6814,6504527.0,2783759.24,2250293.09,11442935.37,12309814.66,27837592.37,5590329.92,8054576.61,0.0,76773828.26
6815,6504527.0,1261986.54,584581.65,0.0,331622.16,10439139.08,2200983.96,2767547.56,0.0,24090387.94
6816,6504527.0,1803094.37,1131901.87,0.0,9103251.57,16487110.2,3490639.48,4919682.73,0.0,43440207.22
6817,6504527.0,3380091.47,3181578.52,19282660.39,76832107.11,24790685.2,4926177.5,5243046.09,0.0,144140873.28
6818,6504527.0,1000401.71,573620.47,7971558.48,10372400.82,9473317.19,2028165.33,3315059.22,0.0,41239050.21
6819,6504527.0,3549812.27,1929641.14,0.0,90766.29,19722746.84,3937423.24,3639615.62,-45909.8,39328622.6
6820,6504527.0,1209526.54,564942.66,0.0,291907.22,10020648.69,2122054.72,2493785.58,0.0,23207392.42
6821,6504527.0,1217482.6,517934.27,0.0,283059.82,10552463.5,2300815.24,2541399.72,0.0,23917682.14
6822,6504527.0,2086575.52,1694344.75,0.0,1488787.57,17045022.53,3520924.0,4687922.76,-24409.21,37003694.93
6823,6504527.0,2384823.06,1362214.6,0.0,1922970.32,20138859.77,4147036.27,4342200.12,0.0,40802631.16
6824,6504527.0,2083820.36,1592428.63,5618744.5,0.0,15924286.26,3401387.11,6209840.64,0.0,41335034.49
6825,6504527.0,1067659.04,544824.09,23182333.25,1780944.26,10208228.55,2037037.29,3192157.85,0.0,48517711.34
6826,6504527.0,1040732.71,1105961.28,0.0,46046792.76,7124655.96,1506590.48,3565405.61,-61365.25,66833300.54
6827,6504527.0,1413367.36,921399.14,0.0,785894.82,9744359.42,2079820.05,3020843.25,-74463.97,24395747.07
6828,6504527.0,2833021.19,2182179.37,4508354.18,11865138.34,27467011.85,5631100.8,7159336.01,0.0,68150668.74
6829,6504527.0,1207209.1,1349215.36,0.0,16633033.76,11515090.35,2460414.76,6461453.01,0.0,46130943.34
6830,6504527.0,2701645.96,2475085.0,6386558.12,5911504.92,23915225.95,4958678.03,6460967.72,0.0,59314192.68
6831,6504527.0,2898853.71,2116015.26,0.0,1448976.21,21658367.51,4382133.58,4717076.39,-72134.35,43653815.3
6832,6504527.0,1055086.64,892522.69,0.0,3095626.78,8555858.65,1809270.82,4078077.57,0.0,25990970.15
6833,6504527.0,1444568.98,612875.87,0.0,176626.62,11982897.01,2486146.39,2855840.73,0.0,26063482.59
6834,6504527.0,1989078.37,1699452.76,0.0,2171691.71,16749030.96,3469316.52,6144978.39,-4257.28,38723818.45
6835,6504527.0,1810356.09,1955372.47,994259.23,77010902.71,13424173.97,2738354.57,5345427.38,-91036.62,109692336.8
6836,6504527.0,1094794.89,584999.62,0.0,329659.85,6492269.05,1287972.46,1518554.71,-67597.94,17745179.64
6837,6504527.0,1848591.16,2416707.85,2914984.64,147207657.16,11301112.75,2301164.8,5506863.67,-73003.12,179928605.91
6838,6504527.0,2012750.56,1724726.01,0.0,47718476.39,13565477.58,2554078.09,3785252.86,-110921.68,77754366.82
6839,6504527.0,2269899.85,3289900.73,19206536.42,153664214.23,19120239.57,3754780.22,5466046.12,-27143.22,213249000.91
6840,6504527.0,2153898.52,1506642.0,0.0,803731.52,15622652.73,3105238.3,3992982.86,-71922.38,33617750.55
6841,6504527.0,2663649.97,2715229.5,5638357.26,73943484.73,20533974.05,3980828.17,5368229.52,-25446.63,121322833.57
6842,6504527.0,1621650.06,1344186.66,0.0,0.0,13933687.4,2877490.16,5025300.33,-49182.08,31257659.53
6843,6504527.0,1564333.67,1401446.96,0.0,56685606.22,9173632.25,1797708.91,4725911.09,-94395.42,81758770.68
6844,6504527.0,2990307.78,1843471.36,4535179.67,10132798.94,24173389.13,4872843.02,4987804.29,0.0,60040321.19
6845,6504527.0,3656224.65,2825449.31,9580979.9,958883.43,28175029.26,5727081.94,5876633.73,0.0,63304809.22
6846,6504527.0,1984413.15,1397742.78,0.0,61720.16,15051696.19,2993659.07,3435856.63,-107862.22,31321752.76
6847,6504527.0,2605753.8,1303270.0,0.0,160608.24,19037641.93,3897563.76,3274890.19,0.0,36784254.91
6848,6504527.0,1058405.14,639433.93,15738128.97,8154625.05,10300460.81,2205101.48,3308330.28,0.0,47909012.66
6849,6504527.0,2195464.0,1002840.83,0.0,112227.8,16360145.73,3356415.86,3578959.55,0.0,33110580.77
6850,6504527.0,2340758.05,1536612.9,0.0,1211040.47,15953144.27,3157463.3,3481727.77,-74055.58,34111218.18
6851,6504527.0,2027110.42,1928750.94,0.0,62730616.86,14283192.29,2918731.5,4375796.09,-81593.47,94687131.63
6852,6504527.0,3237737.85,2275054.94,0.0,386606.48,22980483.26,4614920.92,5114055.01,-27267.44,45086118.02
6853,6504527.0,959242.39,1244186.53,14610351.55,51611794.8,8879260.83,1816110.63,3767192.1,-99091.67,89293574.15
6854,6504527.0,2826609.76,2154742.77,0.0,1982528.85,21893883.11,4273499.39,4898836.85,-59642.8,44474984.93
6855,6504527.0,1804697.92,793227.9,0.0,2007292.18,14648054.89,3041125.42,3961741.01,0.0,32760666.33
6856,6504527.0,2077345.97,1233753.05,0.0,1281222.83,18739173.57,3702883.36,5081614.83,0.0,38620520.61
6857,6504527.0,962006.54,1099885.02,0.0,45579068.09,6804133.38,1551148.71,3850043.22,0.0,66350811.95
6858,6504527.0,1226526.77,1216684.7,0.0,11397624.19,10673041.1,2402405.89,4867101.61,0.0,38287911.26
6859,6504527.0,4602483.9,3168255.72,16108985.31,1779591.46,31474081.36,6383122.97,5342873.41,0.0,75363921.14
6860,6504527.0,1417674.38,809166.18,10025626.37,62068.93,12981618.45,2852148.41,4011941.61,0.0,38664771.33
6861,6504527.0,2636928.97,1616061.9,0.0,0.0,16456948.83,3321422.37,4596930.11,-29632.98,35103186.19
6862,6504527.0,1331263.44,561675.78,0.0,381617.73,9848772.19,1941917.31,1981992.55,0.0,22551766.0
6863,6504527.0,1880622.54,2184563.88,0.0,72245766.84,15581958.04,3166431.77,5438069.2,-41312.47,106960626.8
6864,6504527.0,2387318.42,1842907.5,0.0,148008.85,18793825.66,3937441.76,5154074.27,-37701.63,38730401.84
6865,6504527.0,2695615.05,1996594.97,979398.4,2573584.18,19664490.72,4107508.8,5462182.57,0.0,43983901.68
6866,6504527.0,1098436.2,757460.79,0.0,358576.67,9072437.66,1791483.22,2695700.46,-163037.54,22115584.46
6867,6504527.0,2127163.23,1250636.03,0.0,9173664.18,18458944.31,3805583.46,4649878.32,0.0,45970396.54
6868,6504527.0,2669888.34,1692052.76,0.0,1898452.31,17319123.44,3360516.01,4128986.96,-57533.49,37516013.33
6869,6504527.0,1370500.47,1588517.05,16973644.47,17271343.77,13705004.75,2794698.27,6581186.55,0.0,66789422.33
6870,6504527.0,2169203.27,1875242.59,0.0,56241349.56,13673571.56,2665115.82,4189511.43,-23450.11,87295071.11
6871,6504527.0,1158919.57,374499.64,0.0,0.0,9049494.2,1961932.64,2177951.92,0.0,21227324.97
6872,6504527.0,854360.58,477695.5,0.0,16827527.8,8145116.51,1716209.0,3422614.52,0.0,37948050.91
6873,6504527.0,1129804.95,1233271.77,0.0,47212765.76,8086908.03,1674264.68,3623192.84,-32198.47,69432536.56
6874,6504527.0,873588.0,671737.7,0.0,0.0,7532461.62,1523560.27,2538307.34,-81508.46,19562673.48
6875,6504527.0,1215953.3,2637196.17,0.0,192869776.47,9402174.59,2027806.25,6519210.9,-282761.35,220893883.32
6876,6504527.0,584728.38,619922.92,0.0,28039443.92,4804517.71,1049711.4,2753813.98,-155816.21,44200849.1
6877,6504527.0,2537639.78,1746168.53,0.0,1901909.99,17666399.64,3509032.59,4390790.01,-41691.49,38214776.05
6878,6504527.0,2740321.25,1210265.81,0.0,2373381.4,18421339.86,3805557.99,4063162.65,0.0,39118555.96
6879,6504527.0,943734.56,469243.21,0.0,290120.89,5293429.47,1104626.14,2002028.72,-62504.0,16545206.01
6880,6504527.0,2446955.39,1668180.43,0.0,1205236.25,16995228.88,3370671.78,3654515.81,-46176.62,35799138.92
6881,6504527.0,1394706.05,928202.31,0.0,17372.57,10285474.98,2184341.08,3038817.01,-100489.16,24252951.84
6882,6504527.0,2182154.51,1432303.89,1954511.01,11857123.31,19961893.01,4188794.91,5841392.09,0.0,53922699.72
6883,6504527.0,924205.06,1395216.38,47821115.01,59795507.26,8954436.62,1778269.51,4937640.68,0.0,132110917.52
6884,6504527.0,3360916.93,2744403.6,0.0,1355594.94,27631836.54,5617438.66,5439511.11,-39589.16,52614639.61
6885,6504527.0,2703030.87,1830838.37,0.0,6413409.72,24519725.28,5059470.9,6431858.2,0.0,53462860.34
6886,6504527.0,1243311.4,799364.25,9500022.29,5184905.33,12002559.46,2609440.65,4528075.89,0.0,42372206.28
6887,6504527.0,1380863.18,1836651.59,3605005.67,82815191.1,10538545.21,2329661.57,5770577.27,0.0,114781022.58
6888,6504527.0,2596554.64,953147.87,0.0,0.0,16434238.28,3304115.7,3716750.53,0.0,33509334.01
6889,6504527.0,3350469.84,1835868.0,0.0,1901471.91,25148676.94,5016133.73,4906599.76,0.0,48663747.19
6890,6504527.0,3245949.44,2079550.57,0.0,722453.31,21255733.71,4208691.75,4328995.2,-55038.3,42290862.68
6891,6504527.0,1834137.21,758234.26,0.0,111082.01,8987927.36,1805655.23,2328019.95,-141507.26,22188075.76
6892,6504527.0,1597388.56,1004605.83,0.0,3214053.67,15430231.7,3237224.97,5103131.28,0.0,36091163.01
6893,6504527.0,1495249.91,2919761.54,17216859.71,247532612.5,7896390.75,1726061.03,6160451.6,-269419.21,291182494.83
6894,6504527.0,1155123.41,1381788.76,0.0,64559540.62,8369171.14,1833833.24,5215846.82,-73787.11,88946043.88
6895,6504527.0,1342687.92,475525.39,0.0,572057.85,5125004.84,1166434.26,713940.46,-47998.04,15852179.68
6896,6504527.0,1409229.89,1485543.44,0.0,13669062.82,13211447.98,2647926.34,6638735.29,0.0,45566472.76
6897,6504527.0,1534170.78,1677243.12,0.0,61923492.63,11330426.62,2325193.81,4724254.55,-48123.66,89971184.83
6898,6504527.0,1962991.35,1232238.82,0.0,9445372.57,18042540.91,3715582.91,5012989.46,0.0,45916243.01
6899,6504527.0,881216.87,561325.11,0.0,41674.55,6542285.86,1412013.33,1982514.79,-94137.86,17831419.66
6900,6504527.0,1263151.19,1154072.25,0.0,3650593.76,11560615.59,2408388.28,4269184.11,-64154.98,30746377.21
6901,6504527.0,1471286.24,1271388.63,0.0,1243533.09,12450343.49,2569199.47,4680406.29,0.0,30190684.22
6902,6504527.0,1885416.25,1092347.66,0.0,10648024.87,16703689.36,3542026.99,5101865.66,0.0,45477897.79
6903,6504527.0,1559910.51,880300.52,0.0,3954684.1,13811352.54,3069119.88,4123978.11,0.0,33903872.66
6904,6504527.0,2001101.1,2005324.58,116216.84,75566513.25,13645022.87,2813271.79,5822495.13,-61360.46,108413112.1
6905,6504527.0,2094788.21,1595855.96,0.0,2276321.29,15803003.18,3180151.43,4367561.04,-6678.72,35815529.39
6906,6504527.0,1906011.65,1411793.85,0.0,45922118.32,10604537.14,2281143.42,4016601.07,-86819.18,72559913.26
6907,6504527.0,1538551.15,549874.77,0.0,54316.33,9768302.69,1970606.66,1813892.63,0.0,22200071.24
6908,6504527.0,921185.76,1197645.34,0.0,53697181.87,6943225.11,1412335.17,4380700.29,-34493.85,75022306.7
6909,6504527.0,1328041.09,1136152.31,0.0,10637727.85,10117839.71,2150177.83,4684534.14,0.0,36558999.93
6910,6504527.0,1622084.33,904779.05,0.0,873154.94,15209862.84,3028226.15,4368420.08,0.0,32511054.38
6911,6504527.0,1636223.95,1235745.84,0.0,126337.66,13347244.07,2723968.09,3914030.63,-101584.7,29386492.54
6912,6504527.0,1428906.39,1437328.74,0.0,10463537.25,13173437.32,2709230.73,5392408.77,0.0,41109376.2
6913,6504527.0,2917234.43,1610697.93,0.0,244479.45,16613239.93,3268625.3,2985390.55,-52566.53,34091628.07
6914,6504527.0,1614291.31,969343.31,0.0,24319411.91,9064633.55,1845428.38,1401152.97,-159806.38,45558982.05
6915,6504527.0,1043614.2,1502638.21,10502481.57,77454089.79,7926632.26,1706598.48,5902216.56,0.0,112542798.07
6916,6504527.0,1256933.06,790514.76,1680800.32,9194913.64,11230547.5,2506667.76,4119837.99,0.0,37284742.02
6917,6504527.0,645359.81,273721.08,0.0,867922.24,5833838.17,1245690.84,2051815.56,0.0,17422874.69
6918,6504527.0,1438225.65,752744.82,0.0,1344045.25,13630774.93,2815738.76,4269071.88,0.0,30755128.29
6919,6504527.0,2108078.17,1721834.72,0.0,319609.84,17140211.54,3344515.16,4919600.51,0.0,36058376.94
6920,6504527.0,2135582.02,1457449.79,0.0,204757.43,14780659.63,3081319.85,4260323.94,-28184.9,32396434.76
6921,6504527.0,1914668.19,1381757.79,0.0,0.0,14711365.18,3074845.67,4249779.93,-89378.73,31747565.04
6922,6504527.0,3997071.69,3023435.42,13865197.16,2043203.17,30048357.41,6035649.13,5326162.26,0.0,70843603.24
6923,6504527.0,3002328.31,3284204.48,16448153.67,154082986.29,19144026.36,3945534.62,5160286.72,-50697.8,211521349.65
6924,6504527.0,1882580.91,1034708.14,0.0,245372.53,16247261.07,3471933.64,4491250.92,0.0,33877634.21
6925,6504527.0,3468071.77,2049796.4,0.0,154299.49,27512179.45,5622463.58,5484155.02,0.0,50795492.7
6926,6504527.0,2126247.13,777607.1,0.0,461304.18,12694953.17,2551675.55,2189120.0,0.0,27305434.12
6927,6504527.0,1494548.4,737470.41,0.0,565245.34,13301205.34,2689615.43,3286133.25,0.0,28578745.18
6928,6504527.0,2675564.92,1906841.22,0.0,105670.62,19202235.46,3960100.29,4098708.33,-17288.37,38436359.47
6929,6504527.0,808317.1,1213092.21,6662442.52,54377674.82,7624709.31,1432958.37,4186504.08,-64414.05,82745811.37
6930,6504527.0,670286.27,671019.33,213063.98,4985541.81,6057081.45,1369728.7,3571126.88,0.0,24042375.42
6931,6504527.0,1431754.06,767689.86,4579763.82,0.0,12589798.64,2722103.81,3846467.17,0.0,32442104.37
6932,6504527.0,2502404.46,2275162.8,3799144.7,4992807.78,21696742.92,4496906.75,7039681.64,0.0,53307378.04
6933,6504527.0,913360.69,368438.72,0.0,1676817.51,8122746.59,1720767.61,3127637.53,0.0,22434295.64
6934,6504527.0,2001007.06,1586896.88,0.0,1378933.63,16270892.02,3404002.25,4928744.25,-55395.67,36019607.43
6935,6504527.0,1856073.78,1343384.04,0.0,1721212.72,13149056.58,2751283.88,4052272.31,0.0,31377810.31
6936,6504527.0,2537630.92,1636088.67,0.0,61818.89,17285057.4,3583224.73,2808424.81,-93576.33,34323196.08
6937,6504527.0,2541661.07,1608468.13,0.0,482770.29,16325543.84,3199409.0,2852959.36,-31984.45,33483354.24
6938,6504527.0,1946118.55,1505446.16,0.0,767577.94,14872264.13,3134670.25,4462513.65,0.0,33193117.68
6939,6504527.0,1043822.75,1147396.67,0.0,58525000.06,7118468.24,1561036.72,5067407.09,-149763.95,80817894.58
6940,6504527.0,3417686.38,2338641.44,0.0,567546.91,30201724.36,6297916.1,6471319.21,0.0,55799361.38
6941,6504527.0,2734501.8,1525936.21,0.0,0.0,15919529.92,3299621.0,3077230.57,-66016.79,32995329.72
6942,6504527.0,1785938.25,1147242.7,0.0,35914677.81,9925030.44,1984374.06,2964409.29,-202941.07,60023258.49
6943,6504527.0,2594229.92,1826763.81,0.0,1418515.14,18963713.09,3879311.97,3498448.18,-85020.16,38600488.96
6944,6504527.0,3573940.97,1347676.13,0.0,0.0,20501861.27,4015782.4,4712334.02,0.0,40656121.79
6945,6504527.0,1763747.24,1947008.36,626906.43,70364800.63,12940380.17,2554853.58,5267699.87,-22577.24,101947346.03
6946,6504527.0,2461522.47,1551677.96,0.0,330422.22,15937654.38,3221821.29,2893310.86,-45239.53,32855696.65
6947,6504527.0,3658225.11,2787669.81,8684973.29,1195015.88,27642865.62,5435025.81,5383261.74,0.0,61291564.27
6948,6504527.0,2929681.02,2279527.36,13318464.43,694597.04,22733425.85,4530370.26,5494258.0,0.0,58484850.95
6949,6504527.0,2315733.42,1397856.45,0.0,208711.83,14363373.43,2804853.8,2548834.69,-40408.75,30103481.87
6950,6504527.0,3222159.27,2158339.5,0.0,0.0,22117223.02,4383882.93,4660469.06,-53382.8,42993217.96
6951,6504527.0,2433640.3,1694383.19,0.0,1053489.55,16907469.95,3469274.28,4813494.39,-8010.45,36868268.22
6952,6504527.0,2091936.71,2073440.42,0.0,72007900.17,14436273.68,3011204.01,4860629.61,-55348.41,104930563.2
6953,6504527.0,1501259.44,747659.45,0.0,828747.48,9253577.55,1943177.98,1530470.85,-184808.78,22124610.97
6954,6504527.0,3590176.23,2679868.11,0.0,306698.71,26861275.71,5568826.05,4702498.43,-13033.57,50200836.65
6955,6504527.0,1296858.06,498536.84,18863430.9,0.0,9705255.17,2042624.48,3347453.63,0.0,42258686.09
6956,6504527.0,3792086.41,3011662.87,0.0,1788676.22,29839392.24,6094521.83,5765630.51,-17939.83,56778557.26
6957,6504527.0,2343258.91,1492207.8,0.0,458977.56,15503133.74,3233882.4,2829185.78,-65945.27,32299227.93
6958,6504527.0,2308324.06,1885790.19,0.0,2048788.99,18237506.53,3800095.77,5588065.82,-6.99,40373091.37
6959,6504527.0,1369306.97,967816.19,40198742.68,5572727.87,13693069.73,2810233.83,4128348.67,0.0,75244772.95
6960,6504527.0,1619978.17,1187493.87,0.0,37471273.24,9739876.14,1978792.99,2802765.91,-156871.08,61147836.23
6961,6504527.0,780233.37,891548.34,0.0,39952828.39,5653719.13,1121144.45,3137553.98,-47071.95,57994482.71
6962,6504527.0,2408912.92,1289462.1,0.0,1441960.82,17606572.2,3630515.61,2709269.05,0.0,35591219.7
6963,6504527.0,1948116.79,2050783.86,4355054.9,76832107.11,14522077.33,2954407.98,5701029.42,-103933.88,114764170.52
6964,6504527.0,3599621.13,2415011.44,0.0,694593.38,24661893.29,5040645.71,4555942.96,-60675.67,47411559.24
6965,6504527.0,1671474.41,1846873.27,0.0,62238254.32,13115897.71,2625255.66,4877360.21,-71945.54,92807697.04
6966,6504527.0,2605146.92,2247134.99,0.0,64464708.62,17031678.62,3495976.76,4705773.28,-75017.52,100979928.68
6967,6504527.0,1375941.65,1220490.13,0.0,7597355.02,11316675.53,2363624.61,4452783.85,0.0,34831397.8
6968,6504527.0,2545882.36,1427539.56,0.0,14385.68,15343176.47,3154274.29,2736579.32,-107309.84,31619054.84
6969,6504527.0,3682089.3,1786347.35,0.0,730204.48,18351673.24,3811472.62,3239154.39,-57655.89,38047812.49
6970,6504527.0,3307443.46,2921439.74,19118682.44,750050.52,29063951.12,6004674.37,5792624.16,0.0,73463392.81
6971,6504527.0,627458.35,469357.0,67794827.95,18909996.75,6274583.48,1126321.38,2955083.58,0.0,104662155.49
6972,6504527.0,957459.57,454202.99,0.0,346388.95,9326889.48,1892046.3,2753386.36,0.0,22234900.64
6973,6504527.0,1412629.92,1885410.08,7226595.52,81476176.32,11259469.57,2363152.39,6158052.05,0.0,118286012.85
6974,6504527.0,1987715.03,1991576.4,0.0,69933805.98,14089397.4,2885308.38,4982712.65,-77837.8,102297205.03
6975,6504527.0,1099673.79,1133122.77,0.0,7201800.86,10346759.5,2158421.12,5103677.72,0.0,33547982.76
6976,6504527.0,2998296.03,1735528.36,0.0,816704.31,18068615.91,3543562.57,3254756.56,-78700.33,36843290.41
6977,6504527.0,1689594.24,909352.1,0.0,3343489.13,15246106.7,3187618.28,4443710.62,0.0,35324398.07
6978,6504527.0,1286548.77,1502541.53,0.0,62600275.64,10282805.0,2134795.62,4454766.79,-92430.7,88673829.65
6979,6504527.0,1223240.46,1204921.67,0.0,12618332.85,10288313.24,2132402.73,5667941.98,0.0,39639679.94
6980,6504527.0,2084851.62,1386412.04,0.0,172555.51,14303933.13,2869686.25,2554397.99,-45184.51,29831179.02
6981,6504527.0,2014623.96,1328389.12,0.0,0.0,13739801.2,2769119.15,5210789.6,-45591.0,31521659.02
6982,6504527.0,981938.39,662060.26,0.0,2486355.48,6074467.0,1274949.24,3977219.76,0.0,21961517.12
6983,6504527.0,2739236.84,2144738.97,0.0,3058886.19,21085212.82,4254035.09,5301678.06,-16394.05,45071920.92
6984,6504527.0,1336138.85,1010685.8,0.0,0.0,10245284.29,2253737.46,3525376.46,-13842.63,24861907.23
6985,6504527.0,1361023.9,777718.84,0.0,307480.46,8103585.05,1638041.0,2327031.36,-35298.46,20984109.15
6986,6504527.0,2249451.67,1848564.62,1092123.2,516210.81,18449231.87,3633804.98,5541544.99,0.0,39835459.15
6987,6504527.0,1928204.08,1461890.87,0.0,965889.25,14482141.58,3069605.92,5557647.07,0.0,33969905.78
6988,6504527.0,2998780.5,1968891.16,6603827.3,3874308.62,26261056.53,5500638.24,6046692.37,0.0,59758721.73
6989,6504527.0,2889949.26,1971729.4,0.0,626352.56,20295061.4,4095797.98,3784135.81,-64701.25,40102852.16
6990,6504527.0,2034049.24,967957.35,0.0,432411.96,10463081.48,2175219.08,2197475.0,-88247.74,24686473.37
6991,6504527.0,2009168.08,1563122.21,0.0,43863234.84,12125230.67,2424207.88,3200276.45,-82759.78,71607007.35
6992,6504527.0,1088955.32,615037.51,9881461.32,8775305.94,9941891.56,2086387.68,3494714.89,0.0,42388281.22
6993,6504527.0,2830261.69,2097156.41,0.0,1232247.17,20821256.41,4275647.31,4956116.74,0.0,42717212.73
6994,6504527.0,2544607.56,2175437.2,0.0,917994.55,21743265.65,4362473.93,4689658.24,-22726.36,42915237.77
6995,6504527.0,929513.61,1083460.51,35911244.61,9227393.71,9295136.06,1954561.98,4872431.41,0.0,69778268.89
6996,6504527.0,2234916.89,1323549.26,0.0,1035570.74,13545205.2,2833694.96,2508331.94,-53993.81,29931802.18
6997,6504527.0,1918551.06,936243.16,0.0,939670.93,10115948.71,2121332.32,2103278.93,-83456.8,24556095.32
6998,6504527.0,2804075.66,2712893.56,8760137.28,7477255.98,25964790.71,5260941.52,7458997.03,0.0,66943618.74
6999,6504527.0,1002320.58,390064.52,0.0,20687225.01,4262229.99,975129.4,2549713.39,-270236.94,36100972.94
7000,6504527.0,2209381.86,1229641.77,0.0,503561.69,18390815.59,3795402.69,4308359.67,0.0,36941690.27
7001,6504527.0,3676440.1,3071652.54,5843197.17,4259315.11,29881504.65,5892852.63,5508034.49,0.0,64637523.7
7002,6504527.0,1408540.48,1568627.92,11159242.39,14732031.05,13917973.77,2815965.83,7233406.77,0.0,59340315.22
7003,6504527.0,3428132.27,2025694.16,0.0,137502.66,20548331.61,4177762.66,4578252.17,-31476.27,41368726.27
7004,6504527.0,2908958.53,2558207.42,0.0,69489587.32,19914465.56,4125138.29,4764415.92,-79320.62,110185979.42
7005,6504527.0,1861402.67,978645.34,0.0,1527469.27,10272621.93,2105138.88,2349081.55,-71076.35,25527810.3
7006,6504527.0,2086358.09,1238843.05,0.0,766951.82,12723776.49,2459274.6,1833848.39,-48443.19,27565136.24
7007,6504527.0,2141885.74,1040430.4,0.0,4831523.03,16728605.82,3566802.51,5165019.17,0.0,39978793.66
7008,6504527.0,786379.7,455796.06,0.0,15821828.58,7513385.1,1571837.96,3323113.97,0.0,35976868.36
7009,6504527.0,2087968.22,1566210.0,1665060.74,16186199.86,20513933.83,4094150.8,6868814.01,0.0,59486864.46
7010,6504527.0,2231022.6,2338116.06,5721543.59,78371708.44,16185511.71,3380288.84,5545762.74,-349.2,120278131.77
7011,6504527.0,2180962.47,1433781.86,0.0,1076352.63,20370858.96,4150115.0,5976178.39,0.0,41692776.31
7012,6504527.0,2192741.08,1680625.18,0.0,2411941.45,16547264.23,3438600.89,4873651.67,0.0,37649351.49
7013,6504527.0,1199791.62,977880.82,0.0,97472.13,10235657.38,2301326.83,3494682.19,-49287.91,24762050.07
7014,6504527.0,923214.6,1553020.69,54372738.41,68321555.19,9232146.0,1873331.11,4572690.58,0.0,147353223.58
7015,6504527.0,3708661.24,2502973.66,0.0,956129.27,24989740.94,5042071.46,4614875.57,-1327.14,48317652.01
7016,6504527.0,797839.76,451671.47,0.0,576708.4,4318905.29,1036980.07,2322619.08,0.0,16009251.07
7017,6504527.0,2444727.65,1264200.57,0.0,620847.94,18954021.65,3841647.02,3669516.02,0.0,37299487.85
7018,6504527.0,1747123.88,1426724.3,0.0,1853345.61,14101849.77,2768316.1,4453294.84,-2001.04,32853180.46
7019,6504527.0,853459.44,1301941.91,0.0,65934423.9,7210265.69,1584101.21,5507220.25,-22030.18,88873909.23
7020,6504527.0,960696.03,418698.46,0.0,4546222.89,8314684.52,1774535.42,2801428.29,0.0,25320792.61
7021,6504527.0,1005430.63,870916.51,0.0,3911619.46,8065997.89,1810834.62,3779934.01,0.0,25949260.12
7022,6504527.0,1399489.96,1648217.32,12875807.08,18857212.34,13994899.62,2834976.98,7465382.76,0.0,65580513.06
7023,6504527.0,1086807.3,964452.03,0.0,12824894.73,8145129.78,1733365.7,4977383.36,0.0,36236559.91
7024,6504527.0,2999950.94,3667181.13,0.0,147563279.91,23766842.66,4966605.83,5823709.04,-57270.53,195234825.99
7025,6504527.0,987019.05,674083.15,42581612.02,12008030.38,9870190.48,2014771.04,3777875.69,0.0,78418108.81
7026,6504527.0,1981844.92,1353483.83,0.0,124849.63,14300503.02,2963058.15,2962988.04,-81181.46,30110073.13
7027,6504527.0,2552548.1,1628896.27,0.0,2315825.88,22772977.12,4667012.18,7167500.12,0.0,47609286.67
7028,6504527.0,1647785.79,1661770.64,0.0,56135328.74,12023607.26,2444640.43,4644714.18,-92127.42,84970246.63
7029,6504527.0,2195823.74,1538225.29,15402347.51,13650385.64,20811452.23,4438073.14,6161598.07,0.0,70702432.64
7030,6504527.0,975164.62,1091868.14,3581289.29,51396636.84,8126639.66,1638546.03,3887206.61,-184362.35,77017515.83
7031,6504527.0,1271927.01,951959.95,0.0,100261.97,10013421.25,2096160.48,3325050.77,-50089.44,24213218.99
7032,6504527.0,1628823.31,1455810.2,0.0,0.0,14761668.8,2962065.71,5466600.91,-20356.68,32759139.24
7033,6504527.0,1787592.04,1349021.3,0.0,190488.11,14223896.58,3021755.45,3937982.52,-80409.63,30934853.38
7034,6504527.0,3318662.51,2848630.29,349288.22,958393.56,28268213.16,5801617.51,5443970.02,0.0,53493302.26
7035,6504527.0,2092663.83,1350414.81,0.0,9877291.62,18841208.25,3861439.47,5063488.13,0.0,47591033.1
7036,6504527.0,2970781.65,1588171.04,0.0,703748.5,16652280.27,3386894.39,3176213.2,-85683.85,34896932.21
7037,6504527.0,1740806.47,1279187.08,0.0,286912.85,13216467.46,2712468.18,3553232.43,-53065.22,29240536.26
7038,6504527.0,1009661.92,833502.37,8979078.69,0.0,8335023.73,1751704.78,3668509.78,0.0,31082008.27
7039,6504527.0,1159229.56,2210912.81,0.0,189426598.74,5303698.23,1102068.4,6826138.8,-296319.25,212236854.29
7040,6504527.0,2230184.67,1866634.67,0.0,851775.23,18586100.2,3799256.41,4513527.09,-208.81,38351796.45
7041,6504527.0,922611.79,939744.16,17921134.53,4651800.86,8822130.36,1749930.04,4610455.81,0.0,46122334.56
7042,6504527.0,2295214.38,1535042.18,0.0,0.0,15790915.92,3053721.82,3985097.72,-44049.41,33120469.6
7043,6504527.0,2949804.7,2549587.63,2787808.35,76969027.73,19103646.39,3828350.2,5256662.43,-66425.6,119882988.83
7044,6504527.0,2986223.36,2142403.47,14300.33,2170549.15,21222528.63,4311690.6,5450589.94,0.0,44802812.48
7045,6504527.0,3358064.47,2361239.03,0.0,815630.13,23612371.0,4675082.21,4985061.1,-6869.15,46305105.79
7046,6504527.0,1761119.17,827198.06,0.0,0.0,13909149.51,2874199.96,3003058.25,0.0,28879251.96
7047,6504527.0,1445155.35,1698761.63,21937282.19,19333538.19,14451553.49,2826808.1,7848202.32,0.0,76045828.27
7048,6504527.0,1364662.58,1520158.23,0.0,16039138.65,13136718.39,2601130.34,6772857.57,0.0,47939192.76
7049,6504527.0,2693003.78,2238617.25,0.0,73997616.45,16136552.16,3348287.0,5129161.67,-57552.99,109990212.33
7050,6504527.0,1660441.07,1886855.14,0.0,69448779.27,12620019.42,2566743.69,5714053.55,-38260.16,100363158.97
7051,6504527.0,3282609.4,1703010.66,0.0,817452.58,17165931.89,3513409.84,3128151.61,-25781.74,36089311.26
7052,6504527.0,2909695.69,1956055.99,0.0,2526623.82,19235297.02,3658889.86,3976457.95,0.0,40767547.34
7053,6504527.0,1936607.29,2446752.02,0.0,135604242.79,12590679.01,2596308.79,5085225.2,-82326.87,166682015.23
7054,6504527.0,1391053.34,1910533.44,0.0,108094887.17,9387908.66,1961771.83,5527972.62,-92527.85,134686126.21
7055,6504527.0,976608.15,891447.89,9533218.88,0.0,8914478.89,1827551.72,4203112.77,0.0,32850945.3
7056,6504527.0,2799126.8,1167248.72,0.0,0.0,18697587.19,3836629.81,4147867.21,0.0,37152986.73
7057,6504527.0,2388179.59,2567288.86,1790915.65,77632963.72,18722768.47,3924060.57,5631027.2,-16336.32,119145394.75
7058,6504527.0,2122969.13,1558698.24,0.0,13801371.12,20558692.61,4209016.36,6489892.18,0.0,55245166.64
7059,6504527.0,1747154.44,861231.12,0.0,24052522.65,8024450.14,1631002.51,1409123.11,-164463.29,44065547.68
7060,6504527.0,1637612.93,2198432.41,0.0,125933214.55,10833277.87,2328613.13,5519848.32,-83792.47,154871733.73
7061,6504527.0,2524280.07,1660942.59,0.0,1690251.55,23137696.37,4782417.32,5949050.99,0.0,46249165.89
7062,6504527.0,1263005.04,1770823.27,0.0,81198951.78,10013984.22,2171933.34,6041440.2,0.0,108964664.86
7063,6504527.0,2087003.73,1046962.92,0.0,963386.25,11317484.67,2348319.31,2253613.76,-96349.32,26424948.33
7064,6504527.0,1427824.26,1576183.82,6294896.87,18343174.14,13467709.9,2840214.28,7458887.86,0.0,57913418.14
7065,6504527.0,3550154.28,2648490.35,0.0,2586217.38,26066995.25,5340618.22,5285485.78,0.0,51982488.26
7066,6504527.0,1913949.21,2026888.44,0.0,70035876.15,14081326.24,2989177.93,5594380.37,-53093.01,103093032.33
7067,6504527.0,2310090.63,2690751.11,7321831.26,78981542.3,19942120.25,4087695.92,6124377.46,-37782.61,127925153.33
7068,6504527.0,1366487.11,1629231.33,14055886.21,20840929.33,13664871.07,2787933.73,7451716.45,0.0,68301582.23
7069,6504527.0,3926436.35,2974650.05,4134148.86,0.0,29746500.53,5947371.69,5310783.13,0.0,58544417.61
7070,6504527.0,1751649.63,1417719.57,0.0,615919.87,14640572.03,3047534.59,4826167.12,-69104.72,32734985.09
7071,6504527.0,1538135.41,955710.76,0.0,917815.41,9859850.25,2016708.25,3405381.99,-60868.82,25137260.25
7072,6504527.0,2010230.03,1469296.39,8774185.31,23883172.23,18631284.72,3928036.76,7053885.51,0.0,72254617.95
7073,6504527.0,2141303.88,1444139.05,3787426.43,15653896.2,19636354.32,4133482.88,6091926.21,0.0,59393055.97
7074,6504527.0,1839682.63,908737.34,0.0,6062356.21,15137330.0,3130526.34,4452839.72,0.0,38035999.25
7075,6504527.0,771918.06,888582.9,31234833.91,10849689.22,7111339.31,1543881.36,4232815.68,0.0,63137587.45
7076,6504527.0,1404233.8,730782.76,0.0,290781.81,13692347.56,2829480.62,3901719.3,0.0,29353872.85
7077,6504527.0,1867344.64,1224216.36,0.0,1997341.31,12026864.05,2437619.91,5044597.36,0.0,31102510.63
7078,6504527.0,3936070.62,3612470.38,2761416.97,2471167.14,35810537.17,7126455.71,6088300.1,0.0,68310945.09
7079,6504527.0,1823837.98,853888.09,0.0,411061.66,9489062.21,2024331.07,1585354.64,-99577.12,22592485.53
7080,6504527.0,1565238.48,1601632.7,0.0,70875389.17,10434990.58,2232676.2,5003114.83,-129523.76,98088045.21
7081,6504527.0,2210618.66,1840480.65,0.0,1914220.98,18444729.3,3840564.88,4879432.54,-24766.82,39609807.19
7082,6504527.0,1986277.22,2252296.09,0.0,75028533.01,16016158.7,3193775.57,6538559.58,-64523.92,111455603.25
7083,6504527.0,1662126.02,1103326.39,0.0,18181.84,12099841.03,2586858.2,2651315.45,-106808.39,26519367.54
7084,6504527.0,2827010.82,1856140.68,0.0,153342.36,19007980.11,3683446.25,4192657.1,-47263.84,38177840.47
7085,6504527.0,1682745.78,1912903.95,0.0,61738124.92,14381436.24,2837219.53,5412418.85,-115290.95,94354085.33
7086,6504527.0,1782941.06,1005908.91,0.0,479946.11,10639995.71,2056096.08,3333412.97,-63426.15,25739401.68
7087,6504527.0,3974826.07,3541472.85,0.0,14256730.47,33278536.04,6591116.57,6376578.37,-9496.29,74514291.07
7088,6504527.0,2346768.87,2560964.81,0.0,75553296.74,19233720.66,3939516.68,5632168.43,-50886.79,115720076.4
7089,6504527.0,1367811.2,1257136.67,0.0,6432712.3,11731336.09,2395110.31,4852522.85,0.0,34541156.42
7090,6504527.0,2126228.72,1422340.56,0.0,12469490.69,19747179.91,4080624.64,5564600.98,0.0,51914992.5
7091,6504527.0,3104800.38,2199599.18,0.0,1694187.05,22298420.47,4464166.16,4118955.81,-46989.01,44337667.03
7092,6504527.0,1278968.58,803747.92,10360685.22,5723137.1,12007450.02,2600441.74,4482624.67,0.0,43761582.26
7093,6504527.0,1869443.3,1069285.47,0.0,7291718.97,16928042.48,3520624.76,4341475.15,0.0,41525117.14
7094,6504527.0,2723813.91,1783749.71,0.0,1446521.34,18619680.49,3619387.02,3578947.16,-92949.45,38183677.18
7095,6504527.0,3883974.44,2526998.36,3580806.19,1814481.81,25039569.71,5037358.73,5468442.04,0.0,53856158.28
7096,6504527.0,2019993.76,1309123.58,0.0,10156094.9,18339932.22,3757980.71,5016963.97,0.0,47104616.13
7097,6504527.0,946213.06,1066594.76,39339559.99,7984958.17,9462130.6,1943622.79,4341585.67,0.0,71589192.04
7098,6504527.0,3473690.7,2721393.09,0.0,37487.44,27414234.89,5532155.48,4916424.71,-21416.1,50578497.21
7099,6504527.0,934834.96,830466.04,0.0,3325422.06,7915877.02,1667206.98,4508469.75,0.0,25686803.8
7100,6504527.0,3999032.95,2677115.69,1867647.78,1237058.85,26568641.21,5386294.33,5299842.08,0.0,53540159.89
7101,6504527.0,1386135.49,869986.08,22270454.27,1000367.1,13242981.53,2869018.37,4454512.5,0.0,52597982.35
7102,6504527.0,1170571.24,2080347.66,8919002.38,135707736.14,9345226.39,2008505.15,5594077.26,-140295.41,171189697.82
7103,6504527.0,2342779.5,1819204.23,0.0,1690219.88,18083368.17,3713805.34,5386336.87,-51610.48,39488630.51
7104,6504527.0,1323367.32,1386254.16,10403695.36,19403725.43,11256045.88,2437806.64,6393365.62,0.0,59108787.41
7105,6504527.0,1753025.47,931874.77,0.0,1971330.85,15609063.1,3314409.72,4090625.21,0.0,34174856.11
7106,6504527.0,2191272.88,1358480.09,0.0,673864.43,19601612.09,3853749.83,4865990.51,0.0,39049496.84
7107,6504527.0,2508705.83,1847213.35,0.0,161450.48,18861429.24,3716155.53,4026594.7,-44897.49,37581178.64
7108,6504527.0,1056579.85,593422.78,0.0,229750.38,7206332.3,1495455.7,2080025.55,-130452.74,19035640.81
7109,6504527.0,1786755.69,868879.1,0.0,10555631.13,14509357.93,2989384.86,4404041.81,0.0,41618577.52
7110,6504527.0,1049057.76,1181701.25,0.0,9604606.74,10330077.99,2248867.69,5402182.66,0.0,36321021.09
7111,6504527.0,2292316.5,1576297.09,0.0,4842013.75,21862744.8,4296830.12,7171027.18,0.0,48545756.44
7112,6504527.0,1816170.53,909112.86,0.0,296734.17,9664792.04,2043840.99,1970939.2,-62544.0,23143572.79
7113,6504527.0,1985028.63,1369566.67,0.0,416725.84,13714191.42,2764279.93,5222076.38,-17256.48,31959139.39
7114,6504527.0,2460022.3,1548417.94,0.0,0.0,22509279.44,4557821.91,5805983.67,0.0,43386052.25
7115,6504527.0,1272843.6,964974.3,0.0,0.0,9860691.07,2019468.93,3650370.14,-21094.81,24251780.23
7116,6504527.0,3282584.12,2292164.88,0.0,32159.11,23260959.94,4661190.43,5019286.5,-34286.64,45018585.34
7117,6504527.0,2794110.38,2023090.69,2557205.06,7182017.21,26381004.81,5326835.82,6682914.23,0.0,59451705.21
7118,6504527.0,3328671.19,1945871.1,0.0,2972317.1,25989658.52,5243865.42,4891400.81,0.0,50876311.13
7119,6504527.0,831042.48,935056.95,0.0,35600537.99,6755469.2,1373153.33,3457376.87,-98731.9,55358431.92
7120,6504527.0,1565565.37,929694.05,41512139.58,0.0,14209840.54,3029437.56,4158499.43,0.0,71909703.54
7121,6504527.0,1498695.52,1364466.1,0.0,56815755.87,9809741.48,2054884.85,5133959.63,-186182.38,82995848.08
7122,6504527.0,1151238.12,628939.56,16001977.32,0.0,11202295.57,2270051.79,3591691.72,0.0,41350721.08
7123,6504527.0,750336.87,444898.19,0.0,1113047.96,5747285.01,1287886.44,2743546.43,-141578.58,18449949.31
7124,6504527.0,1457603.9,1360963.02,0.0,9515712.25,12518240.89,2585184.35,5098952.13,0.0,39041183.54
7125,6504527.0,826662.83,251392.85,0.0,91629.28,6332902.6,1435836.24,1500313.82,0.0,16943264.61
7126,6504527.0,2370677.69,1690747.77,0.0,617751.33,17921010.49,3414824.11,3452941.88,-108032.88,35864447.38
7127,6504527.0,1534214.86,825023.25,19661532.43,0.0,13163132.51,2908620.15,4040211.02,0.0,48637261.22
7128,6504527.0,1335902.99,1301735.3,0.0,59414646.96,7550619.57,1523479.39,5286881.76,-47480.76,82870312.2
7129,6504527.0,1349922.3,821711.21,37847757.74,5392649.13,12200552.12,2639963.15,3977012.38,0.0,70734095.03
7130,6504527.0,1018397.82,859442.41,0.0,1995367.29,8361140.7,1815545.5,4255322.12,0.0,24809742.85
7131,6504527.0,2708003.36,1608699.28,0.0,134269.98,23062460.73,4784842.54,5422669.18,0.0,44225472.06
7132,6504527.0,2257469.36,2237727.41,0.0,75145784.66,15678811.15,3179172.3,5136912.51,-22966.74,110117437.65
7133,6504527.0,1782893.92,1023038.18,0.0,576372.64,10863347.86,2317005.89,2166833.12,-67793.9,25166224.71
7134,6504527.0,1652644.32,1385795.28,0.0,52871536.88,9634578.86,1977320.92,4043072.65,-110937.18,77958538.73
7135,6504527.0,873826.96,916388.49,52792289.74,2669087.63,8738269.56,1696899.46,4009838.87,0.0,78201127.69
7136,6504527.0,1113846.1,514749.36,1592592.57,737597.43,9787745.51,1955202.92,3532519.01,0.0,25738779.9
7137,6504527.0,1421193.99,1325268.65,0.0,9141051.66,12177888.01,2506176.15,4865785.78,0.0,37941891.23
7138,6504527.0,2636887.96,933899.3,0.0,0.0,16132775.43,3302075.69,3532405.73,0.0,33042571.11
7139,6504527.0,2964029.41,1852109.93,0.0,1504977.61,18867711.08,3651684.12,3598403.53,-54116.75,38889325.92
7140,6504527.0,2133860.03,2546201.39,12436609.09,82574176.41,17902619.36,3806073.25,5835791.15,-13702.52,133726155.16
7141,6504527.0,930826.14,768245.92,2326415.75,12117.29,7677980.14,1612261.41,3682935.36,0.0,23515309.01
7142,6504527.0,2710502.2,1864617.92,0.0,6697746.75,24560918.6,4987069.05,6534408.04,0.0,53859789.56
7143,6504527.0,1146935.59,598273.49,0.0,60058.17,9332826.0,2099894.57,2362570.86,0.0,22105085.67
7144,6504527.0,1232408.31,952386.85,0.0,589890.69,9305819.16,1968172.82,3765960.61,0.0,24319165.44
7145,6504527.0,835328.09,645367.28,0.0,234876.46,7043341.65,1627181.9,2920339.96,-67648.94,19743313.39
7146,6504527.0,1212677.54,765377.29,23507022.23,2589096.48,11903938.02,2629001.74,3990104.27,0.0,53101744.57
7147,6504527.0,1252957.39,1191973.86,0.0,50858244.53,8202364.94,1774534.87,3878727.72,-113726.72,73549603.59
7148,6504527.0,878305.23,1324626.49,0.0,65421368.61,7435806.14,1682130.72,5408503.07,-46973.82,88608293.43
7149,6504527.0,1023292.69,522028.92,4575682.79,9709642.24,9451226.34,1950743.72,3337339.29,0.0,37074482.99
7150,6504527.0,879156.02,1028378.18,25784450.52,9859318.82,8791560.23,1811630.21,4482880.02,0.0,59141901.0
7151,6504527.0,3343848.28,2566214.4,4573820.4,2234961.27,25433947.96,5110485.46,5604184.43,0.0,55371989.2
7152,6504527.0,1190226.96,902747.53,0.0,347105.97,9759684.61,1940752.82,2805269.15,-86051.48,23364262.56
7153,6504527.0,1262072.1,908625.95,0.0,35939844.63,6475854.95,1245989.62,3098633.2,-111025.07,55324522.36
7154,6504527.0,2908187.57,2235697.13,0.0,2189152.88,22117995.36,4527784.85,5348639.1,0.0,45831983.9
7155,6504527.0,3050972.46,1753266.78,0.0,822481.5,17840029.61,3678615.35,3426647.79,-43048.96,37033491.53
7156,6504527.0,1503390.65,860894.88,26274297.7,0.0,13521848.78,2860818.82,3864070.08,0.0,55389847.9
7157,6504527.0,2743427.12,1627601.02,0.0,1998643.7,17023126.93,3281544.86,3659980.21,-96579.13,36742271.71
7158,6504527.0,1677390.91,746808.69,0.0,174699.02,8844551.49,1807475.57,1368775.82,-143451.91,20980776.58
7159,6504527.0,1177723.01,376765.39,0.0,173562.87,8908372.57,1958528.11,2131536.75,0.0,21231015.7
7160,6504527.0,1060210.19,712639.32,38841715.54,9054891.41,10602101.87,2085065.55,4590699.03,0.0,73451849.9
7161,6504527.0,932643.75,885489.38,14479414.71,729733.4,8773107.88,1757192.35,4330633.21,0.0,38392741.68
7162,6504527.0,2062768.95,1559134.29,19475224.03,15916705.02,20627689.48,4156511.56,6724406.34,0.0,77026966.67
7163,6504527.0,1505818.18,1739106.41,13077523.69,19210342.67,14940380.76,3086789.37,7423144.34,0.0,67487632.42
7164,6504527.0,1709569.84,1303183.04,0.0,48307431.12,9521273.59,1979907.43,4086041.11,-142604.62,73269328.51
7165,6504527.0,1375988.76,859903.29,6330412.38,338562.15,13391089.54,2824413.77,4111161.88,0.0,35736058.77
7166,6504527.0,1248277.33,409079.0,20342251.83,7474550.99,7828304.76,1732739.51,2921444.75,0.0,48461175.17
7167,6504527.0,1186572.57,1056861.65,0.0,34944598.63,8128864.43,1747614.94,3006179.89,-102116.71,56473102.41
7168,6504527.0,1766366.77,1364233.35,0.0,950411.58,13568990.22,2606143.92,4117047.99,-1504.89,30876215.94
7169,6504527.0,1182957.39,526546.64,0.0,6332926.71,10725080.34,2345874.89,3411111.98,0.0,31029024.97
7170,6504527.0,2073451.6,1518743.05,16296301.23,13740820.92,20606056.75,4196283.61,6546427.58,0.0,71482611.75
7171,6504527.0,1304147.48,1080864.03,0.0,707613.43,10630953.53,2214927.42,3867793.98,0.0,26310826.88
7172,6504527.0,3568872.56,1841958.71,0.0,961788.6,25348168.37,4989315.23,5144222.07,0.0,48358852.54
7173,6504527.0,1653779.98,1297039.79,0.0,232845.51,14447075.04,3009330.11,3470287.56,-149597.33,30465287.66
7174,6504527.0,2582573.14,1713972.74,0.0,5196922.95,23378229.41,4806682.21,6408144.96,0.0,50591052.42
7175,6504527.0,1354936.61,1405505.31,0.0,17770108.02,11903468.41,2541006.71,6388391.76,0.0,47867943.81
7176,6504527.0,3074816.73,2158672.69,0.0,3164779.77,27936917.0,5674594.45,5424879.41,0.0,53939187.06
7177,6504527.0,2799260.81,1718534.85,0.0,1074312.33,17676280.39,3698867.77,2969931.21,-69669.22,36372045.14
7178,6504527.0,3099006.71,2230963.89,0.0,52971.71,22320440.79,4428530.45,4965706.81,-3038.26,43599109.1
7179,6504527.0,1362462.54,1472384.81,0.0,12145183.36,13140065.9,2598717.05,6349716.71,0.0,43573057.36
7180,6504527.0,964874.83,751957.65,0.0,423726.4,7510852.73,1356431.26,2817238.6,-14790.39,20314818.08
7181,6504527.0,2834517.35,2083710.95,4196826.97,10048588.76,26687403.88,5427695.15,6246494.19,0.0,64029764.25
7182,6504527.0,1207344.93,718538.48,2791130.18,382119.49,11957036.78,2636666.07,4037136.48,0.0,30234499.41
7183,6504527.0,1672766.94,1213907.93,0.0,43534472.58,8680076.92,1821769.77,3226512.01,-66933.82,66587099.33
7184,6504527.0,918658.83,1547705.96,35838346.79,68279156.23,9186588.3,1860637.19,4770140.04,0.0,128905760.34
7185,6504527.0,1441164.39,482643.42,0.0,399450.45,9010817.77,1898741.01,1711313.25,0.0,21448657.29
7186,6504527.0,2579304.63,2303216.72,7186352.37,334590.3,22908488.05,4760297.1,6289134.94,0.0,52865911.11
7187,6504527.0,1437958.91,708690.31,0.0,9809847.46,12235413.91,2421243.67,3857277.15,0.0,36974958.41
7188,6504527.0,2029990.66,1204017.13,0.0,724928.57,18610008.99,3769875.52,4785048.35,0.0,37628396.22
7189,6504527.0,982349.71,841470.84,7700117.34,857819.13,8097621.09,1669729.47,4083789.22,0.0,30737423.8
7190,6504527.0,3021407.74,2095252.03,0.0,2037106.8,21021308.88,4144056.27,5033288.52,-28863.88,43828083.37
7191,6504527.0,2201233.41,1122050.31,0.0,2132051.86,17915408.66,3562961.75,4704487.2,0.0,38142720.19
7192,6504527.0,3002503.96,1874298.16,0.0,428082.08,18609781.9,3758393.85,4970012.5,0.0,39147599.44
7193,6504527.0,1119232.77,572744.87,0.0,1935436.94,9992850.52,2098620.65,3095883.75,0.0,25319296.51
7194,6504527.0,1022704.33,618583.68,0.0,21302000.86,5242393.3,1064301.7,1309482.76,-99118.72,36964874.89
7195,6504527.0,958956.7,504790.95,0.0,6972271.76,9468973.82,1871632.27,3213638.88,0.0,29494791.38
7196,6504527.0,2339981.58,2104221.19,0.0,65155269.41,15790159.18,3123382.78,4420695.07,-89159.13,99349077.08
7197,6504527.0,2291098.47,1082231.42,0.0,7766208.73,16840844.23,3451200.37,4900239.1,0.0,42836349.32
7198,6504527.0,2193556.76,1316788.08,0.0,402892.65,20034228.43,4083295.53,5650381.5,0.0,40185669.94
7199,6504527.0,2101636.13,1046745.45,0.0,1033730.83,16923547.4,3361478.54,4430081.25,0.0,35401746.6
7200,6504527.0,1989753.17,1634625.75,0.0,477933.45,16573424.2,3504887.32,4185471.4,-26677.36,34843944.92
7201,6504527.0,1413659.37,1948914.33,141916.26,88238689.33,11095683.46,2248942.87,6347885.84,0.0,117940218.46
7202,6504527.0,1960553.71,697642.25,0.0,153461.02,12686373.16,2503510.86,2674448.47,0.0,27180516.47
7203,6504527.0,3996084.86,2552414.66,0.0,1963520.43,25401116.99,5008171.91,5333395.33,-861.27,50758369.91
7204,6504527.0,2305424.05,1300404.53,0.0,2541316.75,19609839.1,3962079.26,5203390.11,0.0,41426980.79
7205,6504527.0,3450823.5,2747874.88,1922882.06,3308574.66,27159413.72,5394366.19,5886637.09,0.0,56375099.1
7206,6504527.0,1144759.86,490157.08,28672317.09,9828005.86,8683383.77,1869928.65,3021456.39,0.0,60214535.71
7207,6504527.0,955179.93,769374.29,0.0,0.0,8100964.38,1723721.77,3354578.71,-40722.14,21367623.94
7208,6504527.0,2740724.65,2348411.68,2730458.95,1010897.73,23405776.04,4923956.41,6026171.0,0.0,49690923.46
7209,6504527.0,2771220.34,2014626.84,4327991.73,10266982.1,25678082.61,5407527.56,5902378.73,0.0,62873336.91
7210,6504527.0,1201178.98,1105998.45,0.0,9322398.17,10032631.83,2163234.63,4812549.85,0.0,35142518.91
7211,6504527.0,3481639.69,2529092.5,2832722.99,1969884.23,25136551.4,4972625.1,5722294.67,0.0,53149337.59
7212,6504527.0,1511950.54,1867464.85,26159091.29,26856287.33,15119505.36,3113666.08,8211811.46,0.0,89344303.9
7213,6504527.0,2725183.7,2332133.92,0.0,77478970.33,16682552.43,3346099.09,5447008.91,-43194.4,114473280.98
7214,6504527.0,854367.95,460040.36,6239706.03,19367833.94,7528011.92,1632723.12,3178660.02,0.0,45765870.34
7215,6504527.0,886482.65,819380.31,28003941.32,428565.91,8035386.42,1664647.86,3791722.97,0.0,50134654.43
7216,6504527.0,2881439.72,2869475.99,28972541.48,13816537.19,27079434.01,5680938.97,6697343.5,0.0,94502237.86
7217,6504527.0,1177548.24,491755.58,0.0,587722.91,10194125.29,2233936.22,2838391.21,0.0,24028006.44
7218,6504527.0,2508321.32,1406957.45,1665327.36,378844.83,20954636.94,4317657.74,5703397.07,0.0,43439669.71
7219,6504527.0,4018605.64,2252743.89,0.0,551955.86,22649098.35,4582161.1,4444436.5,-25366.4,44978161.93
7220,6504527.0,2311353.25,1430171.57,0.0,922407.13,14781951.36,2916318.45,2949064.0,-60124.18,31755668.57
7221,6504527.0,2254859.51,1829134.85,1199960.65,807688.77,18152211.74,3692695.94,5468057.1,0.0,39909135.55
7222,6504527.0,1980071.53,1689129.34,0.0,1139801.75,17130080.42,3554158.98,5531116.5,-48195.06,37480690.46
7223,6504527.0,1362589.05,1459143.9,1547114.32,13724198.75,12902604.1,2731385.68,6471785.66,0.0,46703348.47
7224,6504527.0,2047365.77,1532049.05,0.0,369068.51,15616242.73,3062134.31,4169042.32,-35848.65,33264581.03
7225,6504527.0,1962297.04,1546173.69,0.0,708335.05,15718665.48,3147338.41,3683560.72,-32786.0,33238111.4
7226,6504527.0,1367442.55,396662.04,0.0,677099.4,4371787.21,1017513.51,614872.25,-50334.32,14899569.64
7227,6504527.0,2055638.84,1701524.74,0.0,796506.09,16736691.49,3307611.48,5886615.11,-1424.47,36987690.27
7228,6504527.0,1011492.78,731950.42,44315988.81,14372472.33,10114927.78,1999384.14,4644047.69,0.0,83694790.95
7229,6504527.0,1057485.11,425967.48,0.0,100077.35,5232174.45,1183996.51,1930920.39,-100949.26,16334199.03
7230,6504527.0,2148933.07,2350796.85,30779.04,76579335.81,16640324.52,3336637.17,5404405.07,-21849.34,112973889.2
7231,6504527.0,2558421.3,2573430.64,3444225.75,77941982.17,18862931.17,3777851.64,5246352.05,-28985.94,120880735.8
7232,6504527.0,1786993.47,1075577.32,0.0,324688.47,12057298.33,2440974.24,2140054.49,-136773.63,26193339.69
7233,6504527.0,2089819.88,1985924.67,2333355.65,78550775.04,13860564.28,2840797.11,5245907.94,-120223.61,113291447.95
7234,6504527.0,3017666.94,1691124.5,0.0,0.0,23638747.26,4748353.21,4624328.25,0.0,44224747.17
7235,6504527.0,1313477.35,994188.28,0.0,82088.06,10251794.91,2162229.64,3656706.69,-34025.55,24930986.38
7236,6504527.0,2055692.97,1034915.96,0.0,116165.17,15187546.78,3004285.55,2663296.9,0.0,30566430.32
7237,6504527.0,2226205.04,1599879.57,0.0,791093.05,15996711.4,3140775.15,4045316.59,-7419.22,34297088.59
7238,6504527.0,3482488.43,3212207.31,12622921.29,77365257.81,24899897.35,4951667.4,5234464.17,0.0,138273430.76
7239,6504527.0,2446498.02,1414800.85,0.0,0.0,14896388.46,3069743.09,2886177.44,-74837.99,31143296.87
7240,6504527.0,4110248.6,3543282.33,0.0,3466912.34,35020313.36,7355830.11,5736541.24,-40064.59,65697590.39
7241,6504527.0,3270352.67,1827934.22,0.0,253477.33,25210745.95,5004185.84,5368998.46,0.0,47440221.47
7242,6504527.0,1479192.4,592895.33,0.0,0.0,7455995.03,1574802.95,1236961.21,-152704.17,18691669.76
7243,6504527.0,892635.92,492976.46,27410107.93,5575612.28,8926359.17,1823373.02,2713664.67,0.0,54339256.44
7244,6504527.0,1230143.98,456645.24,0.0,534337.84,8300791.07,1732022.28,1983322.15,0.0,20741789.56
7245,6504527.0,2417658.5,2021392.78,0.0,1842731.08,19893504.21,4315898.18,5732869.96,0.0,42728581.71
7246,6504527.0,1218811.68,0.0,0.0,0.0,1928234.59,701228.51,0.0,-192823.46,10159978.32
7247,6504527.0,1273965.82,762396.78,0.0,113452.58,8145318.47,1772589.34,2670964.64,-56328.77,21186885.87
7248,6504527.0,1874005.33,1484765.59,0.0,1084500.06,15036807.37,3141205.51,3389633.72,-27725.93,32487718.64
7249,6504527.0,2831474.05,2763832.41,5728621.34,76832107.11,20763478.71,4184083.92,5336887.85,-15025.46,124929986.95
7250,6504527.0,2011384.29,1743988.5,0.0,4662631.72,16967138.02,3508085.72,5913732.12,-12032.29,41299455.08
7251,6504527.0,2454435.59,1617810.61,0.0,385119.87,16079645.24,3181190.2,5227739.45,-4389.62,35446078.34
7252,6504527.0,2071958.22,1670769.42,0.0,71554.29,17266139.91,3612396.4,4818116.69,-58489.53,35956972.39
7253,6504527.0,2298872.15,1833001.35,0.0,1536007.01,17947811.63,3681496.04,5213823.02,-15369.5,39000168.71
7254,6504527.0,1328518.76,1855150.5,0.0,76807351.95,11529299.2,2451133.48,5793034.44,0.0,106269015.33
7255,6504527.0,2816113.3,2086262.4,0.0,0.0,20933262.47,4282380.09,4747360.41,-7063.85,41362841.82
7256,6504527.0,2326354.87,2328836.58,0.0,70053341.03,17559281.49,3630567.25,5113330.19,-79622.47,107436615.93
7257,6504527.0,1552713.54,910053.2,29352586.77,110639.15,13972534.97,3028226.87,4039658.88,0.0,59470940.38
7258,6504527.0,1916340.12,1322591.16,0.0,80359.51,13766891.52,2716573.97,2822377.05,-57068.43,29072591.9
7259,6504527.0,1598933.25,714311.35,0.0,15048135.01,12156378.42,2437451.86,4458507.96,0.0,42918244.85
7260,6504527.0,1028253.31,745968.72,0.0,109010.0,7727910.17,1682755.76,3633130.27,-30851.78,21400703.45
7261,6504527.0,1628181.88,836909.69,0.0,496213.27,12712448.95,2506732.37,2447232.85,0.0,27132246.01
7262,6504527.0,1908982.85,1422722.24,0.0,452211.21,14201679.88,3005242.81,5094526.35,0.0,32589892.34
7263,6504527.0,971757.03,373454.96,0.0,9588115.46,7220304.31,1557667.1,2742732.62,0.0,28958558.48
7264,6504527.0,1294568.77,1367569.58,0.0,19041334.1,11123701.54,2405943.39,6418277.9,0.0,48155922.28
7265,6504527.0,851227.29,309179.25,0.0,9328516.98,6628561.83,1448634.51,2823305.35,0.0,27893952.21
7266,6504527.0,1110244.65,451498.11,0.0,6433343.36,9789107.89,2032917.56,3113978.61,0.0,29435617.17
7267,6504527.0,2290263.22,2065353.56,0.0,64146616.65,14974207.24,2967758.99,4805165.76,-51761.91,97702130.51
7268,6504527.0,3660236.67,2557943.72,0.0,1516495.68,25212965.69,5067271.45,5669287.53,-6982.17,50181745.56
7269,6504527.0,2244335.05,1320407.69,0.0,64335.43,20205395.7,4023729.58,4872076.62,0.0,39234807.08
7270,6504527.0,3153753.31,1858714.09,0.0,739920.33,18857855.94,3746297.77,3741919.63,-33707.92,38569280.15
7271,6504527.0,3782092.44,2851301.24,7410042.69,2423070.25,28123295.46,5615227.7,5586045.35,0.0,62295602.13
7272,6504527.0,2878418.13,3003217.1,2889361.52,146969523.66,17358238.64,3509059.84,5514739.8,-91650.55,188535435.13
7273,6504527.0,1639645.14,1334675.39,0.0,4881720.21,12745806.58,2669658.3,5295841.13,0.0,35071873.74
7274,6504527.0,2392753.23,1587490.41,0.0,43598967.2,12568361.99,2648958.03,3383619.09,-93829.47,72590847.49
7275,6504527.0,884911.68,2443061.04,11499697.17,218196237.52,5338753.95,1105820.35,6425574.58,-295090.75,252103492.55
7276,6504527.0,3051650.55,2053525.84,0.0,1552486.33,21283106.33,4299443.67,4251868.62,-90993.2,42905615.14
7277,6504527.0,1544388.14,1386958.16,0.0,3346865.72,13443435.84,2652855.95,6050328.85,-13429.38,34915930.29
7278,6504527.0,1408555.27,1401269.76,0.0,11002602.88,12720025.67,2580240.4,5699121.87,0.0,41316342.85
7279,6504527.0,824642.91,247324.14,0.0,81477.84,6277422.25,1424187.95,1477023.01,0.0,16836605.11
7280,6504527.0,958227.57,503906.11,0.0,2578480.75,9237456.0,1912199.82,3508302.61,0.0,25203099.87
7281,6504527.0,1693700.07,850433.84,0.0,596048.93,14709842.54,3144745.65,4172179.73,0.0,31671477.76
7282,6504527.0,2755023.74,2346033.45,3180916.02,204887.05,23384599.34,4922253.89,5660177.95,0.0,48958418.43
7283,6504527.0,1490425.75,1544181.52,10317408.04,18066502.76,13329615.18,2904048.93,6218791.74,0.0,60375500.92
7284,6504527.0,3791539.56,3474171.73,7520484.1,76832107.11,27791415.47,5643029.05,5920043.72,-7479.82,137469837.92
7285,6504527.0,2142903.51,1481226.0,0.0,291805.11,15524277.8,3081312.9,3256177.54,-74767.63,32207462.24
7286,6504527.0,2681175.97,1583919.56,0.0,2638521.83,20941212.71,4354347.98,4104315.2,0.0,42808020.24
7287,6504527.0,1266947.09,530466.15,0.0,855442.38,5558543.56,1188647.03,738915.51,-43255.72,16600233.0
7288,6504527.0,897733.28,250858.82,0.0,4580540.63,6566044.53,1512692.44,2179943.05,0.0,22492339.76
7289,6504527.0,4212608.42,3149881.39,14138643.43,343934.83,31390222.19,6116561.17,5647708.5,0.0,71504086.92
7290,6504527.0,3243544.69,2498288.4,8603204.24,2306738.63,24740876.09,4880288.0,5499946.91,0.0,58277413.96
7291,6504527.0,2021909.18,965854.37,0.0,0.0,15835222.35,3236545.97,3192447.81,0.0,31756506.68
7292,6504527.0,1836868.24,1131499.62,0.0,4458137.61,10850738.14,2248884.11,4377857.13,0.0,31408511.87
7293,6504527.0,1696749.91,1287813.43,0.0,51039150.32,9505082.53,1919872.51,3993036.73,-172338.99,75773893.44
7294,6504527.0,1027354.53,1081600.61,0.0,14005103.66,9217143.54,1906245.48,5343280.76,0.0,39085255.59
7295,6504527.0,955403.68,1304919.53,0.0,58391369.32,8323218.97,1769925.54,5163329.75,-122671.61,82290022.19
7296,6504527.0,1211554.9,1227422.47,0.0,16294116.14,10474114.17,2132037.27,5300292.26,0.0,43144064.21
7297,6504527.0,1904999.2,1326979.45,1007891.42,17122209.08,18198262.92,3771515.29,6182964.59,0.0,56019348.95
7298,6504527.0,3631147.96,2506551.28,0.0,3138676.18,25227439.61,5134959.63,5042144.86,-40385.12,51145061.4
7299,6504527.0,2701109.45,1745827.18,0.0,409502.37,17991813.52,3622489.95,3683409.11,-56776.84,36601901.74
7300,6504527.0,2862824.31,1496717.6,0.0,425585.89,21693022.81,4376495.11,4494180.33,0.0,41853353.05
7301,6504527.0,913005.46,480212.07,4311512.65,16838064.09,8191460.06,1713184.56,3300141.6,0.0,42252107.49
7302,6504527.0,909599.93,407748.16,0.0,23251971.66,6436842.47,1527461.73,2943898.77,0.0,41982049.72
7303,6504527.0,2751830.72,2130442.95,2192593.25,10000396.76,26896355.73,5395719.93,7043271.66,0.0,62915138.01
7304,6504527.0,1904372.71,1451192.58,0.0,111675.84,15193694.69,2832223.09,3720311.12,-72304.91,31645692.12
7305,6504527.0,1369260.87,1571662.56,17702273.57,15395047.22,13690094.83,2801783.2,6715166.73,0.0,65749815.98
7306,6504527.0,1944091.83,1587217.85,0.0,1009426.85,15968442.53,3292447.22,4023455.51,-16836.25,34312772.55
7307,6504527.0,1305437.26,2775494.23,11236331.98,249298776.93,5967606.46,1319092.32,6105957.04,-221965.22,284291257.99
7308,6504527.0,1226193.81,568765.64,0.0,0.0,10600556.39,2332563.93,3442608.44,0.0,24675215.21
7309,6504527.0,3035162.01,2189667.49,0.0,1627754.36,21563488.59,4380049.83,4437272.45,0.0,43737921.73
7310,6504527.0,3365230.99,2413245.92,0.0,503415.42,24308844.44,4899435.76,5070938.15,-22006.14,47043631.52
7311,6504527.0,1440957.27,1544441.26,0.0,13305346.16,13836114.15,2806872.93,6966769.88,0.0,46405028.65
7312,6504527.0,1972274.34,1714275.93,0.0,596075.69,17001538.99,3518281.83,5874304.44,0.0,37181278.22
7313,6504527.0,664053.61,259955.12,0.0,33533.72,6475159.78,1540155.53,1878292.07,0.0,17355676.83
7314,6504527.0,2011348.36,1615778.63,0.0,312557.07,16196229.75,3183279.61,5085173.39,-6049.17,34902844.64
7315,6504527.0,2809092.18,2459518.0,4161348.59,532131.32,24532967.16,4998533.9,6547090.17,0.0,52545208.31
7316,6504527.0,3431429.64,1760318.0,0.0,0.0,24628280.0,4924887.11,5251831.68,0.0,46501273.43
7317,6504527.0,2876753.07,1860103.58,300336.25,1538594.77,18243392.1,3778675.52,5352349.04,0.0,40454731.33
7318,6504527.0,2752982.93,2044719.45,1518778.01,2108476.9,20128709.76,4225054.35,5456024.13,0.0,44739272.53
7319,6504527.0,2814562.6,2233336.11,0.0,11433458.47,27688073.87,5656212.89,7177164.73,0.0,63507335.68
7320,6504527.0,1397674.21,449605.59,0.0,135124.52,9128318.31,1929887.44,1584922.1,0.0,21130059.16
7321,6504527.0,1873601.22,1520023.45,0.0,1467228.83,15178885.9,3141020.93,4250673.08,-22269.45,33913690.96
7322,6504527.0,2555756.31,1613931.73,0.0,2035120.95,22930312.06,4733893.94,6385669.84,0.0,46759211.83
7323,6504527.0,3014947.55,2228820.84,0.0,923828.3,22288944.61,4385092.77,5265620.62,-10286.82,44601494.86
7324,6504527.0,1956219.78,927321.89,0.0,682730.77,10747065.13,2165460.47,1736398.99,-156280.5,24563443.53
7325,6504527.0,2622612.09,1639638.03,0.0,377460.2,16903823.67,3309175.57,3678866.45,-54917.27,34981185.74
7326,6504527.0,3081640.91,2394852.84,72606.01,2544751.9,23543373.8,4738745.44,5766248.31,0.0,48646746.19
7327,6504527.0,2378933.68,1538884.86,0.0,675107.93,22112239.76,4583938.31,5890588.73,0.0,43684220.27
7328,6504527.0,1339797.0,696334.67,0.0,287242.87,9213249.09,1921611.71,1442983.93,-228462.52,21177283.76
7329,6504527.0,1369549.46,1067189.43,0.0,204841.01,11238865.03,2482162.81,3633394.7,-64268.89,26436260.54
7330,6504527.0,1688419.66,1093415.1,0.0,22287103.88,15255479.63,3072538.3,5517258.89,0.0,55418742.47
7331,6504527.0,2299302.88,1200215.01,0.0,502463.96,17145476.48,3674802.46,3282400.3,0.0,34609188.09
7332,6504527.0,1416704.53,1593211.76,6322067.9,19231988.56,13560530.69,2908310.02,7373748.29,0.0,58911088.74
7333,6504527.0,2324593.61,1043587.56,0.0,742958.14,10843745.1,2126999.06,2105781.24,-47446.46,25644745.24
7334,6504527.0,1621141.5,1153055.36,0.0,187766.45,11708833.49,2392609.79,4279463.77,-22741.87,27824655.49
7335,6504527.0,2677265.36,2022337.58,0.0,2062856.22,20017023.73,3983016.64,5125916.35,0.0,42392942.89
7336,6504527.0,1918601.78,1004499.71,0.0,939153.54,14839611.03,3027222.53,3133893.99,0.0,31367509.58
7337,6504527.0,1294445.47,1383522.73,0.0,12316232.65,12135981.52,2633522.07,5862663.47,0.0,42130894.92
7338,6504527.0,854647.64,1440842.33,0.0,86147071.62,7094254.68,1581777.5,4397449.3,-114097.48,107906472.59
7339,6504527.0,2010597.44,2289822.45,0.0,72016454.31,16548397.63,3404486.3,5790571.18,-50224.35,108514631.96
7340,6504527.0,2785704.83,2172628.34,11428969.19,1453014.93,21572435.26,4131494.9,5302768.95,0.0,55351543.4
7341,6504527.0,1521964.33,1323495.12,0.0,6144256.9,13263965.74,2625284.63,5917272.27,-88980.72,37211785.27
7342,6504527.0,2663874.54,2177058.34,5517285.93,1868843.02,21590553.87,4314753.65,5274938.84,0.0,49911835.19
7343,6504527.0,2895251.45,1837466.54,0.0,355795.04,18386320.02,3910873.65,3948054.67,-7142.26,37831146.12
7344,6504527.0,1555084.8,1888051.02,0.0,71704490.79,13012767.4,2723063.3,5439630.44,-74839.48,102752775.28
7345,6504527.0,2061497.22,1156902.44,0.0,1008983.86,18227422.57,3796561.6,5532879.49,0.0,38288774.18
7346,6504527.0,1485427.11,1125192.14,0.0,2520392.23,10784494.11,2232757.0,3970540.71,0.0,28623330.31
7347,6504527.0,3421286.08,2353007.76,0.0,107070.29,23914250.62,4796952.61,4419295.43,-39600.99,45476788.79
7348,6504527.0,1407723.19,1556732.41,743012.03,18647188.22,13384887.59,2810761.94,7147112.61,0.0,52201944.98
7349,6504527.0,1297726.58,1209418.74,0.0,48237266.13,8327457.09,1671257.58,4119563.47,-115355.59,71251861.0
7350,6504527.0,2661199.99,2291944.04,0.0,258154.28,22950998.78,4722243.5,5886291.08,-12698.34,45262660.33
7351,6504527.0,2012993.27,1167206.77,9538513.28,2593064.13,18271712.53,3753243.91,4544595.86,0.0,48385856.75
7352,6504527.0,1520056.09,893859.87,0.0,9129278.58,14312903.72,2762500.4,4491941.23,0.0,39615066.89
7353,6504527.0,961542.34,799366.35,0.0,566167.92,8334232.76,1778348.9,3440075.03,-54984.96,22329275.33
7354,6504527.0,1450998.15,1275723.08,0.0,2885923.65,12434289.73,2553346.84,4583177.4,0.0,31687985.85
7355,6504527.0,1832841.9,1301840.94,0.0,705763.05,13638582.93,2984736.13,3158731.37,-75001.57,30052021.75
7356,6504527.0,2449664.45,1088655.6,0.0,1938640.02,17207458.7,3685241.13,3829310.89,0.0,36703497.79
7357,6504527.0,2629281.19,1606818.97,0.0,355724.08,16548548.84,3292832.13,3850743.77,-53413.66,34735062.32
7358,6504527.0,1735765.06,1618393.01,0.0,60694612.52,11262793.29,2217686.69,4796627.7,-108165.74,88722239.53
7359,6504527.0,955252.36,929836.09,0.0,3492365.16,8838030.76,1866957.28,5013722.08,-6334.48,27594356.25
7360,6504527.0,1255633.45,862367.8,0.0,0.0,8741520.88,1798410.09,3607357.16,-11784.29,22758032.09
7361,6504527.0,2710150.11,2791590.69,1837701.56,77305047.2,21322661.62,4205137.35,5297762.65,-51928.82,121922649.36
7362,6504527.0,2810887.54,1391542.06,0.0,475856.13,14958029.84,2912176.4,2238529.09,-108714.72,31182833.35
7363,6504527.0,3294691.73,2517259.96,0.0,1261936.09,25131900.34,5065140.76,5413205.45,-12901.31,49175760.02
7364,6504527.0,3958003.98,3278694.63,9548051.71,927992.4,32443919.84,6545604.54,5496226.18,0.0,68703020.27
7365,6504527.0,1324768.56,2258219.4,0.0,188183138.12,6016426.79,1294422.05,5803982.83,-288755.39,211096729.36
7366,6504527.0,1285451.21,2560861.12,0.0,177704580.33,10013612.3,2111479.2,5518722.7,-259253.62,205439980.26
7367,6504527.0,3249177.39,2429779.95,0.0,1790328.05,24159037.55,4802885.16,5527133.61,-5674.36,48457194.35
7368,6504527.0,1834633.78,1737197.27,0.0,54517341.41,12733246.2,2417363.75,4368778.74,-95257.87,84017830.29
7369,6504527.0,823864.92,465546.06,13283905.18,10426616.95,7904287.04,1766398.89,3047195.17,0.0,44222341.2
7370,6504527.0,1485537.61,716959.66,0.0,386319.0,11815961.33,2444763.2,3163715.15,0.0,26517782.95
7371,6504527.0,1781264.79,2079013.38,0.0,72223673.98,15349287.85,3341940.09,5885947.7,-122141.87,107043512.93
7372,6504527.0,1400783.53,964099.2,13326353.66,5287132.05,13986539.07,2842187.12,4623575.38,0.0,48935197.01
7373,6504527.0,3637758.49,2627107.38,1751098.35,998918.02,26200461.16,5189319.58,5422144.26,0.0,52331334.24
7374,6504527.0,2713690.75,1846589.78,3942537.69,7031433.69,24560863.52,5067956.12,6304216.65,0.0,57971815.21
7375,6504527.0,3523689.69,2076016.3,0.0,382659.91,21017665.86,4104651.6,4485757.72,-36675.71,42058292.37
7376,6504527.0,1003995.48,1053560.71,0.0,76528795.99,4263250.9,972335.68,3551666.87,-309838.23,93568294.4
7377,6504527.0,859887.0,323661.73,0.0,287633.61,7201911.54,1588874.84,1793599.13,0.0,18560094.85
7378,6504527.0,559722.74,330897.8,0.0,11056506.18,5597227.37,1054830.14,3004320.27,0.0,28108031.5
7379,6504527.0,916874.93,249734.19,0.0,77825.58,3638957.27,766568.51,1394300.96,-117038.31,13431750.13
7380,6504527.0,3153110.05,2206021.48,0.0,0.0,22122472.54,4605417.08,4583285.96,-6225.78,43168608.33
7381,6504527.0,1879098.8,1020450.36,0.0,587496.05,16524607.36,3487275.43,4411349.83,0.0,34414804.82
7382,6504527.0,3254406.94,2351618.58,0.0,604240.51,23719085.72,4737940.21,4914754.49,-25297.4,46061276.04
7383,6504527.0,797048.7,516966.75,0.0,0.0,6214282.62,1234909.6,1849534.03,-104461.52,17012807.17
7384,6504527.0,1638666.55,2174753.44,6800959.6,77373508.82,15324852.67,3169998.76,6627865.89,-74322.53,119540810.19
7385,6504527.0,1582378.17,760405.0,0.0,172759.5,8927229.94,1867775.13,2109453.49,-136722.21,21787806.03
7386,6504527.0,1988141.02,1411369.45,6980230.2,19533368.53,18549310.84,3907195.21,6348833.11,0.0,65222975.37
7387,6504527.0,3371837.61,2911750.93,10547638.57,518047.64,29057068.97,5993007.41,6326477.45,0.0,65230355.58
7388,6504527.0,1367177.95,1975869.04,0.0,84930757.84,11690702.86,2405807.24,6142036.87,0.0,115016878.79
7389,6504527.0,2435837.5,1511146.86,0.0,70321.59,15278179.87,3127398.53,4524415.11,-19270.52,33432555.96
7390,6504527.0,2941130.44,2256319.21,0.0,1722525.76,22571090.66,4651347.87,4781403.89,-22684.88,45405659.96
7391,6504527.0,1320920.51,698713.25,0.0,8180305.2,10773790.35,2480369.72,3510099.71,0.0,33468725.73
7392,6504527.0,2201310.12,1730268.96,0.0,2724517.2,16654228.0,3568615.57,5205892.0,-2816.25,38586542.61
7393,6504527.0,3098107.98,1986491.38,0.0,544858.36,20210075.22,4067546.4,3808340.6,-40673.52,40179273.42
7394,6504527.0,2125099.37,1544356.99,4627191.62,16557034.02,20568069.97,4236587.01,6766404.32,0.0,62929270.31
7395,6504527.0,2974233.98,2116548.62,0.0,2258486.87,21245379.13,4260649.13,5150072.08,-33445.11,44476451.7
7396,6504527.0,1806645.4,1173362.92,0.0,2952973.95,11377194.64,2399823.36,4687494.39,0.0,30902021.66
7397,6504527.0,3401026.56,2302358.77,0.0,882181.43,29762395.56,5705233.81,6979290.97,0.0,55537014.1
7398,6504527.0,1157079.47,660519.07,0.0,29642071.42,5985940.69,1206041.15,927563.76,-210610.78,45873131.78
7399,6504527.0,2149927.21,1889614.72,0.0,51792524.01,14958436.51,3029630.32,3578224.99,-98873.99,83804010.77
7400,6504527.0,3581483.71,2322285.39,0.0,795635.66,23357065.54,4583306.99,5242132.17,-21775.69,46364660.76
7401,6504527.0,3987695.17,2952576.84,8845521.88,337560.36,36446729.98,7587395.75,6773731.86,0.0,73435738.83
7402,6504527.0,2023431.6,1463966.71,0.0,11509939.97,19779371.85,3940015.67,6479141.73,0.0,51700394.53
7403,6504527.0,715897.03,312633.41,0.0,6178717.19,7039105.7,1558576.78,2827937.47,0.0,25137394.58
7404,6504527.0,960712.64,1113897.53,0.0,12403648.69,9520470.01,1977259.16,5558084.59,0.0,38038599.61
7405,6504527.0,1214782.14,782595.53,0.0,450128.88,8421590.66,1690857.15,2204811.37,-76202.26,21193090.47
7406,6504527.0,1292315.11,799692.05,20498889.74,1923571.48,12198784.71,2595007.99,4234165.86,0.0,50046953.95
7407,6504527.0,2952755.65,1276030.25,0.0,4258465.83,19244480.1,3868386.88,4502725.19,0.0,42607370.91
7408,6504527.0,3270121.56,2296642.87,0.0,0.0,23292665.42,4645567.17,5082299.05,-32623.68,45059199.39
7409,6504527.0,657639.24,444717.04,0.0,76299.48,5461682.13,1250725.77,1868449.03,-104271.53,16159768.16
7410,6504527.0,1007469.36,945705.99,0.0,3740339.57,9035320.29,1916868.53,4374563.72,0.0,27524794.45
7411,6504527.0,4168491.6,3397631.81,13459688.17,2847788.84,33379012.82,6585825.43,5750404.4,0.0,76093370.06
7412,6504527.0,744001.82,408346.99,0.0,1622112.85,7183282.95,1603627.44,2590472.81,0.0,20656371.86
7413,6504527.0,1123612.25,565794.4,0.0,1816144.84,9501097.27,1993963.64,2652146.44,0.0,24157285.84
7414,6504527.0,3141069.29,1854775.35,0.0,666255.62,19093989.99,3783413.25,3562640.38,-61122.61,38545548.27
7415,6504527.0,1896848.62,2285545.49,1539348.23,77576057.97,16160153.16,3422523.11,5650266.19,-45495.8,114989773.97
7416,6504527.0,917996.92,511277.03,0.0,10472694.56,9101561.41,1769638.09,3341116.08,0.0,32618811.08
7417,6504527.0,853890.64,315101.38,0.0,5636478.35,7166624.5,1577284.04,2350686.04,0.0,24404591.95
7418,6504527.0,2479894.27,1159776.02,0.0,1469233.45,17869129.65,3554193.76,3723020.65,0.0,36759774.79
7419,6504527.0,1914587.57,2060237.21,0.0,61373500.63,15194656.6,3127644.01,4469965.04,-36712.39,94608405.66
7420,6504527.0,3762460.62,2557402.23,7451020.36,0.0,25574022.34,5052396.81,5222510.89,0.0,56124340.25
7421,6504527.0,1707288.15,1543631.13,0.0,5577365.0,15069065.46,3082647.9,6049203.6,-43096.3,39490631.94
7422,6504527.0,1117643.28,833632.1,0.0,6763.33,9026120.45,1889646.63,3153718.54,-69027.65,22463023.69
7423,6504527.0,1428064.49,1606076.11,16391142.07,18342269.56,13941057.38,2853742.28,7357166.16,0.0,68424045.05
7424,6504527.0,1513212.79,1347030.95,0.0,5821607.13,12789690.85,2718075.41,4721240.42,0.0,35415384.55
7425,6504527.0,2177016.67,3005263.26,851571.28,147612688.18,16336697.89,3274605.39,5761002.06,0.0,185523371.73
7426,6504527.0,1406458.43,938441.68,30892271.41,1810365.29,13880739.23,2916547.11,4465315.6,0.0,62814665.74
7427,6504527.0,1586775.95,513093.54,0.0,342492.36,9133592.33,1856254.86,1649042.83,0.0,21585778.87
7428,6504527.0,921204.94,1261886.83,0.0,55446688.66,8147182.42,1673780.87,4739325.57,-105231.58,78589364.71
7429,6504527.0,1127020.18,1148840.6,0.0,6691033.33,10375447.14,2225010.41,5078993.44,0.0,33150872.09
7430,6504527.0,1443003.74,1663849.0,0.0,60258493.18,11604739.33,2317498.78,4589058.76,-68951.89,88312217.9
7431,6504527.0,696340.07,784446.47,0.0,41498323.58,3463797.48,778370.57,3471468.51,0.0,57197273.67
7432,6504527.0,2035863.93,1475429.93,0.0,9956435.21,19626597.46,4048921.42,5655902.73,0.0,49303677.68
7433,6504527.0,2846369.48,1510390.52,1232430.82,4275127.82,21711674.73,4238052.69,5167014.19,0.0,47485587.25
7434,6504527.0,3603169.7,2418057.83,0.0,1550470.27,24060396.89,4789698.62,4948993.75,-31174.12,47844139.94
7435,6504527.0,2953890.86,1847258.8,0.0,893226.4,18822081.96,3832698.21,3154802.77,-41720.25,37966765.76
7436,6504527.0,3490033.32,2314095.9,0.0,1630005.71,23004316.37,4779120.01,4830111.51,-15074.23,46537135.58
7437,6504527.0,4224914.38,2784560.23,10291994.74,0.0,34870702.25,6957341.85,5604953.83,0.0,71238994.27
7438,6504527.0,1542404.88,1027896.03,0.0,487822.63,10911978.41,2269420.86,2480755.62,-70438.43,25154367.01
7439,6504527.0,1797683.05,933231.4,0.0,2385439.33,14910198.61,3095703.69,4286470.38,0.0,33913253.47
7440,6504527.0,2421688.66,1408043.51,0.0,516825.97,20440829.28,4098879.98,4636766.44,0.0,40027560.84
7441,6504527.0,2456962.34,1629144.85,0.0,2169526.76,22881932.87,4565352.27,6740241.32,0.0,46947687.41
7442,6504527.0,2126237.01,2181587.45,0.0,63917593.69,16680486.64,3623586.08,5299209.63,-86811.29,100246416.21
7443,6504527.0,799921.97,924091.55,0.0,41954601.12,6504670.05,1446679.18,3331089.45,-122236.71,61343343.61
7444,6504527.0,1091901.95,493705.06,36159632.59,2933075.81,9643046.51,1957041.75,2717916.85,0.0,61500847.52
7445,6504527.0,3545669.58,2235619.22,0.0,911040.33,22486510.09,4582511.1,4837806.85,-30263.0,45073421.16
7446,6504527.0,1321700.54,876321.41,0.0,2537.39,9381960.13,2052701.69,2890334.78,-61968.4,22968114.55
7447,6504527.0,1188021.45,720188.49,24280052.19,4178510.67,11275003.51,2488529.6,3885307.26,0.0,54520140.18
7448,6504527.0,1998995.06,1122188.18,0.0,0.0,17927477.52,3648923.33,4786460.29,0.0,35988571.39
7449,6504527.0,1975485.39,1254102.25,0.0,50125.85,13021784.52,2614204.87,3404306.02,-48429.8,28776106.11
7450,6504527.0,1606736.01,871451.64,0.0,105337.67,9985768.61,2053706.25,2402264.05,-130996.54,23398794.69
7451,6504527.0,3519196.6,2657446.06,0.0,3769939.31,26545651.94,5285322.05,5409498.27,-33824.2,53657757.02
7452,6504527.0,2000800.41,1995149.94,0.0,59611515.07,15053942.64,2967112.01,4249232.84,-81366.93,92300912.98
7453,6504527.0,1427505.32,1279568.14,0.0,9091732.09,11732744.3,2524132.97,4561230.6,0.0,37121440.42
7454,6504527.0,3962492.11,2501279.65,0.0,2508133.96,24857319.44,4907671.82,5665434.64,-5415.95,50901442.68
7455,6504527.0,1683642.37,956768.68,0.0,9930684.15,15431765.7,3223565.24,4713374.05,0.0,42444327.18
7456,6504527.0,1056905.11,453535.15,0.0,345969.86,9334766.65,2047277.08,2312882.66,0.0,22055863.5
7457,6504527.0,2725981.7,2122764.63,0.0,70070708.21,15249804.47,3037393.19,4715160.73,-57473.47,104368866.45
7458,6504527.0,1236944.4,2590985.85,3058059.57,213825386.79,7268403.08,1588525.81,6458913.08,-275112.26,242256633.34
7459,6504527.0,2305360.54,1952785.38,2240400.49,1973331.12,18798424.64,3825836.5,6018227.44,0.0,43618893.1
7460,6504527.0,3395831.55,2552302.32,1934722.96,0.0,25523023.21,5214958.0,5515537.25,0.0,50640902.29
7461,6504527.0,2776527.16,2613564.91,3350449.46,3270003.1,25786029.92,5209626.24,6982487.41,0.0,56493215.21
7462,6504527.0,2313857.99,1785773.29,0.0,4159208.94,17281171.01,3594323.85,5001065.73,0.0,40639927.8
7463,6504527.0,1233691.15,737494.07,22812812.17,646779.0,12048762.99,2611450.37,4095354.42,0.0,50690871.17
7464,6504527.0,2597018.21,2106216.96,0.0,3445226.5,21193108.81,4318882.9,5710202.35,-45917.96,45829264.76
7465,6504527.0,1099226.58,746013.2,0.0,1256084.82,7932000.33,1584791.89,2955735.83,-77825.12,22000554.54
7466,6504527.0,1445495.75,1389248.95,0.0,8694548.48,12875988.14,2599625.85,5566649.11,0.0,39076083.28
7467,6504527.0,1458068.79,1809472.46,2795773.4,79042757.89,10689979.33,2245897.67,5809942.33,0.0,110356418.86
7468,6504527.0,976764.57,1176141.72,0.0,63566795.07,5955374.65,1357663.16,5497631.28,-22183.23,85012714.22
7469,6504527.0,1989472.4,1033327.32,0.0,907241.26,11072992.17,2331653.38,2381790.39,-83296.98,26137706.95
7470,6504527.0,1163648.11,581891.09,0.0,981170.55,6553855.97,1334016.45,1814992.03,-82418.57,18851682.63
7471,6504527.0,2852846.46,2395806.66,0.0,77705908.66,17411733.22,3442768.52,5273204.02,-65153.39,115521641.14
7472,6504527.0,1953011.6,1488628.8,0.0,1028183.98,15755337.31,3294275.18,3459345.74,-99527.85,33383781.76
7473,6504527.0,2594157.8,1409381.69,0.0,20360.63,14455564.76,2867120.14,2474129.1,-36399.88,30288841.25
7474,6504527.0,2226013.93,2416603.0,59549.18,76982572.62,17483096.71,3652171.1,5726132.83,-35880.11,115014786.25
7475,6504527.0,1360699.49,2241908.49,969493.23,136734705.69,10022644.68,2217017.69,5986712.35,-42021.92,165995686.7
7476,6504527.0,1006019.75,1104363.42,40756703.68,5716956.33,10060197.47,1975734.5,4481428.31,0.0,71605930.45
7477,6504527.0,3390291.4,2229294.24,0.0,361207.3,22678978.09,4588351.02,4303771.8,-42108.29,44014312.56
7478,6504527.0,1518932.87,1365939.34,4832539.12,0.0,13659393.39,2785909.46,6243490.56,0.0,36910731.75
7479,6504527.0,2089343.11,2540989.08,6433837.89,79608360.06,18547084.7,3843807.82,6305390.08,-57609.0,125815730.73
7480,6504527.0,2098503.44,1878304.24,0.0,5239253.18,18150693.43,3674834.22,5597653.17,0.0,43143768.69
7481,6504527.0,721472.01,509002.67,0.0,1500358.7,5569753.33,1123628.01,2252220.75,-103432.45,18077530.02
7482,6504527.0,2728485.65,1745290.78,0.0,210258.12,17869883.4,3515496.24,3784861.71,-44022.02,36314780.88
7483,6504527.0,2565035.98,1467169.83,1804964.33,1411179.51,21504654.68,4414141.81,5242039.66,0.0,44913712.79
7484,6504527.0,3869935.88,3127760.05,0.0,3477402.59,30833248.11,6022579.62,5073331.17,0.0,58908784.43
7485,6504527.0,1006255.39,773332.48,0.0,535220.49,8074100.3,1628137.3,2993829.48,-53861.63,21461540.81
7486,6504527.0,2060793.07,2245833.41,0.0,74438238.11,15863375.49,3453804.72,5481459.36,-30115.48,110017915.68
7487,6504527.0,3143500.27,1893442.55,0.0,570011.69,19654384.96,3946644.77,3701500.91,-77899.61,39336112.53
7488,6504527.0,1692081.84,1230660.49,0.0,1161915.4,12433133.6,2671289.96,4086505.72,-53271.55,29726842.45
7489,6504527.0,1415271.8,1094570.24,0.0,489728.66,10816013.48,2314409.57,4094488.08,0.0,26729008.85
7490,6504527.0,4675306.92,3242585.43,6823450.28,3500973.24,32004706.19,6392752.35,5632958.32,0.0,68777259.74
7491,6504527.0,2230298.05,1200359.11,0.0,0.0,18329200.02,3769326.22,3597027.3,0.0,35630737.7
7492,6504527.0,840066.65,273835.96,0.0,3667764.95,6913670.03,1549627.6,2271635.59,0.0,22021127.78
7493,6504527.0,1460873.98,1801599.22,0.0,66510186.73,12379826.72,2536263.54,5639526.21,-73375.46,96759427.94
7494,6504527.0,1681396.97,1792939.43,0.0,70934282.76,11614894.18,2385933.53,5197386.06,-36755.66,100074604.28
7495,6504527.0,1321869.04,1318611.18,0.0,10442064.66,11608926.78,2356770.96,5112669.64,0.0,38665439.25
7496,6504527.0,1430168.23,1477811.14,0.0,17596885.93,12720815.53,2671764.63,6197495.4,0.0,48599467.85
7497,6504527.0,1239775.34,905234.41,0.0,119649.0,9008116.59,1987622.01,4138670.75,0.0,23903595.1
7498,6504527.0,1558551.47,1850630.88,0.0,67933029.62,12838097.62,2607735.62,5125075.09,-74257.44,98343389.87
7499,6504527.0,1816142.74,1179042.88,0.0,368761.81,12185351.73,2628348.75,3336141.07,-47984.1,27970331.89
7500,6504527.0,2194830.65,1014848.95,0.0,615115.49,15414139.76,3324874.99,3291650.11,0.0,32359986.96
7501,6504527.0,1464678.12,953438.52,32585208.9,0.0,14447285.25,2983726.2,4403661.74,0.0,63342525.72
7502,6504527.0,2419168.32,1713446.63,0.0,672198.02,17622147.95,3675666.34,3073300.28,-62092.89,35618361.65
7503,6504527.0,767171.97,547228.42,0.0,352104.68,7138227.7,1575908.26,2207345.98,-179609.67,18912904.35
7504,6504527.0,3284873.37,1576140.76,0.0,0.0,22672794.05,4547261.42,4329700.48,0.0,42915297.07
7505,6504527.0,1367494.84,1246213.49,0.0,1624979.74,12065757.14,2484067.91,5216007.48,0.0,30509047.59
7506,6504527.0,1327156.54,1454588.83,0.0,52033055.31,10319311.38,2005914.22,4181800.15,-99174.02,77727179.41
7507,6504527.0,2971002.19,1480295.81,0.0,438454.22,21444841.23,4255090.62,3930036.88,0.0,41024247.95
7508,6504527.0,1595447.19,957758.84,0.0,666100.33,9346872.1,2019351.41,4475731.34,-1550.34,25564237.87
7509,6504527.0,1456694.14,923304.1,0.0,148775.01,9735693.34,2077673.58,3223522.57,-51909.99,24018279.75
7510,6504527.0,1964684.26,1612757.64,0.0,495950.71,16216771.98,3336225.77,4582873.97,-19187.38,34694603.95
7511,6504527.0,3589673.5,3329716.49,12988318.48,76832107.11,26272064.95,5283932.14,5477801.69,0.0,140278141.36
7512,6504527.0,2631790.33,1964051.0,0.0,445838.59,19868499.46,4157153.17,4834069.27,-27827.83,40378101.0
7513,6504527.0,2012542.21,1680684.32,0.0,475414.41,16993761.73,3558721.7,4527883.79,-22631.67,35730903.49
7514,6504527.0,1838616.83,1015156.43,0.0,290859.37,14751680.58,3203452.26,2714127.16,0.0,30318419.63
7515,6504527.0,2023673.64,1541479.03,0.0,49687762.72,11693051.76,2359797.28,3641244.25,-108705.5,77342830.19
7516,6504527.0,1909107.73,2160287.04,0.0,68963071.54,15612361.11,3117730.21,5079024.95,-49699.15,103296410.43
7517,6504527.0,3305699.55,2073360.12,0.0,817518.03,20687980.98,4273369.81,4043392.24,-13072.26,41692775.47
7518,6504527.0,2389532.03,1592757.48,0.0,1474098.19,16432105.0,3063687.65,2549553.73,-67382.08,33938879.0
7519,6504527.0,3821773.38,2544914.32,0.0,2263605.52,31787165.62,6406625.12,4938600.61,0.0,58267211.58
7520,6504527.0,2339630.91,1948518.13,0.0,30313.66,19839712.96,3930217.66,4575915.48,-36573.7,39132262.1
7521,6504527.0,2636763.63,2964748.48,8107790.06,77508267.85,22595886.86,4625864.92,7006990.11,-9825.9,131941013.01
7522,6504527.0,2085233.79,1452226.99,5057186.27,15643918.74,19627574.24,3964788.13,6312693.25,0.0,60648148.42
7523,6504527.0,3411653.99,2504642.45,1212603.06,634887.51,25000280.3,4959970.23,5374260.4,0.0,49602824.95
7524,6504527.0,1832815.46,1634031.56,0.0,68314630.83,11124838.92,2247394.67,4836950.82,-128259.28,96366929.99
7525,6504527.0,1177719.63,438469.35,0.0,1345324.76,9519506.66,1745183.55,2594028.1,0.0,23324759.06
7526,6504527.0,4034939.37,2721683.85,1303300.61,1823597.4,27051740.15,5298708.3,5567647.97,0.0,54306144.64
7527,6504527.0,1116165.75,707791.96,0.0,155731.1,7838021.48,1803947.07,2151970.14,-77300.75,20200853.74
7528,6504527.0,1393188.04,1713494.16,0.0,81279882.28,10142330.92,2102720.31,3862191.99,-100228.41,106898106.28
7529,6504527.0,2935760.83,2023808.94,0.0,332518.28,20515195.63,4054193.46,4307732.91,-31386.71,40642350.33
7530,6504527.0,1969595.27,584575.59,0.0,0.0,10221234.47,2084089.45,1742018.27,0.0,23106040.05
7531,6504527.0,2337867.84,1258898.74,0.0,367107.7,12835657.13,2529914.14,2528698.87,-28495.87,28334175.56
7532,6504527.0,2642243.14,1779665.15,0.0,816792.5,18816114.8,3670952.87,3882666.27,-110915.98,38002045.74
7533,6504527.0,998735.97,532429.75,0.0,5066382.83,9465698.59,2002200.59,3240912.61,0.0,27810887.34
7534,6504527.0,2056565.24,1526155.45,16295824.72,14899405.66,20495398.05,4188606.15,6745289.68,0.0,72711771.95
7535,6504527.0,3889905.03,3328686.45,6909580.25,2389798.07,32905231.7,6685200.6,5972009.2,0.0,68584938.31
7536,6504527.0,3156306.97,2347913.13,0.0,1416948.18,23374895.49,4684281.3,5596983.52,-4983.77,47076871.82
7537,6504527.0,2703067.1,1741635.01,0.0,4009482.62,23944086.8,4977338.88,6005978.13,0.0,49886115.54
7538,6504527.0,3170978.76,2278599.66,0.0,2503493.27,22369277.72,4503060.89,5383888.79,0.0,46713826.09
7539,6504527.0,1774353.07,1212754.61,0.0,1926266.69,12398181.31,2567094.25,3090379.89,-58299.88,29415256.94
7540,6504527.0,1061370.7,520827.94,8416537.2,1059265.82,9729628.58,2097298.94,3295328.32,0.0,32684784.5
7541,6504527.0,1012077.01,1349761.66,0.0,70563866.3,7293569.75,1570712.61,5328149.23,-16252.44,93606411.13
7542,6504527.0,1873314.82,1434554.03,0.0,256123.56,14597211.95,3092719.04,4560011.08,-34634.61,32283826.87
7543,6504527.0,1055522.41,623714.43,10878391.41,11030551.61,9862338.16,2194984.89,3168124.95,0.0,45318154.87
7544,6504527.0,3225573.84,2134244.84,0.0,352847.49,21665882.76,4375563.48,4595209.93,-36244.28,42817605.07
7545,6504527.0,1914228.66,1425728.51,0.0,0.0,14490416.03,3037506.77,4225861.56,-23313.09,31574955.44
7546,6504527.0,1072012.6,1718712.54,53311869.78,70113216.67,10430316.01,2069476.5,5945162.04,0.0,151165293.15
7547,6504527.0,1578809.95,939552.85,0.0,1100816.74,9755638.84,1995158.99,3862280.67,-76702.02,25660083.03
7548,6504527.0,3124322.96,2211085.12,0.0,934281.1,22569902.67,4459160.11,4862721.97,-60548.02,44605452.91
7549,6504527.0,1694143.69,1441647.32,0.0,56629599.52,9341070.4,1854442.04,4660080.29,-61966.38,82063543.89
7550,6504527.0,1418522.9,1277725.76,0.0,7677121.04,11913129.82,2436559.18,5003767.85,0.0,36231353.56
7551,6504527.0,1150721.87,1149948.35,0.0,15537148.88,9392550.16,2119587.53,5336124.92,0.0,41190608.71
7552,6504527.0,2393828.8,1784442.61,0.0,511812.54,17931507.6,3661844.93,4914296.15,-12288.76,37689970.87
7553,6504527.0,1515550.11,983620.63,26894888.7,1771572.12,14276372.98,2973092.68,4420838.7,0.0,59340462.92
7554,6504527.0,3377409.01,2380250.72,0.0,117459.23,24099310.39,4841201.06,4892184.69,-34022.13,46178319.97
7555,6504527.0,2234693.11,1854425.82,0.0,4399993.52,18008866.98,3582811.13,5602346.15,-9614.52,42178049.2
7556,6504527.0,2552513.53,1961796.73,0.0,178899.54,19675549.1,4024461.29,5310699.49,-12371.09,40196075.6
7557,6504527.0,1994845.89,1293660.31,0.0,14606315.15,17925945.63,3707307.85,5508580.7,0.0,51541182.53
7558,6504527.0,2719330.38,1681558.57,0.0,236927.08,17057077.0,3283097.42,3662874.34,-26116.79,35119274.99
7559,6504527.0,1473126.36,1286961.82,0.0,41527379.43,9703953.7,1866621.41,3300636.63,-113988.59,65549217.77
7560,6504527.0,1287243.61,924737.19,0.0,32497115.87,6918226.26,1405879.4,2807191.13,-95675.0,52249245.46
7561,6504527.0,2298604.43,1659448.01,0.0,1568269.5,16431376.38,3430360.82,4292157.59,0.0,36184743.72
7562,6504527.0,3026469.56,2115003.07,0.0,2556269.19,21170683.26,4177400.48,5250425.17,-30976.56,44769801.18
7563,6504527.0,1562819.53,890200.84,45094248.6,0.0,13814908.42,2981713.85,4110984.29,0.0,74959402.53
7564,6504527.0,2168240.73,1704937.07,0.0,3439621.78,16575150.97,3470963.21,5274408.19,0.0,39137848.94
7565,6504527.0,2347688.35,2071423.65,1865486.48,4448733.51,19987187.3,4063661.06,6254416.23,0.0,47543123.57
7566,6504527.0,2051923.51,1007131.97,0.0,0.0,15854736.99,3296613.94,3239636.44,0.0,31954569.85
7567,6504527.0,1522697.45,842451.43,11239491.57,0.0,13337414.3,2927857.31,3855868.88,0.0,40230307.93
7568,6504527.0,1836794.56,1011103.09,0.0,325447.89,15923386.9,3348818.24,3460387.64,0.0,32410465.31
7569,6504527.0,2456836.88,1501554.17,0.0,254097.45,15223246.4,3134627.85,3729197.21,-28724.09,32775362.86
7570,6504527.0,2612433.11,1835403.01,2765656.72,45649.43,18337156.09,3742646.54,5405644.43,0.0,41249116.32
7571,6504527.0,2933644.97,1920496.18,0.0,2644986.03,19867441.59,3822016.93,3883284.47,-92265.01,41484132.16
7572,6504527.0,1660947.13,1946411.25,4759473.32,77881618.72,12871121.51,2597032.76,5300789.84,-60216.61,113461704.92
7573,6504527.0,1405692.44,1164476.94,0.0,4883747.97,11055714.23,2398207.29,4265586.63,0.0,31677952.51
7574,6504527.0,1629959.63,1423193.36,0.0,1567673.86,14063403.39,2976735.11,5218401.31,0.0,33383893.67
7575,6504527.0,1338501.26,2203285.74,0.0,153152531.5,8689140.01,1892289.82,4328908.87,-213312.19,177895871.99
7576,6504527.0,1746247.87,1239663.96,0.0,908438.3,12290431.85,2529076.93,5062289.63,0.0,30280675.55
7577,6504527.0,1840886.94,782618.65,0.0,250140.04,8841550.71,1763263.32,1385204.73,-103504.3,21264687.09
7578,6504527.0,1747982.97,1949079.53,0.0,67033446.68,14153843.03,2830101.7,5694205.97,-119693.69,99793493.19
7579,6504527.0,894617.7,521540.64,0.0,0.0,7077220.72,1588595.22,1923268.54,-186181.43,18323588.38
7580,6504527.0,2707117.33,1165559.38,0.0,1259040.41,18189491.07,3707743.06,4069619.07,0.0,37603097.33
7581,6504527.0,2811067.74,1584335.87,0.0,437185.83,22359091.12,4451742.18,4350397.94,0.0,42498347.69
7582,6504527.0,1940390.16,1756770.55,0.0,58944579.99,13238404.92,2761624.78,4275564.97,-116596.3,89305266.07
7583,6504527.0,3202696.01,1680400.3,0.0,3338550.78,23405074.23,4781452.42,5395231.4,0.0,48307932.14
7584,6504527.0,2614138.99,2885510.26,9049531.93,77312249.55,21943189.58,4558256.96,6313974.06,-16126.6,131165251.74
7585,6504527.0,1218267.9,522283.54,0.0,734557.42,6935377.92,1411032.46,1096053.81,-182525.94,18239574.1
7586,6504527.0,1782749.27,1907918.79,0.0,68089324.59,13163441.45,2791604.87,5376940.91,-61308.47,99555198.41
7587,6504527.0,1244489.7,722027.0,5147384.65,4194763.26,11309682.63,2517804.0,4403968.46,0.0,36044646.7
7588,6504527.0,1108634.65,1362675.09,0.0,59360626.39,8619592.93,1807630.46,5044804.43,-70225.02,83738265.93
7589,6504527.0,2840510.15,1699132.95,0.0,3011590.09,23706010.44,4755722.91,5170422.88,0.0,47687916.41
7590,6504527.0,1225181.97,1374982.08,3928152.12,29300272.52,10233780.59,2077503.12,6733945.9,0.0,61378345.3
7591,6504527.0,2917311.38,1172183.75,0.0,3829368.18,18272267.94,3746335.24,4304921.99,0.0,40746915.47
7592,6504527.0,2821766.96,2770454.35,7470411.16,78347991.43,20834781.77,4213444.36,5856180.64,-32598.85,128786958.82
7593,6504527.0,4224441.33,3505209.09,12286345.68,7185971.55,33898364.46,6823061.83,6150899.16,0.0,80578820.1
7594,6504527.0,960473.42,734884.58,0.0,1518033.79,8462554.08,1789543.62,2982665.4,-147493.24,22805188.65
7595,6504527.0,1991350.22,1856995.9,0.0,3325910.96,17744919.36,3585378.38,6549549.8,-8327.81,41550303.8
7596,6504527.0,2839230.41,2499983.17,0.0,2022931.66,24668824.4,5073897.41,6421005.79,-4543.17,50025856.67
7597,6504527.0,2233211.29,1781445.55,0.0,4013422.93,17145930.61,3616001.34,5331407.45,0.0,40625946.17
7598,6504527.0,1168175.15,994797.15,0.0,3875301.51,9494900.31,1984840.64,3996521.24,0.0,28019063.0
7599,6504527.0,3505621.41,2723084.51,10697370.55,3087261.74,26537131.02,5311259.2,6287879.17,0.0,64654134.6
7600,6504527.0,1608378.5,1176393.88,0.0,873623.39,11771998.44,2415851.21,2873636.71,-7110.21,27217298.92
7601,6504527.0,2344408.61,850056.36,0.0,256355.14,12650919.84,2624432.65,2256218.22,0.0,27486917.82
7602,6504527.0,1099678.97,1235213.56,70167005.0,10431942.83,10996789.72,2139324.4,4674867.11,0.0,107249348.58
7603,6504527.0,1504468.11,610040.66,0.0,623244.08,11250984.94,2223567.83,2647784.84,0.0,25364617.48
7604,6504527.0,3126255.44,2446531.5,0.0,82352.02,24818378.24,4782060.79,4481863.41,-37858.31,46204110.11
7605,6504527.0,1089010.84,742444.96,29553514.59,9886925.59,10890108.39,2134686.57,4359712.7,0.0,65160930.63
7606,6504527.0,1850928.19,1276725.06,0.0,1198595.05,12444733.51,2564781.34,3796905.24,0.0,29637195.39
7607,6504527.0,1768654.72,1478781.94,0.0,57248046.07,11070956.07,2373913.19,5098558.44,-206703.44,85336733.99
7608,6504527.0,1362993.91,1238412.09,0.0,10778923.65,10919571.95,2227244.89,5216997.28,0.0,38248670.77
7609,6504527.0,1899979.57,1622759.83,0.0,613322.9,16122887.58,3442072.7,5855957.51,-6219.55,36055287.54
7610,6504527.0,1893059.75,1481470.87,0.0,564482.49,14652876.2,3050260.56,4775083.02,0.0,32921759.9
7611,6504527.0,759226.75,323728.07,0.0,3224682.86,6254645.93,1167788.97,2820893.88,0.0,21055493.45
7612,6504527.0,2086870.49,1487981.2,0.0,13547210.43,20205512.24,4088303.0,6579752.94,0.0,54500157.29
7613,6504527.0,2514786.23,2276985.56,6647629.17,76832107.11,16283647.3,3361648.19,5217437.38,-53889.17,119584878.79
7614,6504527.0,2398154.22,2448185.06,750194.92,77342871.15,17649885.75,3697870.26,5660764.18,-27168.67,116425283.88
7615,6504527.0,1375118.37,1611134.01,14785798.02,17895033.64,13751183.72,2782810.91,7603969.48,0.0,66309575.16
7616,6504527.0,2598764.76,2144863.51,0.0,62605.72,21622765.16,4521973.77,5522120.49,-19727.19,42957893.22
7617,6504527.0,1363132.65,1432774.64,0.0,9921785.35,13001603.63,2555245.28,6278364.15,0.0,41057432.71
7618,6504527.0,2606909.05,1423525.52,1157644.88,480103.76,21082887.9,4356898.2,5997267.28,0.0,43609763.58
7619,6504527.0,1290743.38,581261.03,7143674.73,3278032.34,10262357.09,2178858.59,3291393.7,0.0,34530847.85
7620,6504527.0,2278545.68,1613576.4,0.0,5470462.95,15432294.22,3031605.67,4841835.75,0.0,39172847.67
7621,6504527.0,2527949.31,1121121.97,0.0,156288.45,18178548.71,3637512.57,4479075.63,0.0,36605023.65
7622,6504527.0,1797939.55,1709684.06,0.0,62541310.79,11624364.88,2358824.57,4740661.16,-48734.25,91228577.76
7623,6504527.0,2187205.86,1931464.13,0.0,331346.31,19459421.0,3862911.07,5423492.43,-24662.11,39675705.7
7624,6504527.0,1014589.62,1522444.4,38576636.1,60896515.1,9822794.46,1985692.27,5327064.61,0.0,125650263.55
7625,6504527.0,3096756.65,1899665.82,0.0,726186.59,19267330.27,3848256.37,3779512.6,-35814.56,39086420.73
7626,6504527.0,1543754.91,901265.05,0.0,689921.25,14311317.26,2941105.32,4011550.31,0.0,30903441.09
7627,6504527.0,2891842.09,1433921.12,0.0,103104.99,21199937.76,4271814.1,4322846.29,0.0,40727993.34
7628,6504527.0,1749738.72,1544870.76,0.0,51584145.89,11615739.97,2332624.99,4001573.15,-110710.44,79222510.03
7629,6504527.0,2437871.44,1356541.82,0.0,696733.84,19686582.1,3951704.01,4735128.73,0.0,39369088.95
7630,6504527.0,1487797.99,616896.43,0.0,494074.84,12239957.83,2649455.85,3142754.81,0.0,27135464.74
7631,6504527.0,1165783.29,1330060.53,0.0,48164743.43,9222066.28,2025967.52,4019989.41,-23406.43,72409731.02
7632,6504527.0,1785709.03,1597728.18,0.0,4338527.4,15305817.36,3287666.61,5333716.86,0.0,38153692.43
7633,6504527.0,1534403.05,955315.02,0.0,972523.75,9717132.8,1893736.9,3398394.06,-26805.1,24949227.49
7634,6504527.0,2971576.49,1312615.63,0.0,4747200.01,19538628.2,3947334.92,4651428.33,0.0,43673310.6
7635,6504527.0,1400230.52,1168645.37,0.0,4571283.08,11027436.07,2181076.17,4734646.51,0.0,31587844.72
7636,6504527.0,2081032.31,1176745.82,0.0,36575790.96,9879342.06,1958108.33,2716206.76,-158048.83,60733704.4
7637,6504527.0,1958693.29,1644715.22,0.0,50142059.73,13076972.66,2648950.28,3624382.93,-143285.44,79457015.67
7638,6504527.0,629135.46,130618.03,0.0,80987.15,2184748.95,516701.88,247749.52,-90850.5,10203617.49
7639,6504527.0,1285034.42,963716.27,0.0,285458.36,10140542.17,2114364.44,3240013.99,-60889.73,24472766.92
7640,6504527.0,1892010.87,753861.17,0.0,9214377.24,13395737.76,2719057.35,4041089.06,0.0,38520660.45
7641,6504527.0,3303551.71,1704632.49,0.0,0.0,17883713.36,3571215.4,3726209.12,-83738.84,36610110.24
7642,6504527.0,3631126.8,2398608.48,0.0,2207267.77,23794233.76,4896171.14,5147819.69,-24011.0,48555743.64
7643,6504527.0,941741.91,1159502.62,23850679.8,56887654.27,7733570.26,1630116.36,3460603.84,-95242.26,102073153.81
7644,6504527.0,1973174.86,2072886.74,0.0,70675148.43,14694754.54,3086586.11,5288327.44,-54406.95,104240998.17
7645,6504527.0,1911700.9,1483931.4,0.0,498211.43,14892640.72,3028329.63,4978340.2,-18748.7,33278932.57
7646,6504527.0,3223144.51,1673982.43,0.0,155235.24,23707542.61,4706678.96,4836142.33,0.0,44807253.07
7647,6504527.0,1171825.6,542916.16,0.0,84671.51,6212496.01,1379139.71,2390298.57,-81463.27,18204411.28
7648,6504527.0,2332451.29,1518586.77,0.0,910621.72,15834836.39,3061134.38,3466201.56,-72268.0,33556091.12
7649,6504527.0,1873544.81,1602904.06,0.0,473184.71,15882226.23,3279302.62,4972406.15,-1134.83,34586960.74
7650,6504527.0,1014485.41,509419.59,26307697.48,8353335.93,9310737.55,1929674.88,3039060.84,0.0,56968938.67
7651,6504527.0,2315398.47,1834174.06,0.0,8817.11,18698808.72,3688760.87,4862490.11,-35768.3,37877208.04
7652,6504527.0,2464746.5,1696190.95,0.0,599927.34,17888998.58,3507093.35,4443534.3,-96940.9,37008077.12
7653,6504527.0,1620756.74,725964.13,0.0,59436.09,11681231.21,2353024.0,2397787.52,0.0,25342726.69
7654,6504527.0,1536866.81,1931143.67,4127068.76,79584589.99,12393992.97,2676073.69,6222917.34,-70348.35,114906831.89
7655,6504527.0,2881089.24,1628212.91,0.0,0.0,23307229.08,4631624.34,4914488.57,0.0,43867171.14
7656,6504527.0,2283642.92,676841.67,0.0,169967.38,11485775.87,2428185.01,2038388.71,0.0,25587328.55
7657,6504527.0,1390561.71,816367.4,0.0,6663488.51,13692852.24,2837307.59,5039069.13,0.0,36944173.58
7658,6504527.0,1238979.14,1299523.89,0.0,60051233.58,8450005.0,1866835.65,5049223.2,-132120.82,84328206.63
7659,6504527.0,2632548.41,2457961.78,8071358.03,3087296.98,23914376.5,4903270.3,6485545.79,0.0,58056884.79
7660,6504527.0,1703759.71,2012884.06,0.0,71936520.68,13829448.42,2832718.9,5626725.58,-47628.21,104398956.13
7661,6504527.0,1729377.14,783325.43,0.0,475782.3,14226155.26,2982216.63,3511895.04,0.0,30213278.81
7662,6504527.0,1854456.32,1572353.33,0.0,43827077.77,13057037.32,2657196.69,2648459.69,-124856.69,71996251.43
7663,6504527.0,1597718.07,1534714.0,0.0,68200762.96,9810310.26,2042978.0,5144839.09,-79323.77,94756525.61
7664,6504527.0,923319.35,1254900.6,22443616.61,54749469.15,8781180.82,1743148.96,4159233.46,-106880.78,100452515.17
7665,6504527.0,1429284.04,1772862.24,0.0,68705641.71,11311211.86,2212661.74,5391900.81,-12017.81,97316071.58
7666,6504527.0,2282275.79,1211313.1,0.0,99501.1,12605763.29,2449172.97,2281418.7,-49957.05,27384014.89
7667,6504527.0,2537084.49,2228841.68,0.0,70201962.59,16101914.57,3259070.02,4978696.65,-40469.48,105771627.52
7668,6504527.0,1965628.27,2366266.77,1455274.66,77881638.08,16999874.26,3561778.69,6659563.5,-69698.53,117324852.7
7669,6504527.0,2800934.44,2101367.08,1330812.32,9872252.25,26789366.6,5411317.68,7203929.39,0.0,62014506.76
7670,6504527.0,1933812.23,989105.73,0.0,1955840.07,16270841.01,3479509.53,5037962.85,0.0,36171598.42
7671,6504527.0,1231361.37,1729245.97,6456622.97,84998934.82,9416419.59,1913702.12,6857489.32,0.0,119108303.16
7672,6504527.0,1018337.02,698731.5,0.0,0.0,7644494.06,1669077.05,2936954.64,-65717.9,20406403.37
7673,6504527.0,942826.69,976076.3,12520478.24,2706788.82,8985858.59,1829386.35,4811683.59,0.0,39277625.59
7674,6504527.0,1004866.39,467268.12,29006655.1,730863.07,9518821.41,1871642.35,2925979.14,0.0,52030622.58
7675,6504527.0,1392135.54,1614436.95,4646909.1,21143597.67,13727352.83,2779227.96,7817696.3,0.0,59625883.35
7676,6504527.0,3664938.86,1878648.25,0.0,581648.87,18852808.47,3864301.54,3451315.87,-17606.99,38780581.87
7677,6504527.0,945041.47,989951.54,24062877.79,3388513.1,9297762.21,1784917.23,4841668.84,0.0,51815259.18
7678,6504527.0,1322886.23,613329.43,15253837.12,89328.45,11038791.51,2368042.98,4044822.45,0.0,41235565.17
7679,6504527.0,1290608.55,1079011.68,0.0,1692463.91,10972704.94,2487013.0,4773519.25,-46487.19,28753361.14
7680,6504527.0,1415356.69,1320600.34,0.0,9937622.17,12078773.1,2452883.66,5235671.8,0.0,38945434.76
7681,6504527.0,1031830.36,681862.43,18528139.45,10811560.64,10318303.57,2032269.75,3910540.19,0.0,53819033.38
7682,6504527.0,2137366.3,1264140.85,0.0,28723610.83,11786422.35,2364896.44,1878614.92,-184064.63,54475514.06
7683,6504527.0,2633776.96,1718491.4,2608836.43,3995557.04,23742883.45,4917230.27,5931268.9,0.0,52052571.45
7684,6504527.0,1700573.8,1591084.0,0.0,17367816.27,13880325.15,2965150.21,6420761.08,0.0,50430237.5
7685,6504527.0,3436676.92,2556654.44,0.0,740905.89,25907460.36,5165010.44,5235869.47,-41210.83,49505893.69
7686,6504527.0,1030152.26,954659.87,0.0,5946004.15,8593968.65,1835245.69,4392782.53,0.0,29257340.15
7687,6504527.0,3050298.15,2262154.83,0.0,1381890.05,22588050.8,4512507.45,5537963.8,-10665.6,45826726.49
7688,6504527.0,3442497.34,2466409.14,0.0,2659317.27,24679964.15,4906603.31,5223287.04,-25239.47,49857365.78
7689,6504527.0,1119578.0,419225.5,0.0,135185.92,6242147.9,1456926.89,1606960.76,-209986.35,17274565.61
7690,6504527.0,2389168.27,1700258.9,3892919.1,5866654.62,23327484.97,4798038.94,5973146.73,0.0,54452198.53
7691,6504527.0,1186814.05,394949.28,0.0,520051.09,4311980.21,1009434.09,552347.73,-46196.81,14433906.64
7692,6504527.0,1370590.53,1436937.7,6877696.21,12284012.72,12990139.71,2519952.96,6849175.49,0.0,50833032.32
7693,6504527.0,2225351.15,2408957.73,0.0,75642196.75,17489711.11,3659695.28,5493627.62,-28611.84,113395454.79
7694,6504527.0,3557699.12,2765888.59,0.0,3781333.83,27144086.92,5547715.9,5510145.65,-2337.04,54809059.95
7695,6504527.0,1374140.49,1337412.14,0.0,5155926.4,12727101.57,2596335.14,5078052.93,0.0,34773495.66
7696,6504527.0,1430140.72,1143019.08,0.0,6674894.44,10649812.2,2209014.0,4445378.48,0.0,33056785.91
7697,6504527.0,1961189.44,3536528.92,12878952.39,269657829.12,11631479.98,2452819.09,6160065.34,-180083.85,314603307.43
7698,6504527.0,2942065.91,1839158.57,0.0,1496968.63,18855985.44,3752686.51,3329529.13,-65722.83,38655198.36
7699,6504527.0,1991018.01,1076308.65,0.0,668243.94,11327654.49,2279914.71,2070517.48,-70997.11,25847187.16
7700,6504527.0,3121419.93,2297034.71,0.0,1938610.61,22868716.53,4523213.29,4773471.56,-8845.65,46018147.98
7701,6504527.0,2811450.85,1576716.51,0.0,392980.04,16329343.49,3288230.69,3152101.36,-63042.09,33992307.86
7702,6504527.0,1158665.06,1089521.79,0.0,10590614.9,9541653.5,2009028.2,5235747.5,0.0,36129757.95
7703,6504527.0,1849778.92,1089214.84,0.0,278592.0,12397998.28,2492488.87,2696353.21,-152538.27,27156414.84
7704,6504527.0,1658035.37,946698.14,0.0,1318006.82,15308995.19,3005485.56,4519023.3,0.0,33260771.38
7705,6504527.0,3801153.24,3354282.9,2952170.08,4379622.7,32747980.12,6506821.46,5687360.56,0.0,65933918.05
7706,6504527.0,1631420.39,1521411.09,11995015.15,18066502.76,13101910.94,2841950.28,6279707.33,0.0,61942444.94
7707,6504527.0,2429269.3,1394868.41,0.0,582510.34,13933852.39,2803447.2,2473696.38,-5009.75,30117161.29
7708,6504527.0,1300393.43,866419.24,0.0,4287162.19,8071933.04,1716392.53,4199510.6,0.0,26946338.02
7709,6504527.0,1888543.25,1122963.23,0.0,11602429.22,16869263.18,3558638.48,4792626.26,0.0,46338990.62
7710,6504527.0,986238.16,1100709.56,0.0,52188073.25,7666402.79,1611558.81,4156483.16,-168072.67,74045920.06
7711,6504527.0,1349222.13,467824.95,0.0,155836.74,6785579.8,1490836.01,891016.23,0.0,17644842.86
7712,6504527.0,714649.92,0.0,0.0,0.0,1091097.99,387869.43,0.0,-109109.8,8589034.54
7713,6504527.0,2074959.89,1321629.37,3881538.06,13000443.95,18704862.09,3910879.32,4971182.77,0.0,54370022.46
7714,6504527.0,1925475.33,1981905.63,0.0,10720507.69,18333566.4,3832483.71,6957626.9,-6813.83,50249278.84
7715,6504527.0,3751110.58,3108259.2,7598567.99,0.0,31082591.98,6209937.12,5373860.04,0.0,63628853.91
7716,6504527.0,986666.88,1075806.77,0.0,11003237.96,9307685.0,1933736.49,5379841.61,0.0,36191501.71
7717,6504527.0,1779219.71,727034.14,0.0,834984.25,12652120.33,2573793.47,2997409.62,0.0,28069088.52
7718,6504527.0,1330753.92,1209847.78,0.0,7708486.63,11109745.7,2360535.94,4665076.6,0.0,34888973.57
7719,6504527.0,2018401.16,1263259.62,0.0,880914.43,12346572.63,2673016.54,3201272.03,0.0,28887963.4
7720,6504527.0,2569367.25,2117813.03,12015582.74,955759.19,20824840.1,4303671.1,5539863.33,0.0,54831423.74
7721,6504527.0,2172067.7,1124421.64,0.0,2344157.76,17721730.25,3597244.16,5006743.69,0.0,38470892.21
7722,6504527.0,2190684.87,1431496.28,0.0,628425.84,14711728.24,2967857.6,2969122.42,-54506.53,31349335.73
7723,6504527.0,1442787.32,1207998.35,0.0,257555.57,12653523.73,2554460.64,3982331.33,-64646.14,28538537.81
7724,6504527.0,1401870.55,1169648.27,0.0,67743.78,11688562.58,2458304.75,3852458.59,0.0,27143115.52
7725,6504527.0,3393638.1,2412496.14,0.0,2880414.13,24196042.51,4852676.15,5198228.64,-27689.87,49410332.79
7726,6504527.0,1132822.44,878632.02,0.0,5224599.12,8175499.21,1748420.88,4370596.86,0.0,28035097.52
7727,6504527.0,994412.06,585911.15,27897323.24,7919053.13,9944120.65,1942326.25,3553627.01,0.0,59341300.51
7728,6504527.0,1212751.99,1095095.21,0.0,33822059.79,7836403.78,1503888.48,2836676.17,-38270.5,54773131.92
7729,6504527.0,890337.76,1416193.32,45797141.88,59737284.37,8903377.59,1721529.07,5218479.85,0.0,130188870.83
7730,6504527.0,683209.57,200024.11,0.0,888309.38,5163080.48,1286921.79,1355565.71,0.0,16081638.03
7731,6504527.0,2562274.29,1442965.58,0.0,0.0,15140464.43,3098773.46,2496699.64,-71080.86,31174623.54
7732,6504527.0,2470937.6,2272103.79,0.0,74223551.51,16164707.7,3293341.22,5377210.38,-36727.81,110269651.38
7733,6504527.0,2911212.66,1893365.01,0.0,1589004.85,19887794.27,4025463.08,3441067.95,-111844.8,40140590.03
7734,6504527.0,2777745.33,1824726.42,0.0,1071100.18,18605338.95,3593831.41,4208212.65,-47589.34,38537892.6
7735,6504527.0,2388987.34,2463443.67,0.0,74857458.76,18205120.78,3597933.35,5728116.48,-52021.29,113693566.09
7736,6504527.0,1418774.33,1570813.9,21072739.23,13770294.93,13994638.21,2810516.36,6392873.42,0.0,67535177.37
7737,6504527.0,2542128.97,2026586.75,0.0,57978246.71,15867048.08,3204726.28,4306868.39,-107376.83,92322755.35
7738,6504527.0,1940234.2,1031984.17,0.0,291088.75,16252011.07,3282589.52,3365500.53,0.0,32667935.23
7739,6504527.0,2080796.41,2108790.76,4812134.8,11145130.22,19683773.27,4064713.79,6611349.88,0.0,57011216.13
7740,6504527.0,1000368.13,1387351.7,42900604.01,60099802.68,8742572.1,1774744.32,4469794.06,0.0,126879764.0
7741,6504527.0,2788120.15,2030268.97,0.0,946602.81,20569565.1,4172474.88,4479301.73,-37142.71,41453717.93
7742,6504527.0,2888109.23,2620215.16,0.0,63792469.29,20651447.41,4073914.88,4918009.78,-54917.77,105393774.99
7743,6504527.0,3624808.9,1936374.66,0.0,1322377.95,19138892.1,3885147.85,3647784.34,0.0,40059912.79
7744,6504527.0,2400537.85,1713693.01,0.0,602846.51,17739326.17,3630145.76,4244334.72,-67062.27,36768348.75
7745,6504527.0,1996728.62,1686219.81,0.0,74990.93,17226766.08,3612710.63,5768613.71,-37333.54,36833223.24
7746,6504527.0,2012400.28,2146243.12,5596187.42,78030572.87,15103130.35,3115971.24,6356413.13,-74936.82,118790508.58
7747,6504527.0,1574130.55,653371.93,0.0,118750.14,12156712.83,2582242.08,3257010.93,0.0,26846745.45
7748,6504527.0,567990.23,240330.1,0.0,1726050.21,5304186.8,1103505.73,2044567.49,0.0,17491157.56
7749,6504527.0,1681734.59,2756199.36,0.0,194920926.08,10684030.53,2199119.61,5746997.53,-165893.73,224327640.97
7750,6504527.0,1732393.44,823031.59,0.0,278120.74,12957000.21,2627139.0,2305388.02,0.0,27227600.0
7751,6504527.0,2727979.77,2203942.04,2429804.39,2146591.1,21700440.31,4436028.61,5174822.02,0.0,47324135.24
7752,6504527.0,3338003.76,2301824.85,0.0,192301.06,23040492.03,4578366.35,5225802.61,-4543.05,45176774.61
7753,6504527.0,2459866.45,1605812.23,10736458.99,839636.71,15988540.59,3195217.86,5055505.75,0.0,46385565.58
7754,6504527.0,1111810.42,891931.32,0.0,2067378.44,8678779.48,1902096.35,4084451.33,0.0,25240974.34
7755,6504527.0,3324405.59,2246889.37,0.0,809227.92,22331243.18,4451621.1,4525933.95,0.0,44193848.11
7756,6504527.0,860978.92,1015247.18,0.0,51390467.15,6568962.67,1385406.8,3523795.05,-94051.1,71155333.67
7757,6504527.0,1299739.5,571519.56,0.0,42679.87,9905978.18,2097177.54,2067549.09,0.0,22489170.74
7758,6504527.0,2276506.07,1335331.79,0.0,1339413.8,14295798.06,2851706.5,3069750.17,-109055.64,31563977.76
7759,6504527.0,1387800.05,707081.37,0.0,721570.16,8513800.46,1773307.14,2531741.93,-154284.38,21985543.74
7760,6504527.0,2424262.06,1149145.42,0.0,1335947.91,17413528.76,3589436.6,3628597.58,0.0,36045445.33
7761,6504527.0,1637767.73,1454617.81,0.0,29583.73,14998206.3,3056229.14,5912802.89,-46296.36,33547438.23
7762,6504527.0,1809310.61,3403061.74,9700803.65,260033937.46,11913577.24,2496951.04,6101745.67,-270790.29,301693124.11
7763,6504527.0,2921745.0,1734521.63,0.0,452825.37,23995989.81,4754344.56,4882305.53,0.0,45246258.92
7764,6504527.0,2699905.62,2555184.53,171301.05,74980220.69,18513326.76,3659218.12,5142864.48,-13416.53,114213131.72
7765,6504527.0,2489894.62,1841492.81,0.0,42863.37,18929015.24,3738746.92,3926603.76,-51707.6,37421436.12
7766,6504527.0,1830554.39,1087548.44,0.0,148359.55,17517102.16,3785945.32,4649595.85,0.0,35523632.73
7767,6504527.0,1375065.47,1243833.34,0.0,45859084.67,9436010.45,2094953.79,3535247.2,-133770.31,69914951.6
7768,6504527.0,1049125.65,556820.93,0.0,642731.87,6256145.94,1349478.78,1784032.89,-73807.51,18069055.53
7769,6504527.0,2556662.79,1982157.15,8615404.49,28304.66,19811108.82,4010336.38,5484284.96,0.0,48992786.25
7770,6504527.0,2469786.7,1550243.37,0.0,413274.39,16008825.29,3116933.46,2937917.14,-55208.03,32946299.31
7771,6504527.0,1829870.49,1371936.21,0.0,43184694.43,11154445.91,2269190.53,3206063.85,-164232.31,69356496.12
7772,6504527.0,1926872.71,1286547.93,0.0,425568.84,12801575.57,2527831.47,4559955.16,0.0,30032878.68
7773,6504527.0,1450895.95,1630682.24,9137757.22,18033992.75,14213352.28,2945906.64,7375636.87,0.0,61292750.95
7774,6504527.0,2382260.95,1467854.68,0.0,1749172.76,20756907.54,4070227.64,5286189.02,0.0,42217139.59
7775,6504527.0,1314453.56,1032330.37,0.0,54940620.04,5929538.65,1272426.43,2653267.6,-137961.33,73509202.32
7776,6504527.0,952149.33,428771.69,0.0,684128.38,8318178.91,1907017.22,2301969.79,0.0,21096742.32
7777,6504527.0,3511165.73,3084148.89,18801688.02,77686557.54,23500546.79,4568676.98,5583875.0,0.0,143241185.96
7778,6504527.0,1356931.86,496675.7,0.0,0.0,9209437.14,1930401.57,1823510.71,0.0,21321483.99
7779,6504527.0,1187547.63,961659.11,0.0,647351.87,9935016.44,2052653.81,3804106.5,-55771.48,25037090.88
7780,6504527.0,2676640.24,1444594.5,0.0,1488412.21,19665104.98,4064751.21,3274583.32,0.0,39118613.45
7781,6504527.0,1321503.88,1115243.06,0.0,132666.39,11145281.81,2227210.05,4325293.22,-4189.05,26767536.37
7782,6504527.0,1379650.79,852095.56,0.0,626120.33,9928112.04,2084450.39,1810801.06,-148037.49,23037719.67
7783,6504527.0,2982587.31,1912408.72,0.0,1525727.74,25886646.67,5184010.04,4955063.9,0.0,48950971.39
7784,6504527.0,1297789.44,849196.95,0.0,782607.83,9210362.56,1875986.73,2398157.68,-100767.9,22817860.28
7785,6504527.0,1253336.46,980912.91,0.0,1675601.02,9225334.77,2047071.05,5029690.16,0.0,26716473.37
7786,6504527.0,1236122.38,1183829.02,0.0,12295893.6,10385693.59,2230798.24,5068367.81,0.0,38905231.65
7787,6504527.0,1064311.85,603804.62,10456102.52,5559362.37,10079092.31,2183781.35,3214590.57,0.0,39665572.59
7788,6504527.0,1864901.51,1329604.28,0.0,1228373.78,13649876.93,2820293.6,3718351.55,-57230.57,31058698.07
7789,6504527.0,1095667.79,1064934.73,0.0,14600207.8,8994513.12,1869604.05,5070899.02,0.0,39200353.51
7790,6504527.0,2954310.15,2382581.57,0.0,2778781.05,23488399.86,4883646.81,5548498.09,-20175.02,48520569.5
7791,6504527.0,3111176.73,2535541.6,0.0,1321344.92,25407049.03,5224396.26,5445102.29,-36693.29,49512444.54
7792,6504527.0,1798784.37,1160347.63,0.0,925018.2,11693077.83,2362038.2,3270697.57,-20639.25,27693851.55
7793,6504527.0,1415856.48,1363871.22,0.0,10134476.87,12453865.14,2600188.61,4968343.73,0.0,39441129.04
7794,6504527.0,2139619.2,2168022.11,0.0,77671933.88,15510242.42,3130143.63,5236210.52,-97562.95,112263135.81
7795,6504527.0,591673.44,759187.47,0.0,43465672.42,4690785.24,1021366.01,3059404.34,-119525.98,59973089.94
7796,6504527.0,1336667.59,1069504.72,0.0,4018192.94,10203684.17,2149974.35,4371090.04,0.0,29653640.81
7797,6504527.0,1283486.18,1786483.28,603421.52,76888163.35,10852560.8,2404679.01,6265823.83,-3139.46,106586005.52
7798,6504527.0,2910607.88,2289193.43,0.0,1030439.2,23107396.01,4601499.16,4854566.74,-28397.69,45269831.74
7799,6504527.0,775256.82,240191.39,0.0,0.0,6238409.03,1408452.49,1486311.97,0.0,16653148.69
7800,6504527.0,3942086.45,2552156.16,0.0,2288340.48,25542070.03,4984777.46,4351871.82,-44392.27,50121437.14
7801,6504527.0,2071610.26,1761243.3,0.0,354812.17,17583919.28,3783705.44,5802126.1,-8726.14,37853217.41
7802,6504527.0,174202.97,710502.98,0.0,46091116.46,576106.19,148381.96,4176446.51,-57610.62,58323673.45
7803,6504527.0,2269899.72,2965766.22,2008364.47,147091864.01,16154082.66,3247886.47,5649007.86,-19788.43,185871609.99
7804,6504527.0,2481889.63,1576706.93,9634847.83,2171223.79,22195915.12,4684083.85,6069523.26,0.0,55318717.41
7805,6504527.0,3065814.77,1261317.98,0.0,3771243.62,19151056.98,3847156.11,4443474.27,0.0,42044590.73
7806,6504527.0,673935.07,205410.32,0.0,945396.43,5143697.65,1272134.28,1425779.4,0.0,16170880.17
7807,6504527.0,861075.04,73559.31,0.0,233745.45,2091354.72,582542.46,134871.02,-139549.37,10342125.63
7808,6504527.0,3314749.33,2551012.19,0.0,2112031.94,25378245.87,5109684.3,5690249.51,-9201.71,50651298.43
7809,6504527.0,2721158.72,1622058.02,0.0,261587.76,22967774.66,4704828.6,4950401.51,0.0,43732336.27
7810,6504527.0,2543320.89,1742629.35,0.0,2988808.63,17087945.26,3455143.1,4795996.35,0.0,39118370.58
7811,6504527.0,614224.1,254997.51,0.0,5829688.37,5694021.03,1142133.21,2421501.16,0.0,22461092.37
7812,6504527.0,1197069.59,430704.16,0.0,1284970.7,9184967.54,1886127.15,2334142.07,0.0,22822508.21
7813,6504527.0,1310863.22,1026037.89,0.0,3902551.27,9628703.84,1913365.0,4420178.14,-14881.48,28691344.88
7814,6504527.0,2030800.99,1077049.19,0.0,5652399.24,17116274.09,3538235.04,4516538.4,0.0,40435823.96
7815,6504527.0,2677509.42,1906560.22,0.0,1917872.26,18815887.55,3879211.01,5074336.18,0.0,40775903.65
7816,6504527.0,2659440.75,1936046.05,2189829.15,265532.75,19262308.05,3792023.32,5218281.01,0.0,41827988.08
7817,6504527.0,833454.85,475933.09,770827.42,17598545.69,8111308.0,1687760.96,3381001.47,0.0,39363358.48
7818,6504527.0,1812141.54,925174.45,0.0,9215373.77,15199452.12,3071708.66,5141152.4,0.0,41869529.94
7819,6504527.0,1999255.18,1832135.81,3576611.01,6104271.58,17383607.66,3560053.1,6533107.71,0.0,47493569.04
7820,6504527.0,2456227.68,2010149.74,1633532.17,0.0,20101497.38,4066806.42,5922629.3,0.0,42695369.69
7821,6504527.0,1851781.3,1533703.51,0.0,1566159.41,16264170.94,3375744.45,4620922.76,-135031.59,35581977.79
7822,6504527.0,1846207.19,2120018.24,0.0,123730584.99,11372385.73,2311314.71,5176897.99,-186354.42,152875581.44
7823,6504527.0,2992067.87,2064797.65,0.0,2170623.45,20795024.95,4093236.04,4878731.43,-38019.26,43460989.13
7824,6504527.0,1883952.29,1704860.38,0.0,5604638.16,16197227.9,3367745.38,6547762.48,-391.48,41810322.12
7825,6504527.0,4065085.77,2450887.81,0.0,557560.21,24712671.5,5064621.46,5098072.28,-30375.39,48423050.64
7826,6504527.0,2353364.26,1422392.67,0.0,2107060.81,20335660.29,3899736.26,4669875.34,0.0,41292616.63
7827,6504527.0,1974023.26,887324.07,0.0,427955.0,13151766.59,2768285.68,2133528.73,0.0,27847410.34
7828,6504527.0,888493.5,431401.14,54704951.16,1178113.99,8884934.99,1715513.28,2645495.96,0.0,76953431.01
7829,6504527.0,1364598.63,1453115.54,0.0,10610928.67,13091858.27,2587445.77,6190368.0,0.0,41802841.88
7830,6504527.0,1211092.7,826077.22,4670887.74,8086206.91,11875984.57,2644308.03,4410955.04,0.0,40230039.2
7831,6504527.0,1040676.68,3052142.4,8577738.22,241142360.61,8881703.19,1828645.81,6125696.15,-205680.26,276947809.8
7832,6504527.0,2233821.15,1262651.95,0.0,470114.1,13445640.0,2652727.51,1996112.02,-87153.66,28478440.07
7833,6504527.0,3369397.01,2097681.28,0.0,1372491.29,21123127.29,4278445.01,4196787.21,-27266.05,42915190.03
7834,6504527.0,3295553.48,2844929.53,0.0,436758.94,28366733.85,5806096.66,5367293.9,-4030.69,52617862.67
7835,6504527.0,3273024.42,2367073.95,0.0,2714787.99,23676753.37,4802797.29,4936714.58,-26555.92,48249122.67
7836,6504527.0,2359396.29,1548665.27,0.0,593351.4,21994591.08,4547537.92,5175901.14,0.0,42723970.1
7837,6504527.0,550809.97,501567.15,0.0,468275.21,4842704.41,1080421.04,2511803.06,0.0,16460107.85
7838,6504527.0,1774785.15,1260610.21,0.0,100043.78,13767937.66,2770197.16,3519588.22,-119881.61,29577807.58
7839,6504527.0,1358375.76,799657.34,16032019.58,280254.67,12823151.26,2718959.64,4133713.73,0.0,44650658.99
7840,6504527.0,3028660.78,2152833.6,0.0,1181743.58,21512781.02,4321837.77,4968754.88,-18694.12,43652444.5
7841,6504527.0,3860597.82,2510574.4,2245553.39,2353337.54,24905889.19,4918504.97,5696452.02,0.0,52995436.32
7842,6504527.0,2107034.19,2429166.35,0.0,124543932.71,14086934.18,2933709.99,5020934.44,-148699.76,157477539.09
7843,6504527.0,971246.64,685940.47,0.0,464908.88,7461306.92,1500769.62,2572780.62,-77375.28,20084104.89
7844,6504527.0,2025620.23,1632155.17,0.0,535533.21,16903882.43,3513919.17,4515685.85,-68204.59,35563118.47
7845,6504527.0,2883554.9,2018746.42,0.0,378082.17,20544841.82,4212909.36,4378448.76,-38870.97,40882239.45
7846,6504527.0,1955079.05,1523318.26,13977234.22,23410057.04,19159340.68,4053944.03,6427367.9,0.0,77010868.17
7847,6504527.0,2786680.85,1787465.63,0.0,1271720.65,17760679.7,3552867.8,4735572.52,0.0,38399514.15
7848,6504527.0,1080466.49,2769801.17,2326733.23,229638761.16,7601903.33,1617595.1,6253017.37,-268945.6,257523859.24
7849,6504527.0,1428381.7,1332350.79,0.0,3982650.76,12858245.93,2644179.5,4962375.17,0.0,33712710.85
7850,6504527.0,1937481.46,1593554.05,0.0,44367868.02,12826285.86,2736609.67,3284117.06,-108605.09,73141838.03
7851,6504527.0,2378277.41,1276047.45,0.0,1452674.6,19546288.56,3939043.07,5312382.87,0.0,40409240.97
7852,6504527.0,3378266.31,1913588.89,5010147.67,1755830.29,25902038.1,5264392.25,5761862.93,0.0,55490653.46
7853,6504527.0,2090642.05,2167718.37,3493777.42,9557297.16,20466193.01,4107082.06,7583291.1,-9852.39,55960675.77
7854,6504527.0,2431142.29,1543201.54,0.0,143640.01,21718074.18,4430702.03,5025854.81,0.0,41797141.86
7855,6504527.0,3419996.2,1957234.99,3660703.71,149745.49,26542097.42,5424549.68,5627108.38,0.0,53285962.87
7856,6504527.0,2392322.06,1093411.84,0.0,0.0,17959218.41,3630499.57,4502231.91,0.0,36082210.79
7857,6504527.0,1316289.63,1602882.33,0.0,61688836.94,10063821.14,2005684.35,5444004.1,-26288.31,88599757.17
7858,6504527.0,3355896.45,2394606.86,3274401.98,3334294.01,23647421.97,4703182.17,5595796.31,0.0,52810126.76
7859,6504527.0,1372410.84,1455714.95,0.0,11419617.21,13053803.68,2588684.74,6101687.31,0.0,42496445.73
7860,6504527.0,3141893.01,2332019.68,207367.92,0.0,23320196.84,4781561.81,5425352.99,0.0,45712919.26
7861,6504527.0,2125325.03,1630369.01,0.0,2183959.94,16051028.12,3281759.04,4792012.06,0.0,36568980.21
7862,6504527.0,3034404.6,1960620.02,0.0,3174895.32,19936186.87,3894323.94,4651216.71,-67327.93,43088846.52
7863,6504527.0,1775852.53,1563070.22,0.0,6419505.31,14881258.36,3045879.51,6135401.9,0.0,40325494.82
7864,6504527.0,2515243.58,3277191.23,12946169.2,154266154.12,18805380.06,3910331.52,5241417.78,-30617.1,207435797.38
7865,6504527.0,2479447.95,1711663.27,0.0,32195.97,17501085.18,3469527.8,3608528.8,-39564.65,35267411.32
7866,6504527.0,1366128.9,395026.84,0.0,177543.6,9353856.52,2000777.79,2164729.73,0.0,21962590.39
7867,6504527.0,1528614.91,1628590.68,0.0,60934513.36,11443261.92,2256264.06,4703778.97,-95338.49,88904212.41
7868,6504527.0,2298418.25,1284074.63,0.0,1693006.97,18382428.66,3644735.52,4587580.59,0.0,38394771.62
7869,6504527.0,2327426.18,1362133.12,0.0,930324.14,20302542.89,4186852.05,5157389.79,0.0,40771195.16
7870,6504527.0,3057208.02,2540036.7,8302001.68,2639704.33,24798499.48,5159762.52,6278105.98,0.0,59279845.71
7871,6504527.0,2104330.22,1646698.15,0.0,16790058.09,20846292.38,4223241.91,6981888.71,0.0,59097036.46
7872,6504527.0,1300714.04,418684.09,0.0,184397.79,8740016.19,1895648.32,1794040.84,0.0,20838028.26
7873,6504527.0,1097100.7,524625.06,0.0,1074529.31,6224938.67,1425375.48,1989648.74,-107189.78,18733555.18
7874,6504527.0,925696.51,482542.89,0.0,2020057.66,9197984.87,1904114.0,3257309.36,0.0,24292232.28
7875,6504527.0,3596980.99,2649996.4,7525662.84,76832107.11,19762107.75,3825444.8,5021947.61,-28724.37,125690050.12
7876,6504527.0,1188783.58,325629.5,0.0,151822.64,4200414.73,1020976.46,491448.52,-96908.62,13786693.8
7877,6504527.0,1438155.28,1611386.31,0.0,85632747.14,9078138.0,1857534.34,3566843.04,-126522.08,109562809.03
7878,6504527.0,3506295.64,2700220.28,11842412.12,1699138.04,26827176.77,5410150.77,5646832.29,0.0,64136752.91
7879,6504527.0,1342003.81,1228312.06,0.0,6470525.87,11490467.29,2427546.44,4795584.31,0.0,34258966.79
7880,6504527.0,3033089.98,2199438.9,0.0,87819.21,22040439.08,4326155.54,5290489.2,-5575.87,43476383.04
7881,6504527.0,2705243.54,2587822.42,11478838.21,6303281.26,25174096.48,5156844.31,6076557.23,0.0,65987210.46
7882,6504527.0,1368237.63,1404546.8,0.0,8181677.82,13028689.11,2599413.95,5818529.68,0.0,38905621.99
7883,6504527.0,3526200.07,1411612.52,0.0,774665.81,14570359.35,2802552.31,2149388.34,-54249.45,31685055.94
7884,6504527.0,2829008.83,2200671.4,4379702.62,11267157.56,27710164.68,5655411.6,7439062.76,0.0,67985706.46
7885,6504527.0,2582489.46,1763777.37,0.0,298052.98,17527600.34,3644071.98,5408966.24,0.0,37729485.38
7886,6504527.0,2130332.99,1815000.82,0.0,57767616.86,13719516.83,2785152.01,3823755.92,-88441.21,88457461.22
7887,6504527.0,1438098.69,1071388.43,0.0,310312.08,11925588.41,2454478.18,3227020.5,-127528.91,26803884.39
7888,6504527.0,3867176.54,2076558.01,0.0,31146.69,21546254.53,4249310.15,3686731.61,-79218.76,41882485.76
7889,6504527.0,2735331.43,1549524.69,0.0,746096.2,15797260.24,3149899.23,2724006.54,-41907.05,33164738.3
7890,6504527.0,2622198.89,1593810.5,0.0,357661.34,16249377.71,3161051.42,2744139.58,-41618.44,33191148.0
7891,6504527.0,1112181.98,884630.4,0.0,0.0,9029870.85,1894326.82,3998851.34,-18356.69,23406031.7
7892,6504527.0,2485461.25,1561332.59,0.0,268370.76,22328954.22,4726623.9,4748508.27,0.0,42623777.99
7893,6504527.0,1211153.56,435022.46,29631284.8,6841189.22,8620887.7,1770087.38,2760811.62,0.0,57774963.74
7894,6504527.0,1033856.81,475472.41,41952367.57,1266563.39,9448344.14,1886828.07,2891072.89,0.0,65459032.28
7895,6504527.0,3069047.77,2033215.59,0.0,1166109.59,20559450.61,4189295.77,4391720.58,-35621.16,41877745.75
7896,6504527.0,2184044.28,1203851.23,0.0,1347216.74,18565622.28,3766892.89,5081054.41,0.0,38653208.84
7897,6504527.0,1638724.19,1203856.35,0.0,25555604.13,10008969.13,2081860.51,1591280.11,-38859.31,48545962.12
7898,6504527.0,1391398.72,984569.71,0.0,2076007.41,9348511.4,2039291.12,3925842.21,0.0,26270147.57
7899,6504527.0,2372336.2,2407480.52,533424.71,78248473.43,17218392.87,3497547.45,5652204.99,-30931.11,116403456.07
7900,6504527.0,819711.76,449170.67,0.0,518436.9,5336211.41,1231564.76,1898108.25,-95717.3,16662013.45
7901,6504527.0,1357792.16,622971.83,0.0,150053.97,7033434.22,1401211.67,1667183.98,-84462.68,18652712.14
7902,6504527.0,1429468.73,2017195.15,0.0,84593730.15,12239420.76,2481335.93,6366185.87,0.0,115631863.59
7903,6504527.0,1150025.84,1768362.61,3445312.09,83938527.11,9493948.16,2029138.76,6643862.58,0.0,114973704.15
7904,6504527.0,2559491.03,1404897.29,0.0,5807744.26,19847073.98,4058618.57,4501480.66,0.0,44683832.79
7905,6504527.0,1103798.9,620586.42,0.0,3536796.82,10358052.98,2229140.02,4415421.4,0.0,28768323.54
7906,6504527.0,2752685.98,2411541.31,5706068.53,133046.5,24066233.29,4877122.76,6685372.87,0.0,53136598.24
7907,6504527.0,3439897.31,2365028.29,0.0,1445549.39,23796368.89,4403831.05,4135562.37,-35177.71,46055586.59
7908,6504527.0,1007167.18,628189.98,0.0,1060517.49,5945936.3,1322947.38,2800441.09,0.0,19269726.43
7909,6504527.0,1262026.12,665430.24,17722533.41,5425070.29,10782781.81,2257803.51,3082652.6,0.0,47702824.99
7910,6504527.0,1293923.17,717810.82,1875251.76,2078972.97,11494609.42,2523522.87,4239792.47,0.0,30728410.49
7911,6504527.0,1568361.29,1177829.7,0.0,2881348.44,11270644.89,2339496.09,4207955.92,0.0,29950163.34
7912,6504527.0,1818588.46,2851409.36,16886023.86,153664214.23,15050219.67,3203025.15,5885828.95,-58632.61,205805204.07
7913,6504527.0,2825678.34,1899030.57,366629.26,6357720.39,25166531.4,5321669.1,6335035.31,0.0,54776821.38
7914,6504527.0,3327405.07,2806159.86,3269450.21,2167810.58,27777104.88,5475288.79,5616627.1,0.0,56944373.49
7915,6504527.0,2059034.69,1315237.94,0.0,896641.02,13269736.95,2749418.6,3606712.37,-24723.92,30376584.65
7916,6504527.0,1709447.4,1846895.25,0.0,66544684.84,13145297.84,2841931.58,4884180.14,-96524.46,97380439.59
7917,6504527.0,1109143.01,541554.49,25029153.2,9285954.37,9674668.33,1978045.12,3143968.44,0.0,57267013.97
7918,6504527.0,2705080.67,2252445.37,0.0,0.0,22616621.16,4753220.95,5849378.62,-9216.75,44672057.02
7919,6504527.0,1826981.22,1283868.16,0.0,26241.93,13465654.57,2840855.74,3666616.84,-62914.77,29551830.71
7920,6504527.0,1806040.32,1590380.13,0.0,2834262.78,16367046.48,3411067.08,5706635.38,-75559.96,38144399.22
7921,6504527.0,2607218.91,1101897.65,0.0,3014704.45,17290955.49,3479588.61,4064145.93,0.0,38063038.03
7922,6504527.0,1345779.68,1470401.28,0.0,57455120.65,9762434.58,1864144.3,4813367.18,-91729.74,83124044.92
7923,6504527.0,3259890.74,2444208.95,0.0,4229696.19,24767073.08,4941734.28,4376906.51,-82003.26,50442033.5
7924,6504527.0,2603250.18,1398011.33,0.0,618099.93,14990420.87,2961503.18,2249590.55,-106802.84,31218600.19
7925,6504527.0,2222587.63,1321929.68,0.0,861502.95,13676933.11,2995503.61,2764013.76,-54631.88,30292365.86
7926,6504527.0,646702.0,669214.07,0.0,4010314.26,6028082.66,1347115.59,4105764.52,0.0,23311720.09
7927,6504527.0,991699.07,627369.87,0.0,1247059.49,5856950.38,1401532.5,3156218.66,0.0,19785356.97
7928,6504527.0,2099572.37,1931513.74,0.0,3140205.01,18955221.37,3850153.56,6181313.89,-8879.24,42653627.7
7929,6504527.0,1898281.58,904418.74,0.0,8844300.26,15035278.2,3083872.97,4320954.35,0.0,40591633.1
7930,6504527.0,1874410.98,1863487.68,0.0,71833331.54,12822315.63,2720854.25,5123250.49,-68986.12,102673191.45
7931,6504527.0,1478718.14,847173.46,0.0,95013.73,13349513.37,2836374.2,3803918.88,0.0,28915238.79
7932,6504527.0,931519.94,1225568.25,26966718.97,56829852.92,8087720.23,1677415.45,3575765.44,-64311.56,105734776.65
7933,6504527.0,1362392.02,624396.82,0.0,69078.15,11131333.89,2381949.43,3097294.66,0.0,25170971.97
7934,6504527.0,2335940.69,1618181.23,1254453.94,2256410.38,22891954.35,4642782.76,6720486.22,0.0,48224736.58
7935,6504527.0,2320451.01,1280870.42,0.0,72469.72,13373300.48,2665349.79,2418286.18,-59138.42,28576116.18
7936,6504527.0,1606931.37,1357213.46,0.0,46608944.05,10062168.51,1989518.47,3796692.5,-124677.0,71801318.35
7937,6504527.0,2186199.07,1589265.38,12880157.58,11948983.84,21291093.97,4325705.28,6681997.59,0.0,67407929.71
7938,6504527.0,2510449.2,2492635.61,7400843.2,79828608.44,17830428.73,3560209.76,5663541.41,-33379.56,125757863.79
7939,6504527.0,1458801.08,960003.57,0.0,114025.43,9646597.83,2036467.64,3526172.98,-6594.42,24240001.11
7940,6504527.0,1546921.85,1620607.79,7256497.98,17499241.62,14160197.81,3007095.46,6876463.46,0.0,58471552.96
7941,6504527.0,1317358.24,1274341.3,0.0,14810675.31,11005587.4,2346284.48,5484051.24,0.0,42742824.97
7942,6504527.0,1066243.55,3002127.95,67176.71,241359119.5,8399140.76,1794290.73,6163190.11,-177242.4,268178573.91
7943,6504527.0,1828815.29,1509271.88,0.0,1460033.99,15093117.98,3140932.9,5139141.1,-26050.7,34649789.45
7944,6504527.0,2697459.95,2206488.52,0.0,748960.39,21993813.19,4533549.03,5035855.7,0.0,43720653.78
7945,6504527.0,2763968.23,1797684.56,0.0,3153242.28,17681054.56,3536916.04,5089166.71,0.0,40526559.38
7946,6504527.0,590429.28,411527.17,0.0,193286.35,5153089.36,1095764.95,2124249.21,-105383.55,15967489.77
7947,6504527.0,3252086.05,1872049.24,0.0,361683.07,18864286.98,3923752.67,3814807.5,-18083.77,38575108.74
7948,6504527.0,3388373.69,2477100.72,0.0,1220111.2,24560956.76,5178971.75,4958762.74,0.0,48288803.86
7949,6504527.0,1722581.47,1426858.01,0.0,317500.19,14191447.31,2957259.91,4090328.8,0.0,31210502.69
7950,6504527.0,1600952.38,1078083.38,0.0,37785604.63,7290098.5,1462857.2,3218683.75,-12989.25,58927817.59
7951,6504527.0,730856.9,640680.14,0.0,5481276.42,6294994.54,1386476.4,3592242.98,-80244.13,24550810.26
7952,6504527.0,1172519.08,689365.87,0.0,2748881.16,11083778.3,2434568.03,4586799.4,0.0,29220438.85
7953,6504527.0,1722648.12,929943.78,0.0,4706958.54,15138064.21,3137093.93,4212307.56,0.0,36351543.13
7954,6504527.0,1506323.42,675362.94,0.0,9030752.94,11695730.81,2209299.4,3562249.26,0.0,35184245.76
7955,6504527.0,1469709.31,1783016.5,0.0,73097042.04,11378413.87,2497005.52,5824830.0,-22286.1,102532258.13
7956,6504527.0,1103719.35,679849.38,65204890.36,4534449.75,10816403.67,2157107.39,4037062.8,0.0,95038009.7
7957,6504527.0,1083041.6,490608.15,0.0,0.0,9109267.87,1913016.05,1958311.65,0.0,21058772.32
7958,6504527.0,2415345.74,1178782.32,0.0,0.0,17997965.93,3702587.85,3760294.93,0.0,35559503.77
7959,6504527.0,4213040.6,2876233.11,0.0,300025.42,28744504.59,6209692.98,4923018.53,-1589.33,53769452.9
7960,6504527.0,2211669.51,1029489.64,0.0,0.0,17319996.4,3464128.22,4239307.69,0.0,34769118.47
7961,6504527.0,1020166.97,1657246.58,76190020.11,69136639.47,10201669.75,2031408.45,4923049.42,0.0,171664727.75
7962,6504527.0,1267920.28,724712.76,26181349.04,4122106.11,11364357.96,2482378.76,4019439.16,0.0,56666791.06
7963,6504527.0,2160555.75,1530714.78,0.0,49057969.12,12417409.74,2486912.19,3362314.34,-161010.35,77359392.58
7964,6504527.0,1224901.74,1407687.83,0.0,79976562.2,6899870.29,1443136.52,3671239.37,-103951.14,101023973.82
7965,6504527.0,2539106.18,2632911.69,0.0,75607669.26,19976987.08,4303910.88,5568877.63,-52271.55,117081718.17
7966,6504527.0,2235301.47,1404613.77,0.0,805706.57,20773413.48,4176876.8,5519473.91,0.0,41419913.01
7967,6504527.0,1281486.63,595312.45,0.0,947072.24,10191541.94,2197660.28,2225110.56,0.0,23942711.1
7968,6504527.0,2879439.0,1921485.06,0.0,1911852.92,19967162.06,3872579.88,4418861.08,-95511.24,41380395.75
7969,6504527.0,1172210.91,924853.83,0.0,73260.11,9647688.65,2027485.55,3416386.3,-42236.25,23724176.1
7970,6504527.0,1492652.58,1822426.3,1661928.09,76875722.16,10901485.94,2255658.19,5447311.6,0.0,106961711.86
7971,6504527.0,2688311.9,1751473.68,0.0,1082028.42,17918183.36,3524349.59,4071229.74,-52118.12,37487985.57
7972,6504527.0,1143373.39,1270517.1,0.0,17675094.82,10284248.86,2091880.08,6393336.59,0.0,45362977.84
7973,6504527.0,1058192.14,1464040.2,0.0,65419658.63,8858182.26,1864353.23,5305897.92,-40634.32,90434217.07
7974,6504527.0,2759204.02,2497557.89,0.0,72873645.5,18569723.48,3754508.93,5729901.47,-40714.57,112648353.71
7975,6504527.0,1534363.79,2106229.6,1357480.49,73864704.67,14506171.05,2872194.8,6816885.87,-69166.42,109493390.84
7976,6504527.0,2067457.06,916797.38,0.0,937718.53,15309788.94,3269994.72,3781696.71,0.0,32787980.35
7977,6504527.0,618612.11,927856.25,1831013.75,51944424.77,6141761.59,1308329.5,3533694.36,-151813.74,72658405.6
7978,6504527.0,2629659.1,4282512.21,14704714.72,230660240.58,22335812.73,4592166.21,6549536.85,-64658.23,292194511.16
7979,6504527.0,2218652.06,1251138.92,0.0,9196831.89,18430633.72,3784525.48,4599741.25,0.0,45986050.32
7980,6504527.0,1169914.71,1106522.3,0.0,9709310.27,9588206.62,2052773.94,5225484.08,0.0,35356738.92
7981,6504527.0,3088218.57,2190283.72,0.0,1465818.59,21718219.64,4493309.1,4633875.31,0.0,44094251.93
7982,6504527.0,3179491.93,2397741.51,0.0,802360.47,24087167.35,4940806.36,4921717.13,-20886.59,46812925.16
7983,6504527.0,2387031.44,1517995.38,0.0,867124.29,15765620.33,3066169.14,3260906.14,-68928.4,33300445.32
7984,6504527.0,1350150.41,1378848.23,0.0,11425364.54,12427171.43,2585330.32,5438683.39,0.0,41110075.31
7985,6504527.0,1644577.65,273858.64,0.0,96463.3,3528936.79,1006269.35,323042.24,-81968.49,13295706.47
7986,6504527.0,3211655.46,2437922.73,7064403.64,1675607.74,24199178.01,4813574.18,5511171.97,0.0,55418040.71
7987,6504527.0,2653124.49,2367899.25,0.0,74670180.78,17493796.23,3474593.12,5317401.96,-68563.18,112412959.64
7988,6504527.0,3214213.83,2080078.04,0.0,149746.61,21361963.47,4138428.04,4785989.27,-57773.8,42177172.47
7989,6504527.0,2848600.2,2155701.4,352315.55,690964.2,21312086.88,4303802.78,5435907.5,0.0,43603905.52
7990,6504527.0,776808.32,422132.12,0.0,5868284.61,7479949.42,1603367.58,3059167.12,0.0,25714236.17
7991,6504527.0,1764566.78,2292545.51,3546409.8,136564163.29,10458625.5,2113536.62,5558164.85,-53376.04,168749163.31
7992,6504527.0,2793400.44,2144262.55,6626980.89,457868.59,21404681.43,4435020.58,5976465.21,0.0,50343206.7
7993,6504527.0,1587627.48,714740.21,0.0,2349630.01,13300654.3,2785353.8,3933712.8,0.0,31176245.61
7994,6504527.0,1962537.08,1324467.13,0.0,5804265.28,18766736.6,3984239.28,4618481.18,0.0,42965253.56
7995,6504527.0,1750439.5,1203583.71,0.0,1599364.05,13018806.37,2695769.03,3049276.77,-118284.53,29703481.91
7996,6504527.0,1660799.42,2039664.78,1402019.33,71316903.86,14435755.88,2795789.48,6105844.0,-87996.27,106173307.48
7997,6504527.0,2140375.06,1298329.67,0.0,917897.25,13430663.11,2577986.01,3009878.65,-56894.76,29822762.0
7998,6504527.0,1943872.59,1134482.09,0.0,12991091.99,16913760.76,3498462.29,4778476.18,0.0,47764672.89
7999,6504527.0,1831720.77,1405605.64,0.0,0.0,14168687.45,2981249.84,5023560.56,-11263.1,31904088.16
8000,6504527.0,1692907.3,1724806.98,0.0,60136830.43,12209667.28,2431566.47,4900445.68,-89750.94,89511000.2
8001,6504527.0,1384463.91,238477.14,0.0,20340.3,3882144.74,849205.55,744561.21,-150489.2,13473230.64
8002,6504527.0,681196.34,492317.19,0.0,86087.53,5924881.5,1364680.45,1987972.84,-103353.13,16938309.74
8003,6504527.0,2069057.94,1898978.44,4714277.51,4658900.34,18173445.77,3582561.26,6853422.86,0.0,48455171.12
8004,6504527.0,1484468.13,1539436.63,0.0,6735278.75,14364564.61,2916526.7,5570910.98,0.0,39115712.79
8005,6504527.0,1521143.44,983017.92,0.0,1122255.41,9706110.5,1901417.17,4175151.79,0.0,25913623.24
8006,6504527.0,1848981.33,1560455.98,0.0,1152562.0,16200475.22,3142852.62,5286539.67,-79099.68,35617294.15
8007,6504527.0,1510892.21,237850.52,0.0,271023.19,3392277.59,892662.45,297667.8,-106739.17,13000161.59
8008,6504527.0,2733493.88,1757173.35,0.0,2735278.78,24277045.21,4959602.35,5928196.87,0.0,48895317.44
8009,6504527.0,1504772.53,1003030.2,11083200.06,2384041.27,14433525.03,3024068.82,4298012.63,0.0,44235177.54
8010,6504527.0,1158336.71,593116.02,0.0,372234.07,6635691.98,1542562.03,1872814.27,-79089.85,18600192.23
8011,6504527.0,1733465.55,1947178.63,0.0,66546210.08,13768058.01,2769314.47,5454191.64,-67703.31,98655242.07
8012,6504527.0,1034825.12,648139.83,0.0,428176.96,7205729.85,1426577.97,2149943.36,-88260.44,19309659.65
8013,6504527.0,1637688.86,828910.01,0.0,1231171.83,9002136.63,1836375.83,2183103.94,-90610.05,23133304.04
8014,6504527.0,1377585.29,1482221.07,0.0,12523095.39,13128134.13,2605152.89,6223355.87,0.0,43844071.63
8015,6504527.0,1472606.42,1483707.65,0.0,11968234.66,13437840.26,2770837.57,5695012.61,0.0,43332766.18
8016,6504527.0,2617301.52,1948699.28,0.0,10357848.14,25180956.68,5168476.26,6640824.97,0.0,58418633.85
8017,6504527.0,1421953.49,725887.68,20031713.77,8205183.58,10964900.19,2476574.37,3742757.8,0.0,54073497.89
8018,6504527.0,2401708.92,1432049.75,0.0,654957.18,20352094.53,4182562.28,4210007.81,0.0,39737907.48
8019,6504527.0,2552110.42,1244890.48,0.0,3176558.83,18859958.15,3744830.11,4220089.47,0.0,40302964.45
8020,6504527.0,1482708.89,1767759.9,13131543.89,22810555.49,14827088.93,3064233.6,7433619.68,0.0,71022037.38
8021,6504527.0,2337774.63,1916946.45,3504921.56,4498.33,19167801.69,3960022.87,5619426.43,0.0,43015918.95
8022,6504527.0,1319408.84,1255096.65,0.0,9917087.01,11199820.47,2417098.61,4644106.91,0.0,37257145.5
8023,6504527.0,979670.95,925708.69,35450122.77,6324774.04,8557864.12,1793418.15,4104539.65,0.0,64640625.37
8024,6504527.0,810169.0,0.0,0.0,0.0,1263930.87,394892.71,0.0,-126393.09,8847126.5
8025,6504527.0,1350727.6,1126799.51,0.0,40251017.72,7675538.29,1616950.23,3338751.49,-52210.57,61812101.28
8026,6504527.0,2932219.27,2795302.82,0.0,75752056.37,21308751.11,4375674.75,5287627.81,-32601.89,118923557.24
8027,6504527.0,1527181.23,833505.36,0.0,529216.68,8903343.33,1837067.39,1891581.72,-62037.38,21964385.33
8028,6504527.0,2005013.81,1113039.95,0.0,1922018.12,10709788.7,2067430.88,2495227.87,0.0,26817046.34
8029,6504527.0,1478310.14,1037493.04,0.0,5776844.97,9325280.39,1997831.01,5150789.31,0.0,31271075.87
8030,6504527.0,2516445.13,1813510.96,0.0,730914.2,18590032.91,3655531.06,3995862.8,-52266.14,37754557.92
8031,6504527.0,4359500.3,3391462.48,6272069.28,3365028.19,33365633.29,6442413.85,6073396.87,0.0,69774031.27
8032,6504527.0,2659911.68,2181212.29,5995949.96,497605.12,21771151.24,4563808.0,5668404.39,0.0,49842569.69
8033,6504527.0,920188.6,1011406.6,0.0,48337419.31,6604569.2,1422874.58,4131459.48,-137622.27,68794822.51
8034,6504527.0,2108529.61,2026051.96,4181731.53,8615723.96,19147027.86,3890759.37,6528714.83,0.0,53003066.13
8035,6504527.0,3635856.55,2801858.08,8872146.07,2130690.46,27812867.67,5358070.39,5813266.92,0.0,62929283.14
8036,6504527.0,1331090.22,1098706.15,0.0,46436080.3,7718480.72,1578807.16,3860527.14,-140116.84,68388101.86
8037,6504527.0,2694545.87,2555124.86,8186282.18,76832107.11,18788399.91,3844540.13,5398750.74,-26225.14,124778052.66
8038,6504527.0,3509573.13,2331660.38,0.0,7916.67,23481624.0,4677305.41,4905211.75,-16589.54,45401228.8
8039,6504527.0,3182399.0,2011977.18,0.0,889151.7,20302417.38,4033363.25,4233988.55,-27193.49,41130630.56
8040,6504527.0,1838631.8,2825832.66,3553583.52,175139684.86,11935875.46,2432080.28,6007887.75,-114176.51,210123926.81
8041,6504527.0,2662883.66,2354706.94,0.0,53834850.66,19040866.23,4080925.53,4059929.8,-61898.81,92476791.01
8042,6504527.0,1650233.68,1205063.46,0.0,948576.63,12483163.75,2429524.43,4015767.8,-66798.36,29170058.39
8043,6504527.0,2763072.89,1585728.88,1842861.51,594620.5,22662591.19,4563388.73,5458169.64,0.0,45974960.35
8044,6504527.0,1975095.04,1282712.83,0.0,80375.7,13367175.47,2627432.46,2598929.78,-56764.98,28379483.3
8045,6504527.0,1228763.79,1157245.05,0.0,8627993.03,10471633.27,2174020.41,4401669.53,0.0,34565852.08
8046,6504527.0,2158610.67,1096164.74,0.0,422366.07,11731721.83,2417613.81,2359597.34,-86597.85,26604003.6
8047,6504527.0,1747644.16,1551531.93,0.0,309186.57,15724105.95,3263540.18,5944590.59,-32307.55,35012818.84
8048,6504527.0,2435017.87,1650668.17,0.0,13135.28,17006780.88,3541805.77,3302623.38,-50495.45,34404062.88
8049,6504527.0,2659801.85,1767680.1,0.0,1517401.84,18029665.24,3867648.79,3175334.14,-57616.56,37464442.39
8050,6504527.0,975331.21,1679234.65,0.0,80812379.55,9169192.88,1893915.12,6990833.67,0.0,108025414.08
8051,6504527.0,1617335.08,1841392.71,0.0,97640370.61,10175629.05,2085871.81,3993087.29,-120799.68,123737413.86
8052,6504527.0,2633672.77,2123176.16,3412857.65,528660.06,21167235.65,4418784.9,5853618.26,0.0,46642532.45
8053,6504527.0,2646517.41,1962696.8,0.0,692732.9,19841721.85,3932790.11,3761013.27,-36154.12,39305845.21
8054,6504527.0,1186718.54,1028726.45,0.0,2595615.97,9828587.5,2077321.24,4453378.66,0.0,27674875.37
8055,6504527.0,1964654.85,1790581.17,0.0,6480657.51,17483181.06,3646870.76,6061745.02,-48267.45,43883949.92
8056,6504527.0,1800067.99,1664327.48,0.0,50381513.35,13236423.73,2636233.34,3649102.85,-140953.34,79731242.4
8057,6504527.0,2856082.25,2197256.42,18836013.11,14313067.52,27327427.04,5627623.91,7248344.57,0.0,84910341.81
8058,6504527.0,1370716.55,2928157.92,13139367.12,250051086.71,7836092.92,1700106.03,6229169.53,-266513.09,289492710.69
8059,6504527.0,3916535.9,2280132.59,0.0,473079.91,22854902.67,4607083.68,4652417.14,-10043.19,45278635.69
8060,6504527.0,2118300.74,1375604.51,4740424.56,13996126.39,19180133.18,3880261.53,5405438.28,0.0,57200816.19
8061,6504527.0,3645339.74,2402173.93,0.0,1902777.24,23727329.27,4853660.0,5377512.52,0.0,48413319.69
8062,6504527.0,1807575.39,968729.25,0.0,4817287.82,15756084.16,3386168.94,4110842.84,0.0,37351215.39
8063,6504527.0,1804812.74,2056682.34,0.0,72399785.7,14326742.27,3021699.76,5773016.47,-72530.62,105814735.66
8064,6504527.0,1591115.06,937417.44,0.0,485104.92,10254158.96,2242101.65,2200258.97,-92987.46,24121696.54
8065,6504527.0,1616201.11,944960.33,0.0,3753731.45,14516483.95,3138744.28,4439942.6,0.0,34914590.72
8066,6504527.0,3328655.86,2352162.38,0.0,414487.14,23464712.1,4988750.6,4502663.11,-3901.67,45552056.52
8067,6504527.0,2767377.68,2056796.86,0.0,6350824.79,26704814.98,5308068.32,7244266.38,0.0,56936676.02
8068,6504527.0,932142.62,1159093.1,11794428.78,52223484.98,8233146.1,1700675.61,3500384.04,-121822.69,85926059.53
8069,6504527.0,2010100.64,1172164.86,0.0,7586520.85,17719384.75,3546368.99,4950471.9,0.0,43489538.99
8070,6504527.0,3319569.47,1837816.69,0.0,1304250.19,18711295.54,3625665.01,3277363.07,-61095.35,38519391.62
8071,6504527.0,3170764.4,2370375.38,0.0,1552223.72,23399469.17,4857337.39,4872244.85,0.0,46726941.9
8072,6504527.0,1360205.43,833453.98,1635517.08,351481.09,13124103.59,2696791.55,4389059.71,0.0,30895139.44
8073,6504527.0,2077588.34,1978826.45,0.0,5712919.06,19064253.47,3950417.56,6216468.34,-88.49,45504911.73
8074,6504527.0,854737.18,409207.94,0.0,9337546.24,6175951.94,1335993.29,2671974.91,0.0,27289938.5
8075,6504527.0,1349987.9,1457989.32,0.0,56770969.93,10089286.1,2210242.87,4142043.36,-70018.9,82455027.57
8076,6504527.0,3391250.85,2439591.96,0.0,131424.17,24865070.74,4937521.22,4421722.65,-48451.63,46642656.95
8077,6504527.0,3372950.87,2043966.55,0.0,286391.25,20950953.72,4330772.37,4039150.64,-60272.15,41468440.25
8078,6504527.0,714132.45,814861.52,0.0,44491490.42,5219814.95,1075800.42,3324237.83,-120956.12,62023908.46
8079,6504527.0,1408250.01,1452851.07,2003933.36,6472790.63,13736534.99,2758125.46,6088413.74,0.0,40425426.25
8080,6504527.0,1325379.0,641074.53,0.0,1257815.42,8367951.89,1817671.62,2446500.27,-213757.74,22147161.98
8081,6504527.0,1844757.57,1613589.99,0.0,53394072.12,11470229.31,2370950.36,4646320.85,-41794.48,81802652.73
8082,6504527.0,1075243.32,1559166.65,58255672.48,59449572.99,10425941.9,2201644.39,4825175.52,0.0,144296944.24
8083,6504527.0,1478027.4,2639562.87,14158297.26,234774709.4,6020346.11,1303574.35,6161286.79,-283183.22,272757147.96
8084,6504527.0,2245691.91,2950141.04,447867.25,150154374.51,16194846.69,3344755.38,5424056.46,-52045.33,187214214.91
8085,6504527.0,2724997.6,2417195.34,0.0,264717.87,24134288.87,4873110.99,6805560.35,-6018.67,47718379.34
8086,6504527.0,986374.6,962480.73,21984157.46,2699988.39,9298978.95,1750567.24,4439107.14,0.0,48626181.51
8087,6504527.0,962620.96,1531964.03,54472935.07,63961151.12,9619239.5,1928720.53,4669915.34,0.0,143651073.54
8088,6504527.0,2433166.24,2326798.03,0.0,75876649.6,16996322.63,3406447.34,5496456.92,-73066.37,112967301.39
8089,6504527.0,2932377.61,2208633.04,10988214.61,11689227.4,27744813.64,5737660.93,6913183.99,0.0,74718638.23
8090,6504527.0,2115689.17,1456904.57,0.0,740722.99,15021408.68,2881459.99,3729206.53,-53028.89,32396890.04
8091,6504527.0,2376289.98,1572718.25,0.0,35936.16,16713262.39,3324630.96,3253983.78,-98858.58,33682489.94
8092,6504527.0,1432816.07,1766418.46,10680144.82,26515233.92,14157877.22,2899640.39,7736130.18,0.0,71692788.05
8093,6504527.0,2733877.01,1364744.99,0.0,1078237.77,20011560.91,3994624.01,4041572.45,0.0,39729144.13
8094,6504527.0,989898.99,698496.59,0.0,6732900.97,5867488.65,1390432.56,3614929.87,0.0,25798674.64
8095,6504527.0,1420975.28,897479.26,0.0,2411377.66,8655409.23,1843806.34,4112595.66,0.0,25846170.42
8096,6504527.0,3568422.0,2316287.93,0.0,196503.65,23481292.61,4659948.15,4895799.42,-33469.78,45589310.99
8097,6504527.0,1605937.19,971692.92,0.0,329430.78,10021073.24,2059444.72,3452880.66,-38351.25,24906635.27
8098,6504527.0,1562592.43,1134353.41,0.0,177612.98,11277880.62,2326266.31,4907890.54,0.0,27891123.29
8099,6504527.0,725802.21,408232.16,0.0,730459.77,3840130.44,850296.33,2137278.93,0.0,15196726.85
8100,6504527.0,2457800.17,1076812.77,0.0,0.0,17793227.73,3638993.25,4530998.78,0.0,36002359.7
8101,6504527.0,2965965.2,2008085.0,0.0,593966.39,20734389.87,4091342.56,3890730.44,-70966.17,40718040.28
8102,6504527.0,1051900.22,809339.52,0.0,1955554.77,7681552.44,1573034.4,3446278.92,0.0,23022187.27
8103,6504527.0,3511822.87,2583871.03,835636.36,390324.29,25759785.71,5114943.37,5467914.88,0.0,50168825.51
8104,6504527.0,1408545.22,1513319.09,1155081.97,18752053.77,12907526.66,2722959.29,7337159.94,0.0,52301172.94
8105,6504527.0,1292443.96,1001590.41,0.0,0.0,10132220.44,2158567.5,3628028.01,-11631.64,24705745.68
8106,6504527.0,1252977.68,1203021.16,0.0,9362102.83,10914601.07,2310233.52,4883679.0,0.0,36431142.26
8107,6504527.0,2002198.76,1836867.69,10290583.58,6997265.88,17450009.99,3656065.86,6107732.63,0.0,54845251.39
8108,6504527.0,2901754.22,1701567.72,0.0,231222.77,17269062.6,3579190.73,3208962.78,-33885.54,35362402.3
8109,6504527.0,3174286.8,2165599.81,0.0,1506728.49,22028168.0,4385839.84,4955948.09,-53692.47,44667405.57
8110,6504527.0,1070154.95,734251.59,0.0,425419.63,7899343.28,1528850.47,2575971.31,-61564.26,20676953.97
8111,6504527.0,1545470.85,1914764.05,0.0,105332922.73,9324596.31,1836805.64,4339777.23,-52249.99,130746613.83
8112,6504527.0,1871695.52,1142569.51,0.0,0.0,12553515.25,2474594.31,2987943.37,-112782.02,27422062.93
8113,6504527.0,1355919.19,1263391.59,0.0,14205918.81,10973066.4,2353824.78,5119402.37,0.0,41776050.14
8114,6504527.0,933619.99,2940484.49,10346763.03,234499745.94,7974676.64,1607221.94,6504260.15,-177665.42,271133633.76
8115,6504527.0,1864743.13,1792986.64,0.0,7814524.88,17080842.91,3473676.54,6857704.9,0.0,45389005.99
8116,6504527.0,1839792.64,1438026.68,0.0,283851.18,14741373.38,2943074.95,3923559.54,-46603.03,31627602.35
8117,6504527.0,3025171.64,2088422.11,0.0,2038077.26,21074522.2,4111826.97,4705293.14,-41986.97,43505853.34
8118,6504527.0,1400436.75,960304.06,0.0,0.0,9895541.54,2102953.25,3481475.52,-29250.1,24315988.02
8119,6504527.0,2730971.28,2454960.73,0.0,2056034.8,24319984.68,4918112.75,6647896.88,-10770.24,49621717.88
8120,6504527.0,1445237.47,1473071.39,0.0,52144761.32,10612323.4,2060685.5,4466560.61,-113689.69,78593476.98
8121,6504527.0,3141292.36,2420961.13,2959397.22,2151146.09,24002017.77,4718273.92,5687263.73,0.0,51584879.23
8122,6504527.0,2381232.57,1470577.1,0.0,477351.29,21687290.6,4443245.84,5590487.95,0.0,42554712.34
8123,6504527.0,2075927.04,1730707.89,0.0,749827.16,17660360.26,3582990.0,5864405.32,-40617.54,38128127.13
8124,6504527.0,1408485.28,1372752.96,0.0,7546308.54,12795289.46,2519769.49,5648648.53,0.0,37795781.27
8125,6504527.0,1100520.33,1229343.53,0.0,17066472.03,10020094.14,2266726.93,5850621.42,0.0,44038305.38
8126,6504527.0,892513.23,531597.91,0.0,61089.49,6210460.24,1333200.46,2219290.48,-91706.25,17660972.56
8127,6504527.0,2436288.16,1261780.56,0.0,89377.25,18624918.98,3716889.7,3554492.34,0.0,36188274.0
8128,6504527.0,738423.66,377303.95,0.0,8969535.2,7384236.55,1617556.55,3014200.27,0.0,28605783.18
8129,6504527.0,1809566.86,1568760.0,0.0,2744528.62,14994732.76,3003246.42,6176542.25,0.0,36801903.9
8130,6504527.0,1221881.34,971029.59,0.0,51828.57,10903999.37,2302212.77,3110393.49,-119799.86,24946072.26
8131,6504527.0,2130780.83,2221431.99,2656543.86,11335398.88,20897729.79,4262959.06,8355074.75,0.0,58364446.16
8132,6504527.0,1880415.28,1689375.86,0.0,1065376.65,16886039.77,3524261.99,5288455.15,-11755.3,36826696.4
8133,6504527.0,2914619.81,3420007.07,12233507.39,81478646.47,26562093.89,5580382.51,6557570.01,0.0,145251354.15
8134,6504527.0,948352.95,383837.57,0.0,3608238.55,8191249.33,1683269.91,2787850.49,0.0,24107325.8
8135,6504527.0,2043152.6,2103190.11,0.0,72101479.8,14757662.44,3035522.13,5303791.74,-40597.97,105808727.85
8136,6504527.0,1970612.57,1469653.05,0.0,767179.18,14846315.58,3040997.73,4136278.58,-37696.93,32697866.77
8137,6504527.0,1212644.51,1327029.58,0.0,66427041.43,7750722.67,1668537.86,4952726.55,-66491.35,89776738.25
8138,6504527.0,2425752.41,1285375.0,0.0,374457.08,13681233.12,2678379.22,2193401.42,-86511.79,29056613.47
8139,6504527.0,2419730.88,2115675.33,0.0,66466903.6,15493311.11,3109884.67,4420930.34,-57322.03,100473640.9
8140,6504527.0,2132501.8,1097527.49,0.0,6359203.74,17117576.82,3585934.18,5510178.05,0.0,42307449.08
8141,6504527.0,926136.14,1189268.3,21758223.05,53387083.4,8289040.19,1671368.27,3565645.05,-102565.59,97188725.81
8142,6504527.0,948632.04,550132.75,14671126.09,9366808.79,9165828.82,1877721.15,3400058.07,0.0,46484834.71
8143,6504527.0,2580226.63,2103507.59,0.0,1715370.61,20886000.44,4152019.74,5392783.17,-1462.19,43332973.0
8144,6504527.0,2790838.28,1279075.79,0.0,2403497.22,12408553.8,2059423.82,2174384.39,-3280.54,29617019.76
8145,6504527.0,1391387.24,1592002.8,0.0,65058180.97,10059755.67,2215397.56,5299492.43,-36830.44,92083913.23
8146,6504527.0,2220251.68,1296649.19,0.0,1137234.42,13563085.68,2637952.96,2789023.76,-74098.97,30074625.73
8147,6504527.0,2824780.72,2358645.09,0.0,0.0,23799697.18,4826414.23,4948990.43,-21324.63,45241730.02
8148,6504527.0,979723.87,1087309.09,54247277.1,7701866.3,9797238.72,1973306.51,4266582.95,0.0,86557831.54
8149,6504527.0,1428003.54,1349437.85,0.0,15046406.17,11735265.52,2433117.56,5586577.72,0.0,44083335.36
8150,6504527.0,775819.38,112603.87,0.0,5295562.79,2263125.88,622206.3,130968.74,-162224.51,15542589.44
8151,6504527.0,1019826.12,712888.02,0.0,199154.32,7262956.45,1663960.83,2654188.49,-15753.7,20001747.54
8152,6504527.0,2770585.44,1674835.13,0.0,39597.1,23528232.68,4869218.34,4764147.66,0.0,44151143.35
8153,6504527.0,1430593.33,1059610.21,0.0,0.0,10773144.62,2257790.06,3594934.11,-17704.25,25602895.08
8154,6504527.0,942328.56,540620.63,0.0,16639511.2,8528196.31,1952951.73,3216215.07,0.0,38324350.5
8155,6504527.0,2206290.69,2734655.5,881917.1,142365189.92,15187784.43,2946101.04,5029070.63,-130523.5,177725012.81
8156,6504527.0,1715565.83,786990.11,0.0,616601.12,12911987.38,2722575.91,3294971.53,0.0,28553218.87
8157,6504527.0,2449394.67,1572513.1,0.0,7934679.42,14836910.59,2986736.0,5290138.69,0.0,41574899.48
8158,6504527.0,1417674.38,491290.0,8172425.4,0.0,9825800.0,2154108.35,3280176.29,0.0,31846001.43
8159,6504527.0,1881216.09,1584089.68,0.0,3211081.42,15367879.77,2984326.41,5208135.23,0.0,36741255.59
8160,6504527.0,1656875.8,681171.13,0.0,14852630.74,6380181.75,1359251.71,907730.17,-101248.68,32241119.63
8161,6504527.0,1363179.98,1487829.54,0.0,56797439.5,10009203.17,2064825.88,4394342.88,-64651.2,82556696.76
8162,6504527.0,2395244.97,1386702.42,0.0,2049506.39,20262779.61,3947990.26,4263890.64,0.0,40810641.29
8163,6504527.0,2038569.51,1473849.23,0.0,42178340.76,11387907.27,2318570.6,3276259.38,-81420.91,69096602.84
8164,6504527.0,3265371.67,2470481.62,1501496.18,2274053.66,24468285.4,4848639.19,5512457.23,0.0,50845311.94
8165,6504527.0,1385968.33,1202911.55,0.0,4037378.74,11557095.5,2330603.28,4628999.32,0.0,31647483.72
8166,6504527.0,2986780.08,2097146.49,0.0,1508887.4,21215390.88,4109380.89,4998383.19,-41073.81,43379422.12
8167,6504527.0,1798931.09,1298880.54,0.0,1600762.51,12748956.6,2653137.85,3342265.18,0.0,29947460.76
8168,6504527.0,2841750.88,1486182.83,0.0,798274.22,21650432.24,4553772.32,4579125.52,0.0,42414065.01
8169,6504527.0,697075.25,487765.59,0.0,20874955.86,2346214.29,599230.94,2380828.04,0.0,33890596.96
8170,6504527.0,3724701.89,2182833.04,0.0,671795.87,21896978.05,4411742.79,4296830.78,-12432.02,43676977.4
8171,6504527.0,897381.22,439615.29,0.0,7259563.84,8283282.38,1796271.33,3179292.09,0.0,28359933.15
8172,6504527.0,2208911.6,1870217.78,0.0,493584.4,18876856.32,3875664.26,5191986.63,-35712.88,38986035.13
8173,6504527.0,2811124.11,2503002.95,0.0,70147684.27,19120890.73,3873440.39,4780730.07,-48946.31,109692453.2
8174,6504527.0,1607758.66,1445532.71,0.0,0.0,14485294.98,2790434.75,5064489.48,-2996.79,31895040.78
8175,6504527.0,3376968.16,2418102.61,2547899.73,2000532.22,23966440.79,4917556.02,5591328.09,0.0,51323354.61
8176,6504527.0,2316001.97,2221300.87,8560456.57,3218972.06,21615969.26,4403461.94,7199672.63,0.0,56040362.3
8177,6504527.0,2257724.04,1661527.36,0.0,176412.2,16558466.27,3361833.09,4958842.71,-840.23,35478492.43
8178,6504527.0,3966376.39,2225182.33,0.0,329815.58,22307076.84,4482286.5,4493669.09,-10198.79,44298734.93
8179,6504527.0,4181996.66,3507004.53,16112801.34,10194069.05,40884331.8,8235228.64,6873601.67,0.0,96493560.67
8180,6504527.0,2873596.76,1459822.35,0.0,3953731.7,21161082.84,4139288.89,4943119.7,0.0,45035169.24
8181,6504527.0,2203760.61,1711768.15,0.0,2230721.47,16798225.72,3525443.27,4426086.28,0.0,37400532.5
8182,6504527.0,3592079.73,2624117.16,7621528.64,3325520.89,25858451.36,5035852.96,5623263.69,0.0,60185341.43
8183,6504527.0,1980604.92,1134371.86,0.0,32940440.82,9638417.38,1963964.0,1806909.28,-127864.98,55841370.29
8184,6504527.0,2643280.11,2735108.15,5125699.85,76832107.11,20566876.32,4323169.23,5760559.55,-24089.48,124467237.86
8185,6504527.0,1417373.61,1394033.43,0.0,9173566.38,12867829.73,2636160.8,5205882.74,0.0,39199373.7
8186,6504527.0,1636619.75,1578613.02,0.0,56836844.18,10971402.91,2189279.28,4348653.59,-70727.14,83995212.6
8187,6504527.0,3361722.5,1996174.59,0.0,385528.81,26847702.7,5432727.42,4869210.68,0.0,49397593.69
8188,6504527.0,902217.61,556427.71,24711803.55,9294208.36,9021433.03,1892272.6,3507703.15,0.0,56390593.01
8189,6504527.0,3456685.39,2667257.03,6707897.32,76832107.11,19966079.24,3882152.22,5115642.26,-31860.89,125100486.68
8190,6504527.0,3249702.66,1921232.79,273762.57,1541146.16,26128712.91,5172928.05,5668425.9,0.0,50460438.04
8191,6504527.0,4270558.42,3490539.96,7330292.22,952133.78,34826495.1,7162874.2,5630855.94,0.0,70168276.63
8192,6504527.0,989401.41,1072003.95,0.0,9191243.5,9323609.24,1976637.71,5458498.79,0.0,34515921.59
8193,6504527.0,2585708.53,1965481.75,4254945.28,488561.93,19474223.74,3974282.57,5119428.9,0.0,44367159.7
8194,6504527.0,3193396.87,3263138.61,4009688.33,76882526.69,25685892.27,5242688.56,5530533.56,-8518.02,130303873.87
8195,6504527.0,4018959.54,2568304.79,0.0,1142715.51,25950996.16,5110726.31,4529225.14,-36651.71,49788802.74
8196,6504527.0,3615515.84,2103092.07,0.0,613313.75,21392091.17,4259939.3,4051145.6,-46250.54,42493374.19
8197,6504527.0,1244301.33,364526.43,0.0,1440566.57,4667784.71,1142232.24,742481.22,-120398.34,15986021.17
8198,6504527.0,3089850.66,2066949.52,0.0,0.0,20742117.94,4264872.48,4942016.35,-7262.27,41603071.68
8199,6504527.0,1502671.38,835004.17,16220384.25,507379.46,13075392.12,2689520.19,4091425.99,0.0,45426304.56
8200,6504527.0,2699029.17,2205803.43,0.0,379210.94,22429620.97,4658170.1,5537202.84,-51175.95,44362388.5
8201,6504527.0,2225050.95,2061394.16,0.0,64637647.8,15669517.4,3072123.32,4753275.76,-120159.15,98803377.25
8202,6504527.0,2944770.78,2548013.43,0.0,637819.39,25530850.89,5165414.2,5569067.64,-12746.22,48887717.12
8203,6504527.0,2412002.0,1636163.38,11546597.51,673624.71,23239463.64,4781407.63,5967260.11,0.0,56761045.99
8204,6504527.0,3278734.83,2470008.63,0.0,3794852.71,24293730.57,4954438.84,5606556.35,-10746.86,50892102.07
8205,6504527.0,1778459.98,1164420.64,0.0,272269.08,12014865.39,2497110.29,2878065.49,-39504.27,27070213.59
8206,6504527.0,1115392.55,565571.17,0.0,147796.57,6990565.83,1491771.32,1854768.12,-135572.16,18534820.4
8207,6504527.0,2732686.83,1327433.12,0.0,0.0,13928912.42,2721366.34,2462261.98,-65458.12,29611729.58
8208,6504527.0,2481675.8,1920807.27,0.0,59951927.38,14673587.92,2923332.37,3924959.75,-97289.14,92283528.34
8209,6504527.0,2662628.7,2043745.61,0.0,1411069.36,20361305.59,4093276.03,4976297.68,-13361.28,42039488.69
8210,6504527.0,1407186.45,897650.66,46152204.99,192366.09,13830220.61,2855308.1,3900385.26,0.0,75739849.16
8211,6504527.0,2786661.58,2445885.71,8058666.5,1338796.67,24302335.03,4990224.19,6068123.58,0.0,56495220.25
8212,6504527.0,1675826.14,1245987.3,0.0,43212396.14,9145251.54,1893050.93,3254176.45,-112110.21,66819105.3
8213,6504527.0,1953556.58,1641903.79,0.0,1537383.49,16431684.54,3450909.55,5856714.06,-21894.12,37354784.89
8214,6504527.0,965340.45,1102780.08,0.0,42661555.88,7650667.11,1542304.45,3167408.88,-73858.6,63520725.26
8215,6504527.0,2608593.8,1658390.29,0.0,770978.28,16856298.81,3385367.04,3086390.86,-36872.41,34833673.68
8216,6504527.0,2117263.68,1660052.31,17478766.31,18799591.96,21132221.96,4339995.8,6304646.61,0.0,78337065.63
8217,6504527.0,3192936.47,2297953.06,0.0,1071299.64,22979329.25,4645848.09,5180492.08,-25227.63,45847157.96
8218,6504527.0,1692197.79,1940253.13,0.0,71070544.62,13406557.4,2701073.77,5524987.91,-72224.91,102767916.72
8219,6504527.0,1100832.9,483927.26,5883412.8,9393085.3,9028338.48,1865599.55,3275842.1,0.0,37535565.39
8220,6504527.0,2459111.91,1243445.58,0.0,523655.64,17577013.31,3734078.95,3451329.54,0.0,35493161.93
8221,6504527.0,1357716.77,1203391.87,0.0,1175946.66,11818933.83,2371249.78,5319607.36,0.0,29751373.27
8222,6504527.0,1034102.87,712962.17,25442233.72,10965178.68,10341028.68,2125622.34,3730556.77,0.0,60856212.23
8223,6504527.0,2616635.56,2030924.1,0.0,1786532.07,20344918.78,4148642.09,4734303.08,-21888.77,42144593.91
8224,6504527.0,2945240.67,2976845.69,0.0,74611758.39,23066759.57,4766295.45,5326002.77,-26317.64,120171111.91
8225,6504527.0,2639989.84,2682590.78,14905758.35,78552949.05,19635766.86,3940677.54,6095742.73,-1209.93,134956792.21
8226,6504527.0,2403378.26,1445374.44,0.0,1594362.14,14458307.81,2952501.01,5171635.27,-11703.24,34518382.7
8227,6504527.0,3028585.57,2074021.65,0.0,1721315.5,21502930.47,4277079.69,4301198.25,-93707.07,43315951.05
8228,6504527.0,2935425.48,2087377.95,0.0,1471099.67,21123126.0,4120841.84,4934805.71,-41198.1,43136005.56
8229,6504527.0,978987.46,282293.28,0.0,843219.7,3274668.75,736892.87,397870.54,-60561.95,12957897.65
8230,6504527.0,3458998.79,2813471.38,6075789.3,1858771.84,27909412.14,5623611.98,5858020.14,0.0,60102602.57
8231,6504527.0,3089799.62,2171723.04,0.0,937386.23,21850227.46,4306928.0,5104642.08,-23662.79,43941570.64
8232,6504527.0,1926980.93,2365525.5,0.0,75244886.51,17435675.74,3632886.98,5941681.4,-63480.9,112988683.16
8233,6504527.0,3562338.5,2932688.72,0.0,3284160.79,28565941.2,5896010.69,5540682.91,-6054.02,56280295.78
8234,6504527.0,878292.17,1299607.95,0.0,63608250.53,6803704.29,1370046.3,4951119.65,-2817.72,85412730.15
8235,6504527.0,3042399.61,1534547.77,0.0,1785612.81,21940983.27,4459056.18,4549959.4,0.0,43817086.05
8236,6504527.0,1529780.42,837647.85,27918051.04,0.0,13289378.51,2916972.78,4171361.38,0.0,57167718.98
8237,6504527.0,3286906.06,2525958.66,6954654.82,1858526.24,25047147.49,5041828.07,5613559.99,0.0,56833108.33
8238,6504527.0,1517817.67,657704.6,0.0,104812.12,10806167.76,2242814.86,2031864.73,0.0,23865708.74
8239,6504527.0,1696547.71,1731216.05,0.0,65631580.3,11341457.01,2105309.29,5252458.3,-53331.16,94209764.51
8240,6504527.0,2596850.03,1659141.23,0.0,3748377.2,23178280.2,4749252.59,6332125.87,0.0,48768554.13
8241,6504527.0,2521534.04,1878245.67,1711036.71,710977.81,18703855.96,3775894.52,5617925.84,0.0,41423997.55
8242,6504527.0,2585057.36,1699663.58,0.0,175190.78,17102667.09,3491078.88,3830105.81,-13128.3,35375162.19
8243,6504527.0,2793262.0,2116725.53,8576679.54,12261585.58,26632762.04,5422163.32,6353617.19,0.0,70661322.2
8244,6504527.0,3127712.83,1597815.06,1512422.06,2426685.79,22713610.83,4564327.36,5173482.49,0.0,47620583.41
8245,6504527.0,2119860.44,1544017.11,9367575.15,16249013.95,20364384.09,4221441.6,7199179.59,0.0,67569998.93
8246,6504527.0,1809382.95,1496852.87,0.0,496331.6,14910501.34,3017663.37,6624261.16,0.0,34859520.28
8247,6504527.0,1451320.55,1811820.03,0.0,71684017.93,11694976.29,2506568.62,5268235.86,0.0,100921466.27
8248,6504527.0,3106220.08,2059553.46,0.0,0.0,20670688.64,4042264.92,4706222.04,-7515.4,41081960.74
8249,6504527.0,413483.67,166922.02,0.0,1619380.38,4134836.75,838251.83,1932419.61,0.0,15609821.26
8250,6504527.0,3297760.73,2443651.86,685442.39,2935236.9,24113175.65,4715995.41,5154601.54,0.0,49850391.47
8251,6504527.0,1836672.12,1327316.9,0.0,455398.29,13753656.76,2898188.84,3685001.51,-62313.31,30398448.11
8252,6504527.0,1051785.57,732164.37,31339704.01,10890977.57,10517855.72,2062836.75,4231787.41,0.0,67331638.4
8253,6504527.0,1143391.64,857875.75,0.0,475801.52,9003781.6,2009959.16,3445086.42,-51084.08,23389339.01
8254,6504527.0,1889703.29,1043987.84,0.0,751065.89,10781689.98,2164312.23,3303252.7,-45485.41,26393053.52
8255,6504527.0,3177810.33,2295989.48,6690149.97,300901.88,22908747.5,4715306.6,5254270.93,0.0,51847703.7
8256,6504527.0,1297556.49,1004424.58,0.0,104484.42,10499867.61,2235187.27,3093204.72,-46999.7,24692252.39
8257,6504527.0,928011.0,500531.51,285291.17,16589085.38,8455069.8,1756595.33,3434094.12,0.0,38453205.3
8258,6504527.0,1872999.9,1021582.56,0.0,761292.28,10651564.49,2063099.46,2343805.77,-50832.09,25168039.37
8259,6504527.0,2822179.06,1811148.08,0.0,602829.35,18991584.73,3755472.32,3346471.07,-96853.47,37737358.14
8260,6504527.0,3173620.73,2233433.01,0.0,245355.09,22501791.37,4503757.99,4984236.96,-19458.6,44127263.55
8261,6504527.0,1859173.11,1361426.56,0.0,637754.03,13880377.66,2864314.78,4245711.99,-32787.76,31320497.37
8262,6504527.0,3862628.72,2710598.31,5791405.91,1735010.32,26967330.07,5293154.92,5560847.59,0.0,58425502.84
8263,6504527.0,1687378.18,1135018.61,0.0,0.0,11878716.41,2398551.2,3734654.34,-52853.04,27285992.69
8264,6504527.0,883994.28,418912.77,0.0,17104809.38,7510362.94,1550441.05,3282713.66,0.0,37255761.07
8265,6504527.0,1480566.82,1371501.38,0.0,17218443.05,11701962.56,2561424.04,5907350.77,0.0,46745775.6
8266,6504527.0,1570057.87,2166637.39,0.0,124086216.1,11334217.83,2385648.78,5548609.02,-136698.19,153459215.79
8267,6504527.0,1873777.85,920919.56,0.0,861901.91,9757020.19,2054711.65,3052900.9,-67523.07,24958235.99
8268,6504527.0,2740546.49,2749453.08,11090165.87,76562119.02,20640432.31,4099592.42,5596671.18,-44145.6,129939361.77
8269,6504527.0,1026773.87,298197.86,0.0,144730.49,6672957.9,1518698.03,1578746.69,0.0,17744631.84
8270,6504527.0,3181765.2,1825569.32,0.0,626622.88,18615688.87,3898164.49,3531755.44,-43094.74,38140998.47
8271,6504527.0,2451212.58,1277406.43,0.0,318193.09,19208456.09,3969135.83,3973971.39,0.0,37702902.4
8272,6504527.0,1329285.17,617698.07,0.0,5639464.94,10064739.35,2349615.71,3424494.38,0.0,29929824.63
8273,6504527.0,1763533.9,1806927.28,0.0,53937768.47,13758114.35,2796385.79,4354316.66,-104763.39,84816810.06
8274,6504527.0,2533410.2,1418067.67,0.0,101688.2,14649738.54,3025629.8,3440118.02,-50665.02,31622514.4
8275,6504527.0,2830440.67,2397460.06,3125784.2,0.0,23974600.62,4989085.87,6521538.87,0.0,50343437.29
8276,6504527.0,3920952.85,2706051.85,0.0,3401646.5,26806066.09,5452832.67,5735996.63,-5584.52,54522489.06
8277,6504527.0,1442491.34,775660.93,4500710.99,73731.39,12642254.97,2789647.84,3671178.42,0.0,32400202.89
8278,6504527.0,1755668.34,1547913.16,0.0,3271873.85,14991168.19,3307449.05,5853298.97,0.0,37231898.56
8279,6504527.0,828432.44,474902.36,14405732.88,10421124.67,7999880.2,1786076.29,3033786.31,0.0,45454462.16
8280,6504527.0,2558046.45,2424240.52,2665422.45,6118714.94,23176071.87,4833742.67,6461359.38,0.0,54742125.29
8281,6504527.0,1504497.41,927598.24,33025524.85,0.0,14188882.4,3057300.48,3769500.11,0.0,62977830.51
8282,6504527.0,2894054.6,1555169.85,0.0,2887214.63,16621881.31,3310251.35,3842647.11,-141864.51,37473881.35
8283,6504527.0,1731262.27,944381.45,0.0,832963.05,9620249.51,2009017.05,1482598.4,-36372.52,23088626.21
8284,6504527.0,2291740.47,1207819.1,0.0,545358.27,16730378.99,3387572.3,2601586.98,0.0,33268983.11
8285,6504527.0,2329227.46,1283634.46,0.0,389784.61,13272792.87,2651834.38,2288513.68,-46875.02,28673439.44
8286,6504527.0,1127571.79,1190217.97,0.0,11950021.14,10191184.51,2304799.36,5052568.32,0.0,38320890.09
8287,6504527.0,1482955.78,1101017.72,0.0,713944.95,11854313.89,2309232.86,3556229.41,-91801.09,27430420.52
8288,6504527.0,2482481.66,1949638.74,0.0,1327676.88,19282295.74,3998352.58,4467174.24,0.0,40012146.84
8289,6504527.0,3108225.28,2452200.98,3599210.47,1439937.24,24379494.45,4873127.74,5714910.58,0.0,52071633.74
8290,6504527.0,1643517.96,991318.21,15680923.46,43398.22,14810040.23,3026403.88,4744700.36,0.0,47444829.33
8291,6504527.0,2605943.49,2458311.68,0.0,73993112.98,18562244.24,3830338.13,5148148.58,-70919.36,113031706.75
8292,6504527.0,1033546.54,617366.66,23815465.97,3564456.68,10335465.39,1960589.33,3506676.7,0.0,51338094.26
8293,6504527.0,1808329.79,861776.94,0.0,439505.8,9431227.44,1983635.66,1994541.7,-90390.12,22933154.21
8294,6504527.0,960257.61,500100.71,1982336.7,1371257.36,9407030.6,2007652.7,3455704.26,0.0,26188866.93
8295,6504527.0,1978996.77,2395305.3,6947488.27,76832107.11,17180388.04,3455309.6,5767526.09,-25243.5,121036404.68
8296,6504527.0,2313201.21,1853689.49,0.0,1385295.6,18613681.03,3950536.78,4411143.63,-43181.35,38988893.4
8297,6504527.0,2538681.0,2554241.51,21591.36,76121327.5,18959128.83,3813209.8,5345521.31,-48549.29,115809679.02
8298,6504527.0,1900237.35,1204115.35,0.0,325633.16,12520038.67,2583465.8,3183377.65,-55708.03,28165686.94
8299,6504527.0,2696771.49,2230558.31,0.0,406222.81,22552186.3,4639459.31,4940299.47,-28026.74,43941997.95
8300,6504527.0,1681009.08,1581321.25,0.0,5086779.41,15270662.8,3128655.44,6855065.2,-6466.17,40101554.01
8301,6504527.0,1281182.04,1311336.08,384732.81,14237107.45,11294465.55,2206890.02,6439451.09,0.0,43659692.05
8302,6504527.0,1304482.6,614619.88,12580318.97,4572525.63,10262844.35,2237405.23,3127316.19,0.0,41204039.86
8303,6504527.0,1853345.99,2028328.8,0.0,70636459.16,14475240.13,3021433.47,5183366.76,-67543.29,103635158.02
8304,6504527.0,1188878.24,679385.47,0.0,568922.39,8001339.52,1752515.88,2674270.48,-141423.12,21228415.86
8305,6504527.0,1210330.55,649751.69,18149273.46,272517.45,11309682.63,2488288.81,3927660.37,0.0,44512031.95
8306,6504527.0,2289502.07,1674296.41,0.0,47725829.94,13624779.84,2685666.64,3658989.11,-154529.48,78009061.52
8307,6504527.0,2809514.37,1536326.47,0.0,2020961.91,22133576.09,4453754.85,5207288.76,0.0,44665949.45
8308,6504527.0,900339.96,1179520.09,0.0,52800356.72,7911928.39,1709044.01,4356735.66,-125092.33,75237359.49
8309,6504527.0,2611606.68,1963597.19,206603.05,676012.54,19517188.03,4081301.39,5625927.1,0.0,41186762.97
8310,6504527.0,3498290.0,2210702.34,0.0,2558835.81,21848183.44,4632164.35,5027482.48,-33945.65,46246239.76
8311,6504527.0,2576490.62,1261384.86,0.0,516637.18,12520101.48,2439247.61,2580844.03,0.0,28399232.77
8312,6504527.0,2099959.45,1778924.11,0.0,1517874.18,17486697.65,3568835.66,5448647.45,0.0,38405465.5
8313,6504527.0,2070357.43,1422407.97,0.0,5128671.7,13552499.1,2657374.69,4983971.18,0.0,36319809.07
8314,6504527.0,3196074.22,2327530.99,5225814.63,1265640.32,23122485.99,4555445.78,5537662.02,0.0,51735180.97
8315,6504527.0,2335531.76,1395779.69,0.0,1917082.14,14082699.92,3020218.35,4551580.0,-42663.82,33764755.06
8316,6504527.0,1509833.23,1480319.8,0.0,11612560.75,13424139.35,2851942.31,5492700.57,0.0,42876023.02
8317,6504527.0,1129074.53,1141481.95,0.0,15844322.0,9284039.58,1970856.51,5707129.01,0.0,41581430.57
8318,6504527.0,1563064.13,3375825.19,3554041.67,258364436.52,10780003.09,2180457.54,6110741.2,-171949.24,292261147.08
8319,6504527.0,2493169.56,2186560.64,0.0,76512787.79,15769002.03,3153759.13,5428199.45,-89116.32,111958889.26
8320,6504527.0,3789138.77,2322191.11,0.0,363010.78,23428289.77,4712214.91,5114128.22,-26239.26,46207261.3
8321,6504527.0,1416461.91,1608382.45,11345763.55,18669673.22,13939264.39,2868213.69,7458886.67,0.0,63811172.88
8322,6504527.0,1414050.81,1300774.22,0.0,1960954.8,12680169.03,2567860.86,5322220.03,-1027.68,31749529.07
8323,6504527.0,1832922.53,1053185.34,0.0,10120780.72,16428164.39,3417698.23,4389592.89,0.0,43746871.09
8324,6504527.0,1486379.36,1454779.81,0.0,46752246.68,10666473.57,2104000.88,3639674.41,-79907.1,72528174.6
8325,6504527.0,3533342.67,2808248.0,8140892.87,1892025.68,27884068.82,5486834.39,5714645.11,0.0,61964584.54
8326,6504527.0,2349055.0,1086289.54,0.0,42555.37,17855312.35,3712956.15,4274402.1,0.0,35825097.51
8327,6504527.0,1012891.51,776571.57,0.0,0.0,8493167.76,1747625.58,2963860.53,-72745.21,21425898.75
8328,6504527.0,3079176.64,2459673.97,0.0,1619019.05,24448368.74,4815561.62,5155858.58,-2971.31,48079214.28
8329,6504527.0,1006021.3,337250.49,0.0,195818.99,3964213.63,955294.96,650982.48,-61335.71,13552773.14
8330,6504527.0,1413547.54,669951.69,0.0,18631261.43,11252497.38,2321538.58,4868083.53,0.0,45661407.15
8331,6504527.0,913270.3,1463957.69,28096495.35,63035780.75,9132702.97,1782805.85,5134162.85,-21126.14,116042576.63
8332,6504527.0,3293107.8,2246214.23,0.0,1463832.68,22306386.55,4612539.11,5093076.65,0.0,45519684.03
8333,6504527.0,1835421.5,1165368.68,1917307.64,18373887.62,16391739.36,3369439.03,5828393.97,0.0,55386084.8
8334,6504527.0,1239401.27,1466272.79,0.0,57903586.36,9436503.58,1942189.8,4557766.22,-9174.16,83041072.85
8335,6504527.0,2611330.73,1772313.11,0.0,77502.0,18477689.58,3781614.1,3713008.67,-77548.2,36860437.01
8336,6504527.0,1893125.29,1580230.72,0.0,3148886.48,15357461.35,3054620.22,5231217.71,0.0,36770068.77
8337,6504527.0,1850039.19,1704435.08,0.0,54560874.57,12610492.03,2553515.08,4115268.25,-72757.74,83826393.46
8338,6504527.0,1140014.88,885384.43,0.0,31185023.3,6774485.87,1399907.5,2922140.35,-113317.17,50698166.15
8339,6504527.0,2799649.36,1550409.74,0.0,5281325.37,21779708.85,4428857.02,4879612.86,0.0,47224090.2
8340,6504527.0,756591.57,478861.44,0.0,381456.8,4656401.23,1093161.59,2769838.01,0.0,16640837.64
8341,6504527.0,2310727.83,2099319.12,0.0,1269728.83,20762135.2,4376595.2,5915392.2,-11919.47,43226505.9
8342,6504527.0,1097942.09,941118.68,0.0,44712294.39,5991730.22,1286236.35,3972403.39,-108368.11,64397884.01
8343,6504527.0,3106127.86,2200032.74,0.0,1394417.23,22146841.91,4369420.85,5095311.01,-29451.59,44787227.0
8344,6504527.0,1123252.39,606891.42,0.0,267358.54,6907921.35,1319652.93,1429755.96,-91224.46,18068135.13
8345,6504527.0,1033991.97,833502.63,28379350.71,132783.18,8285943.81,1737185.17,3457862.78,0.0,50365147.23
8346,6504527.0,872933.43,856593.87,0.0,43569501.98,5895604.4,1244807.95,3260068.86,-138542.07,62065495.42
8347,6504527.0,1284968.19,950199.62,0.0,83745.3,9994672.1,2118552.46,3380975.66,-49858.34,24267782.01
8348,6504527.0,1638641.88,1284150.35,0.0,37168240.21,9839310.07,1974430.17,2907413.55,-71704.85,61245008.37
8349,6504527.0,1071001.56,672038.64,2788930.3,6059705.51,10505016.54,2331647.71,4587421.27,0.0,34520288.54
8350,6504527.0,872268.04,1408311.84,74743141.39,61330493.59,8722680.35,1693312.42,4803969.52,0.0,160078704.15
8351,6504527.0,1515799.0,853315.25,0.0,661257.12,14284809.63,2823247.33,3885114.06,0.0,30528069.4
8352,6504527.0,2442775.26,1626133.86,0.0,628892.45,16660850.87,3421901.44,3009413.48,-54819.33,34239675.03
8353,6504527.0,1507199.48,690582.19,0.0,0.0,12900602.56,2661459.06,3412017.75,0.0,27676388.04
8354,6504527.0,1435135.95,1618565.07,3541977.27,16337343.61,14130023.55,2964736.01,7154741.24,0.0,53687049.71
8355,6504527.0,1509027.11,1884047.44,0.0,70703601.89,12856906.12,2730283.98,5901604.93,-67392.97,102022605.5
8356,6504527.0,1775544.98,885759.9,0.0,1349164.95,13158384.48,2583203.32,3034920.7,0.0,29291505.34
8357,6504527.0,2077592.6,1116773.66,0.0,79303.16,12398020.39,2445584.9,2689691.37,-124657.89,27186835.18
8358,6504527.0,3120457.72,3129106.07,8187410.59,154646236.78,18023437.07,3637220.68,5232318.58,-85398.47,202395316.03
8359,6504527.0,2685632.62,1539048.44,1739898.73,518868.49,22354922.15,4598391.44,6442016.95,0.0,46383305.81
8360,6504527.0,2643211.38,1932718.67,0.0,765763.84,19915936.3,3993112.62,4787966.2,-69048.19,40474187.82
8361,6504527.0,3735863.57,2185187.76,0.0,376435.53,21719985.65,4276790.69,4334599.64,0.0,43133389.86
8362,6504527.0,2962674.86,2025487.05,0.0,1590829.22,20750747.13,4047435.92,4549951.99,-67006.63,42364646.54
8363,6504527.0,3181781.97,2244135.92,0.0,271286.27,22978972.94,4740858.87,3496822.27,-56713.8,43361671.44
8364,6504527.0,2112440.48,1114039.89,0.0,71968.67,17029337.16,3602990.74,3466827.61,0.0,33902131.55
8365,6504527.0,2439536.59,1165122.64,0.0,541998.94,12482587.37,2405312.76,2457300.64,-88721.29,27907664.65
8366,6504527.0,3253449.87,2285051.62,0.0,2302507.27,23298856.34,4570590.46,4860658.92,-65827.07,47009814.42
8367,6504527.0,2572735.05,1021040.7,0.0,162688.28,11288681.89,2277360.53,1984537.55,-113425.72,25698145.27
8368,6504527.0,2639802.2,2359086.75,0.0,1485858.83,23186456.76,4629362.8,6177621.21,-14482.74,46968232.8
8369,6504527.0,1274482.33,599027.81,0.0,815009.23,10601915.17,2328982.42,2898060.88,0.0,25022004.83
8370,6504527.0,1231300.57,1430933.46,0.0,19221794.88,11701341.5,2564063.06,7060543.04,0.0,49714503.51
8371,6504527.0,1345254.86,2968137.85,8251561.61,250941838.02,7620651.56,1622859.47,6143416.79,-220782.83,285177464.34
8372,6504527.0,741662.14,534987.13,0.0,279951.55,5967046.55,1235690.64,2118866.16,-72065.76,17310665.41
8373,6504527.0,1542496.18,831500.87,4650603.61,0.0,13227908.66,2883315.99,3813052.62,0.0,33453404.93
8374,6504527.0,2092189.57,1717758.44,0.0,313973.23,17379046.46,3695405.63,4506701.86,-26033.99,36183568.2
8375,6504527.0,3748209.1,2324416.87,0.0,523120.92,29412381.15,6084009.13,4451405.71,0.0,53048069.87
8376,6504527.0,1018301.43,424605.3,0.0,1045076.07,8772647.34,1847414.34,2676958.78,0.0,22289530.25
8377,6504527.0,1495779.39,1369681.49,0.0,10892778.86,12422985.96,2594794.71,4937081.25,0.0,40217628.65
8378,6504527.0,2069398.84,1908124.22,0.0,2583514.96,19098461.81,3807112.87,6312148.06,-36112.1,42247175.67
8379,6504527.0,1480006.16,822105.77,2454660.47,0.0,13133957.67,2807320.51,4438077.12,0.0,31640654.68
8380,6504527.0,1746643.09,1265273.94,0.0,0.0,13422661.07,2717648.65,3158992.7,-76992.16,28738754.29
8381,6504527.0,2577213.03,1519292.78,0.0,1274998.5,15132075.6,3133084.78,2347608.89,-5841.71,32482958.88
8382,6504527.0,2164837.74,1843527.55,0.0,1608675.95,18553947.06,3716663.09,4406690.7,-24712.5,38774156.59
8383,6504527.0,3930193.56,3197353.38,10842026.19,1423757.41,31629394.49,6269160.68,5768374.49,0.0,69564787.19
8384,6504527.0,782632.78,359126.81,0.0,3509931.02,6720182.58,1232791.89,2895763.08,0.0,22004955.16
8385,6504527.0,4187255.52,3343505.35,0.0,1511631.9,33246721.54,6878090.69,5474180.54,-5925.01,61139987.53
8386,6504527.0,2651092.43,1805357.8,0.0,7867272.85,24171733.52,4968797.65,6050539.66,0.0,54019320.91
8387,6504527.0,998963.97,624252.01,0.0,24281334.71,5488083.58,1255093.04,1445434.85,-134053.39,40463635.76
8388,6504527.0,1560826.75,1020474.69,0.0,113796.72,10324316.81,2108957.16,3631698.9,-16163.42,25248434.61
8389,6504527.0,1437066.85,1315427.73,0.0,69129257.75,7629425.26,1617912.44,3003847.56,-125067.99,90512396.6
8390,6504527.0,1577183.42,1918278.89,221055.78,69959828.67,13363745.53,2575402.2,5946145.47,-84369.17,101981797.78
8391,6504527.0,1130230.7,1110290.17,0.0,5384644.31,10160249.69,2184587.72,5090571.31,0.0,31565100.91
8392,6504527.0,2552325.94,2267546.22,10718895.02,833976.26,22367188.29,4585452.44,5674699.4,0.0,55504610.57
8393,6504527.0,781978.24,309774.9,0.0,5614025.31,7042379.57,1592097.56,2674928.7,0.0,24519711.28
8394,6504527.0,2042766.91,1199822.95,0.0,434317.79,12809717.05,2596610.89,2383073.81,-85268.59,27885567.81
8395,6504527.0,3841123.34,2843656.68,5632024.13,161300.73,28376943.02,5594971.22,5319031.78,0.0,58273577.91
8396,6504527.0,3563266.4,2482964.83,4766918.8,2889254.22,24562491.95,4867189.51,5689091.65,0.0,55325704.36
8397,6504527.0,1370078.57,972943.11,28933487.77,5855264.43,13700785.69,2814427.42,4450724.87,0.0,64602238.87
8398,6504527.0,777045.38,303853.79,0.0,409673.23,6892855.92,1382521.98,1867696.54,0.0,18138173.83
8399,6504527.0,2451806.99,1355517.21,0.0,601021.86,20152538.69,4100556.18,5134202.94,0.0,40300170.87
8400,6504527.0,1954763.71,983151.35,0.0,0.0,16253364.53,3183563.19,3926164.33,0.0,32805534.12
8401,6504527.0,1215578.15,860425.87,0.0,334541.13,9215580.2,1989061.61,2527927.95,-70233.93,22577407.98
8402,6504527.0,2370960.79,2550504.68,0.0,76607063.37,19328799.09,3930870.07,5651251.07,-78948.05,116865028.02
8403,6504527.0,1429283.25,1187012.32,0.0,5622532.49,11194694.91,2358266.22,4386395.17,0.0,32682711.37
8404,6504527.0,1316005.37,789659.41,4182247.12,2583654.35,12378232.31,2557586.54,4380696.87,0.0,34692608.96
8405,6504527.0,1397666.2,872678.45,11923524.91,1370396.66,13133126.15,2752793.67,4135373.96,0.0,42090086.99
8406,6504527.0,990155.0,570722.75,0.0,21987120.72,4194350.31,909120.9,2367956.25,-96433.87,37427519.06
8407,6504527.0,2344007.58,2250335.82,4432270.91,77830330.33,16206693.5,3297075.86,5323842.93,-81115.92,118107968.01
8408,6504527.0,1640206.48,417400.16,0.0,27907.19,8372480.64,1745938.36,1378905.2,0.0,20087365.02
8409,6504527.0,3252138.67,2565723.23,3607111.53,0.0,25657232.26,5284161.5,5490022.04,0.0,52360916.24
8410,6504527.0,1500422.48,879224.2,12575109.04,0.0,13705141.96,2935431.84,3838787.9,0.0,41938644.41
8411,6504527.0,2682567.19,1556736.39,0.0,0.0,22180321.81,4667019.23,4922604.62,0.0,42513776.24
8412,6504527.0,1451966.71,649344.12,0.0,365565.85,6898435.32,1532453.98,763095.28,-52539.68,18112848.58
8413,6504527.0,2742175.09,1275872.03,0.0,85446.04,13182392.93,2788107.87,2357173.88,-43458.51,28892236.34
8414,6504527.0,3117376.81,2470216.08,10154749.49,1235735.76,24630091.21,4988154.1,5927986.72,0.0,59028837.16
8415,6504527.0,2146420.33,1077815.6,0.0,554769.86,11412013.03,2378514.22,2244749.38,-70577.06,26248232.38
8416,6504527.0,1336025.2,728845.4,0.0,16216365.56,12224311.41,2402395.34,4937650.36,0.0,44350120.27
8417,6504527.0,2672163.72,2269625.99,0.0,789156.19,23035730.52,4612960.11,5032863.06,-47575.42,44869451.17
8418,6504527.0,1378393.63,749882.37,23990561.99,391368.52,12267056.86,2661058.65,3868654.46,0.0,51811503.48
8419,6504527.0,1522600.46,965516.52,0.0,1304347.14,9173021.69,1947155.8,4940178.47,0.0,26357347.09
8420,6504527.0,2571953.62,2066346.89,2431990.39,593904.45,20443935.96,4143141.52,5633060.22,0.0,44388860.05
8421,6504527.0,1700132.66,2218763.26,2422313.41,81138017.57,15079298.33,3111328.61,7638707.19,-56586.22,119756501.81
8422,6504527.0,1511101.39,1505252.37,0.0,52999643.76,10174890.95,2337842.02,4375036.01,-45746.35,79362547.15
8423,6504527.0,981995.49,479913.09,4351332.25,17443946.75,8150762.2,1683115.06,3185210.17,0.0,42780802.01
8424,6504527.0,1146299.67,1773269.03,4695638.08,85594687.67,9314586.6,2093813.37,5839010.23,0.0,116961831.66
8425,6504527.0,2193446.27,1805805.14,0.0,3953224.07,17332430.73,3722957.95,5675691.91,0.0,41188083.08
8426,6504527.0,1225530.58,698597.38,0.0,401444.98,8697190.74,1760178.59,1622415.73,-174036.32,20735848.67
8427,6504527.0,3240416.32,2342608.58,0.0,287156.32,23533292.32,4711089.47,5173538.49,-14542.85,45778085.65
8428,6504527.0,1120453.83,1355250.98,0.0,55018103.29,9076075.26,1869724.34,5047161.38,-105697.91,79885598.17
8429,6504527.0,1597446.25,1334218.31,0.0,0.0,13503172.07,2721074.29,5146737.72,-16098.89,30791076.75
8430,6504527.0,1842692.58,2091139.4,0.0,75574524.93,14784248.49,3091404.49,5513787.63,-83577.58,109318746.93
8431,6504527.0,2148087.34,1844497.45,0.0,464259.65,18390696.72,3791473.09,4845498.62,0.0,37989039.87
8432,6504527.0,4064886.79,3012516.45,13770309.69,136613.69,30074666.09,5989407.38,5907534.53,0.0,69460461.62
8433,6504527.0,3239995.85,2720706.8,1562308.93,2009775.23,26901846.63,5488144.4,6239646.84,0.0,54666951.68
8434,6504527.0,2620771.4,1713572.25,0.0,837910.2,17426627.07,3474462.39,3166902.56,-39111.45,35705661.43
8435,6504527.0,2099959.03,2004018.42,0.0,55990233.88,15775893.59,3290567.87,4311640.54,-115932.8,89860907.53
8436,6504527.0,3515548.73,2410079.59,0.0,0.0,24108436.62,4798760.72,5374321.34,-764.07,46710909.94
8437,6504527.0,2122772.45,1467188.47,9485525.9,13772678.03,20086786.46,4157783.06,5703174.32,0.0,63300435.68
8438,6504527.0,2457837.89,1104360.02,0.0,339241.78,16052636.83,3368912.94,2896924.45,0.0,32724440.91
8439,6504527.0,1078639.87,660515.76,10617184.0,6051948.87,10231582.08,2124961.02,3467259.52,0.0,40736618.11
8440,6504527.0,2343198.74,2343103.24,5027196.28,78185506.07,16996814.23,3668047.27,5685897.57,-74050.41,120680239.99
8441,6504527.0,1585250.46,800300.92,19188163.52,1036370.08,12532821.71,2636992.27,3943708.09,0.0,48228134.05
8442,6504527.0,2553456.42,2373616.64,0.0,3144950.95,23074193.33,4819008.13,7299854.31,-11760.72,49757846.07
8443,6504527.0,1173601.21,604604.5,0.0,2400864.19,10283735.81,2195922.16,3921302.65,0.0,27084557.52
8444,6504527.0,1370435.65,1617279.53,5085059.56,19680317.7,13704356.48,2796943.54,7564849.46,0.0,58323768.91
8445,6504527.0,976441.01,946186.82,16898220.29,840310.27,9151252.9,1897816.83,4124019.46,0.0,41338774.59
8446,6504527.0,1514146.74,806652.33,7043658.49,0.0,12979423.32,2772577.81,3777610.17,0.0,35398595.86
8447,6504527.0,2072372.09,1472049.68,5367821.66,16612957.14,19479699.18,4127916.32,6042163.31,0.0,61679506.38
8448,6504527.0,2614901.81,1614764.15,0.0,2356187.14,22472221.01,4476950.44,5675702.47,0.0,45715254.02
8449,6504527.0,1432511.47,1071778.83,0.0,0.0,10952841.05,2297737.05,3576356.15,-23505.28,25812246.28
8450,6504527.0,1277491.3,1208311.94,7104189.99,18066502.76,9970919.43,2131498.09,5416694.19,0.0,51680134.71
8451,6504527.0,2055611.92,1772996.63,1675359.11,997917.79,17361092.36,3558850.85,6086807.67,0.0,40013163.32
8452,6504527.0,3002883.24,2253286.43,0.0,446711.25,22855991.65,4718300.81,4607187.14,-39490.67,44349396.85
8453,6504527.0,1005488.55,1539509.0,58149082.68,62424821.25,9848634.52,1965886.73,4848106.19,0.0,146286055.93
8454,6504527.0,2143304.58,1106165.6,0.0,10769110.76,16827712.3,3430295.94,4667050.38,0.0,45448166.56
8455,6504527.0,2116602.52,1449411.38,0.0,11550000.63,19838459.67,3994856.29,5834840.51,0.0,51288698.01
8456,6504527.0,2422454.7,1573854.96,0.0,1407897.69,16025756.62,3383067.57,3941307.37,-44197.19,35214668.73
8457,6504527.0,4004932.83,3283833.06,17339981.12,1708320.55,32692266.64,6599396.0,5345418.63,0.0,77478675.83
8458,6504527.0,2672457.48,1748168.48,0.0,2290088.1,24177283.9,4983162.87,5557592.37,0.0,47933280.2
8459,6504527.0,2560155.49,1943464.99,0.0,437665.63,19636334.2,3859027.34,3971808.18,-24183.51,38888799.33
8460,6504527.0,1038708.25,637818.08,20082366.38,8096845.32,10387082.49,2081306.79,3843163.92,0.0,52671818.23
8461,6504527.0,1957418.52,1841535.21,0.0,53302580.1,13941578.9,2876254.3,3981382.9,-64475.95,84340800.98
8462,6504527.0,1480358.5,843130.89,7987437.28,0.0,13344208.93,2845287.28,4455592.64,0.0,37460542.51
8463,6504527.0,954296.18,572920.32,0.0,689413.83,5514523.95,1327025.06,2738396.29,0.0,18301102.62
8464,6504527.0,1708753.37,1313003.49,0.0,861548.17,13196336.51,2403602.17,4411709.09,-15792.74,30383687.06
8465,6504527.0,1975772.95,631351.15,0.0,80401.1,11948044.56,2452704.23,2410714.97,0.0,26003515.95
8466,6504527.0,2589124.3,1984659.31,0.0,1100941.55,20278277.37,4087040.42,4324228.68,-57629.1,40811169.53
8467,6504527.0,901832.12,431910.34,43159272.68,1431013.4,8948066.85,1829069.84,2600088.85,0.0,65805781.07
8468,6504527.0,2123759.64,679354.89,0.0,859291.37,12376312.75,2439929.11,2500250.05,0.0,27483424.81
8469,6504527.0,908269.56,940999.16,507113.54,1912325.05,9022868.51,1831868.69,5362862.28,-5312.18,26985521.6
8470,6504527.0,3562778.46,2699258.5,5713044.98,213236.7,26977542.9,5486878.09,5416535.19,0.0,56573801.82
8471,6504527.0,3699670.25,1893930.2,0.0,5160956.67,25395490.91,5164865.93,5235198.86,0.0,53054639.83
8472,6504527.0,2970439.67,2332460.11,0.0,2184894.74,22955157.47,4651832.98,5354536.54,-5689.19,46948159.32
8473,6504527.0,2137273.21,1494382.26,0.0,1175254.19,15172822.98,2887326.35,5185645.31,-34586.14,34522645.16
8474,6504527.0,2985448.38,2320058.94,0.0,102120.1,23881189.83,4935664.39,4091531.66,-71834.85,44748705.45
8475,6504527.0,1721709.13,1290861.87,0.0,107887.31,12985913.09,2716797.27,4411704.95,-9632.25,29729768.37
8476,6504527.0,1916208.11,1467466.41,0.0,0.0,15003357.42,3131678.68,5157027.85,-32869.33,33147396.15
8477,6504527.0,1598310.46,1070382.02,0.0,130845.25,11399033.69,2411520.57,3213025.91,-74136.25,26253508.65
8478,6504527.0,1838730.67,742510.78,0.0,0.0,13316347.4,2709812.36,3004201.08,0.0,28116129.29
8479,6504527.0,1429462.35,749018.87,15992662.6,1141912.45,11980988.11,2572786.92,3430070.51,0.0,43801428.81
8480,6504527.0,2798291.26,1537409.15,0.0,2091802.09,22119202.82,4553060.07,5188471.68,0.0,44792764.08
8481,6504527.0,1014369.2,389383.66,26283178.36,13511138.78,7295507.55,1579767.35,2786362.7,0.0,59364234.61
8482,6504527.0,3792373.69,2762512.68,14105729.15,2393341.28,27220069.59,5474348.01,5282829.25,0.0,67535730.65
8483,6504527.0,1424971.69,1628650.29,0.0,57403722.85,11545647.08,2373456.38,4308263.78,-38368.45,85150870.62
8484,6504527.0,1529706.79,906422.24,0.0,31541809.95,6849846.22,1371684.37,2841515.63,-99506.67,51446005.53
8485,6504527.0,3567920.07,1938745.97,0.0,755871.66,19525718.44,4035668.43,3979322.29,-22367.82,40285406.04
8486,6504527.0,1055847.58,1082417.59,0.0,10680444.23,9459206.76,1971763.62,5162377.96,0.0,35916584.73
8487,6504527.0,2514950.48,2302109.27,6936517.92,77117174.52,16470572.62,3367162.94,5383000.85,-52303.57,120543712.02
8488,6504527.0,1354481.13,1498821.48,1198142.83,21008251.01,12203564.86,2639793.97,7517467.67,0.0,53925049.94
8489,6504527.0,2520211.37,2184171.92,0.0,70872207.59,16230600.24,3351327.42,4878732.3,-85432.18,106456345.66
8490,6504527.0,1270435.41,949214.6,0.0,86913.52,9596233.74,1965168.73,3783548.87,-13621.48,24142420.4
8491,6504527.0,2134823.97,1324048.81,2822827.86,13310159.2,18709464.13,3855463.62,5216560.2,0.0,53877874.79
8492,6504527.0,1379642.56,501084.93,0.0,102619.66,9742854.93,1967231.55,1791023.39,0.0,21988984.02
8493,6504527.0,1322481.96,979709.23,0.0,1363151.32,10408111.71,2200738.25,3185161.94,-90810.09,25873071.32
8494,6504527.0,1743997.46,1365282.64,0.0,0.0,13919342.29,2958660.24,5467602.88,-26651.59,31932760.92
8495,6504527.0,1301453.64,1125742.05,0.0,7472633.78,10146296.01,2231404.28,4503321.38,0.0,33285378.14
8496,6504527.0,1650153.52,2382836.77,2694356.88,133205237.43,11430372.16,2259042.33,5519948.9,-46539.73,165599935.26
8497,6504527.0,1947415.02,1128876.41,0.0,10705142.45,17054860.46,3504050.87,5108095.77,0.0,45952967.98
8498,6504527.0,884391.53,1082460.81,0.0,44298496.96,7660089.12,1706410.31,3603167.72,-101857.34,65637686.1
8499,6504527.0,2149138.74,1652153.95,0.0,1171085.07,16240212.7,3216555.23,4638564.71,0.0,35572237.39
8500,6504527.0,2699809.55,1938704.87,7141231.94,7546201.02,25456838.87,5016306.88,7159054.33,0.0,63462674.45
8501,6504527.0,947574.88,868861.44,10357628.25,320014.41,8570323.1,1761036.94,4086735.79,0.0,33416701.8
8502,6504527.0,1258956.24,641263.4,0.0,2801928.25,10662082.08,2220940.58,3989545.97,0.0,28079243.52
8503,6504527.0,1173688.27,705989.27,1986226.11,2438642.39,11291137.27,2504435.35,4632104.71,0.0,31236750.36
8504,6504527.0,2163955.33,1246246.82,0.0,3943556.17,19002972.72,3807479.44,5208735.01,0.0,41877472.5
8505,6504527.0,1749984.61,2049923.69,4682141.63,78808967.64,14106586.06,2778791.18,6609142.0,-96155.6,117193908.21
8506,6504527.0,2176595.81,1812724.87,0.0,130876.19,18078871.12,3641050.87,5302591.26,0.0,37647237.11
8507,6504527.0,4463262.96,2738682.82,0.0,4960910.38,26981204.42,5367177.07,5250823.12,-10240.3,56256347.48
8508,6504527.0,1879818.73,1599946.98,0.0,0.0,16401564.58,3426475.95,5539781.09,-40209.48,35311904.84
8509,6504527.0,2114107.31,1753609.95,0.0,188380.39,17514089.84,3733906.52,5976679.91,-4762.39,37780538.52
8510,6504527.0,992691.72,1622956.38,49741261.91,68244626.05,9861433.34,1973734.66,5261461.06,0.0,144202692.12
8511,6504527.0,2510628.52,1797917.09,0.0,470520.71,18687576.56,3659701.34,4161005.79,-75033.91,37716843.09
8512,6504527.0,1047892.34,490132.21,0.0,601322.11,5621009.64,1166202.09,1554551.07,-76681.24,16908955.23
8513,6504527.0,2905245.7,1957226.28,0.0,195187.49,20041108.7,3968300.73,4084130.07,-54099.57,39601626.4
8514,6504527.0,1279749.77,843786.23,0.0,396388.61,9007551.86,1855485.67,2004628.79,-64003.82,21828114.1
8515,6504527.0,2784546.89,1923830.27,0.0,6595441.21,25338696.4,5158705.53,6518745.68,0.0,54824492.97
8516,6504527.0,1278233.58,1775279.25,0.0,81520688.88,10089837.39,2167756.47,6334017.49,0.0,109670340.06
8517,6504527.0,2617786.98,2386360.04,0.0,74080702.29,17769458.6,3542815.51,5182720.89,-75690.81,112008680.5
8518,6504527.0,3507336.83,2282568.16,1712990.77,299165.73,29756307.44,6154413.73,5761259.93,0.0,55978569.59
8519,6504527.0,1774119.01,1134803.81,0.0,0.0,11559512.49,2333183.16,4162641.9,-21147.44,27447639.93
8520,6504527.0,2985336.94,2068272.88,0.0,1371844.0,21013110.45,4276599.72,4443842.54,-49288.81,42614244.72
8521,6504527.0,3043442.32,2043982.33,0.0,1638884.5,21142629.49,4244566.08,4143927.87,-86617.68,42675341.9
8522,6504527.0,1203900.16,478801.62,29861132.0,7422563.66,8889338.45,1865003.55,2898542.3,0.0,59123808.74
8523,6504527.0,2344858.71,1345273.41,0.0,409488.39,13702346.61,2648711.77,2439248.75,-29342.22,29365112.43
8524,6504527.0,1324681.34,1579919.93,0.0,66841923.25,10020920.62,2227562.09,5016526.72,-14845.28,93501215.66
8525,6504527.0,921367.98,1071472.41,6849682.93,10612928.49,9213679.8,1869008.45,4725469.62,0.0,41768136.67
8526,6504527.0,1116502.66,571642.93,14263512.16,1527355.78,10406882.82,2171651.73,3502729.58,0.0,40064804.66
8527,6504527.0,1145537.55,503084.16,0.0,0.0,9572998.88,2138589.14,2588945.83,0.0,22453682.57
8528,6504527.0,1910004.75,1291965.1,0.0,5586537.13,12131200.28,2519371.66,4779818.01,0.0,34723423.93
8529,6504527.0,983176.06,2872070.19,14047658.33,243626300.53,7010045.41,1531017.95,6137936.9,-211313.75,282501418.63
8530,6504527.0,1505864.13,770695.52,36490428.57,0.0,12619855.18,2694317.35,3572519.5,0.0,64158207.25
8531,6504527.0,1489938.32,1020087.27,0.0,375901.68,10589422.91,2095370.21,2766196.38,-42746.48,24798697.29
8532,6504527.0,2705914.38,1590932.32,0.0,6301.49,16369755.89,3330156.49,2906773.83,-46087.21,33368274.19
8533,6504527.0,3158755.16,2442855.43,0.0,1265756.41,24535482.88,4898335.99,5231679.67,-25942.18,48011450.36
8534,6504527.0,2345254.33,1816130.32,0.0,1754031.2,17958794.61,3632855.78,5201398.19,0.0,39212991.43
8535,6504527.0,2454400.82,1425926.96,0.0,190288.87,14742602.6,2948376.5,2893375.02,-53294.43,31106203.34
8536,6504527.0,2682855.5,2402361.7,7835362.11,3873599.28,23570842.84,4871651.45,6007386.7,0.0,57748586.58
8537,6504527.0,853665.18,1043085.83,0.0,49271798.35,6772572.4,1504751.43,4312164.22,-129630.83,70132933.57
8538,6504527.0,2841948.68,2787963.27,10779835.56,78076181.06,20754105.62,4023457.64,5852586.46,-3734.7,131616870.59
8539,6504527.0,1423841.25,836905.09,0.0,0.0,13281950.95,2707796.57,4148330.08,0.0,28903350.95
8540,6504527.0,3458089.63,2481065.92,0.0,500916.62,25031295.08,5063018.17,3869511.35,-29272.81,46879150.94
8541,6504527.0,2245183.71,1523902.98,0.0,44092377.5,11747005.06,2372479.44,3290075.35,-88191.64,71687359.41
8542,6504527.0,1505665.06,1270358.48,0.0,2887942.34,12388348.06,2468817.5,5142174.49,0.0,32167832.92
8543,6504527.0,2531519.97,1738841.28,0.0,1193904.85,17254075.3,3303265.64,4533985.5,-1412.02,37058707.52
8544,6504527.0,2408533.94,2007334.07,0.0,1307912.8,19998024.62,4241669.47,5381704.42,-40814.55,41808891.79
8545,6504527.0,672676.92,402080.92,562615.01,31755335.71,5826671.32,1269953.26,3177704.76,0.0,50171564.9
8546,6504527.0,1384972.22,2279475.05,16109049.88,91845309.99,13849722.21,2806965.74,7843102.9,0.0,142623124.98
8547,6504527.0,3019473.49,2041360.74,12911999.41,198403.7,27365368.74,5490769.19,5901880.18,0.0,63433782.46
8548,6504527.0,3029002.3,1898889.76,0.0,1194201.99,19172186.72,3837807.52,3278388.85,-31854.55,38883149.6
8549,6504527.0,1886501.27,2782804.47,92176.42,148446457.77,15020712.9,2966502.01,6184974.4,-89720.72,183794935.51
8550,6504527.0,1959844.04,646566.01,0.0,98584.82,12035716.15,2520038.61,2986847.08,0.0,26752123.69
8551,6504527.0,1470584.09,1336779.46,0.0,10948412.32,11952536.63,2499101.91,5089720.91,0.0,39801662.31
8552,6504527.0,2961618.37,1830821.1,0.0,518751.2,25296717.4,5011303.47,5469081.08,0.0,47592819.63
8553,6504527.0,667668.35,358353.73,0.0,0.0,4647356.55,996752.68,1553014.02,-106381.92,14621290.4
8554,6504527.0,1511606.99,1803406.88,3133963.11,26383987.59,14672943.13,3033072.15,7938219.5,0.0,64981726.34
8555,6504527.0,2118206.54,1192313.78,0.0,4076302.65,18121636.73,3916796.0,4427153.57,0.0,40356936.28
8556,6504527.0,2733503.54,2891893.07,0.0,74934205.44,22538778.48,4710760.09,5483986.47,-47315.52,119750338.57
8557,6504527.0,2923447.94,2359290.17,0.0,61622631.04,18613416.75,3788617.39,4523795.16,-91152.56,100244572.89
8558,6504527.0,1719520.88,1212588.15,0.0,421961.28,12905087.07,2658620.61,3926452.56,-88545.9,29260211.65
8559,6504527.0,2937570.58,2691651.02,7205100.05,76935868.93,20029842.84,3963142.03,5201193.13,-17678.75,125451216.84
8560,6504527.0,3310631.52,2272425.41,4298633.96,1829371.63,29082896.13,5698762.07,6338470.94,0.0,59335718.66
8561,6504527.0,2639116.0,1511004.23,0.0,500858.92,15764305.16,3117495.93,2848276.13,-71915.99,32813667.37
8562,6504527.0,2047729.44,1664932.02,0.0,407871.96,16980036.2,3588741.2,5435777.97,-37840.13,36591775.66
8563,6504527.0,2170358.38,1432054.23,0.0,1243140.0,19247997.15,4155458.09,4509595.11,0.0,39263129.97
8564,6504527.0,3056575.56,1734397.46,0.0,181141.64,18131840.72,3613638.53,4024316.19,-80064.41,37166372.69
8565,6504527.0,986664.57,802494.23,0.0,30406081.24,6316361.92,1430396.74,3123781.82,-148875.27,49421432.25
8566,6504527.0,1057070.67,545420.73,0.0,159979.46,6734733.43,1418076.58,1954494.09,-131522.77,18242779.19
8567,6504527.0,1558560.95,1344337.28,0.0,16264005.35,11541907.32,2538846.54,5521384.46,0.0,45273568.9
8568,6504527.0,1068496.41,564225.43,25758577.35,5714304.68,10073942.91,2093276.63,3522658.4,0.0,55300008.8
8569,6504527.0,2513288.63,2023882.43,0.0,60161209.99,15126698.56,3156221.95,4492599.94,-58389.75,93920038.76
8570,6504527.0,1382676.2,1445975.25,0.0,9174601.23,13179290.91,2582946.0,6147697.9,0.0,40417714.49
8571,6504527.0,2487573.76,1480089.28,0.0,128660.01,20844424.82,4334450.51,3709737.5,0.0,39489462.88
8572,6504527.0,3965388.81,2995774.77,6184057.59,1200694.67,29716590.37,6152984.01,5666636.21,0.0,62386653.43
8573,6504527.0,239000.09,0.0,0.0,0.0,1136742.72,258362.41,0.0,-113674.27,8024957.94
8574,6504527.0,1208009.01,1425306.7,0.0,20951731.9,11443930.78,2497820.81,7098283.63,0.0,51129609.83
8575,6504527.0,1282161.57,1755679.81,0.0,74049201.27,10790429.52,2259405.38,6022929.7,0.0,102664334.26
8576,6504527.0,1438817.83,942740.61,0.0,32119356.37,7519392.3,1620468.28,2950610.31,-130375.61,52965537.09
8577,6504527.0,2847438.68,1989019.52,0.0,1379612.75,19903558.35,3839875.12,4593357.78,-16248.51,41041140.7
8578,6504527.0,2220494.24,1959133.24,0.0,1190362.02,19510502.9,3983514.28,5731881.78,-24776.18,41075639.28
8579,6504527.0,1992472.66,1039985.74,0.0,344092.41,15568193.34,3008096.79,2918059.69,0.0,31375427.63
8580,6504527.0,2712606.4,1913899.81,0.0,1436971.34,19259928.99,3807687.1,4262413.62,-27530.86,39870503.41
8581,6504527.0,1244586.04,729207.64,0.0,0.0,8264570.11,1833784.66,2437712.21,-97249.37,20917138.3
8582,6504527.0,1359933.25,1346310.14,0.0,48413520.06,8966666.96,1724676.61,3724064.66,-40554.15,71999144.53
8583,6504527.0,1511077.32,1893071.14,3269345.34,76832107.11,12752053.45,2603191.54,5900201.48,-84644.21,111180930.18
8584,6504527.0,2061042.45,2145737.07,6137474.12,10742630.09,20082986.14,4013422.4,7164454.51,0.0,58852273.77
8585,6504527.0,2747093.15,1840249.34,0.0,450127.93,18946734.31,3745566.78,3679979.32,-59234.0,37855043.84
8586,6504527.0,2344665.03,1430861.64,995842.16,5287748.84,20674097.48,4296206.19,5526270.19,0.0,47060218.53
8587,6504527.0,950774.66,538009.76,21148715.11,5807769.95,9455538.5,1908765.0,3018695.65,0.0,49332795.63
8588,6504527.0,2059257.4,1632415.61,0.0,0.0,17033226.68,3545178.69,4949673.81,-70907.06,35653372.13
8589,6504527.0,2702729.67,2350043.65,12592748.98,1330161.36,23021609.92,4616044.78,6387033.88,0.0,59504899.24
8590,6504527.0,2607779.08,1673757.82,0.0,203142.95,17760450.06,3670120.3,3537150.45,-109796.23,35847131.43
8591,6504527.0,2118072.45,1520804.22,10272977.56,14506531.16,20572447.57,4234100.66,6210850.72,0.0,65940311.35
8592,6504527.0,857512.59,1454971.81,0.0,112314302.25,3526007.52,865199.79,5004642.75,-100450.81,130426712.9
8593,6504527.0,3182002.64,1976300.82,0.0,415292.46,20404313.87,4006437.95,4250163.74,-67831.53,40671206.95
8594,6504527.0,1322949.38,1650781.04,69714.19,71433216.47,9532739.27,2008050.82,5643589.4,0.0,98165567.58
8595,6504527.0,2080696.21,2136425.18,2346253.86,8877646.96,20222999.74,3982197.24,7741825.11,-2151.85,53890419.44
8596,6504527.0,580522.42,257815.37,0.0,11822677.48,4215372.83,806810.87,2557896.5,0.0,26745622.46
8597,6504527.0,1778400.51,1247773.74,0.0,35732025.98,10063088.36,2026484.22,3375224.06,-132956.71,60594567.17
8598,6504527.0,2302287.16,744404.59,0.0,459357.3,7837069.01,1620402.46,992933.97,-45841.58,20415139.9
8599,6504527.0,1970354.42,2263464.62,0.0,75402071.2,16236300.56,3407216.62,6325571.33,-50514.92,112058990.84
8600,6504527.0,613780.08,495761.24,0.0,22511898.04,2923426.06,669388.92,2647620.76,-42210.7,36324191.41
8601,6504527.0,2327388.43,2113466.79,3833551.51,349100.77,21005625.04,4282117.07,6280216.95,0.0,46695993.55
8602,6504527.0,1488047.11,1328120.7,0.0,10775599.48,11952500.73,2445396.29,5148642.96,0.0,39642834.26
8603,6504527.0,3426620.63,2271332.42,0.0,1509827.27,23259381.56,4787689.56,4827193.58,-69786.04,46516785.99
8604,6504527.0,1419059.4,966266.22,25440082.46,3753032.17,14169340.93,2886268.4,4519830.55,0.0,59658407.13
8605,6504527.0,2889337.06,1545717.96,0.0,1042869.98,21490527.08,4494509.52,3892814.52,0.0,41860303.11
8606,6504527.0,2595785.37,2587137.35,3678442.51,78068237.14,19252296.14,3869715.95,5720591.78,-63184.42,122213548.82
8607,6504527.0,1098982.17,1002313.19,0.0,46168398.34,6337960.11,1371702.88,4021461.11,-110098.73,66395246.07
8608,6504527.0,2371515.43,1256057.17,0.0,21596.57,19577688.67,3903780.72,4664945.89,0.0,38300111.43
8609,6504527.0,2646372.31,2057275.86,0.0,1390861.02,20834335.17,4044656.02,4586889.02,-43951.99,42020964.4
8610,6504527.0,2028313.71,1319964.62,0.0,11131766.73,18642181.24,3917404.01,4849427.18,0.0,48393584.49
8611,6504527.0,335465.33,0.0,0.0,0.0,927116.52,216416.2,0.0,-92711.65,7890813.4
8612,6504527.0,1130968.26,709111.63,18598664.22,3026512.28,11309682.63,2488288.81,4050075.3,0.0,47817830.12
8613,6504527.0,1558353.88,740445.31,0.0,1022531.2,11926598.76,2569967.48,2879678.03,0.0,27202101.67
8614,6504527.0,1283752.77,999523.2,0.0,128965.58,10499804.32,2226886.68,3436298.82,-55224.37,25024534.0
8615,6504527.0,1147572.52,658854.43,19946717.53,3520090.79,10717581.38,2356754.36,4003015.07,0.0,48855113.08
8616,6504527.0,1617837.96,1335557.04,0.0,2492643.66,12785547.44,2623091.44,4001627.71,0.0,31360832.25
8617,6504527.0,1223054.71,1261162.39,0.0,16459823.32,10527874.07,2260223.9,6026395.3,0.0,44263060.69
8618,6504527.0,3722879.9,2776413.44,0.0,792013.46,27730372.95,5714855.31,5926913.02,-14631.95,53153343.14
8619,6504527.0,969622.53,834275.18,0.0,30914345.29,6238779.22,1307407.55,3032335.71,-109834.2,49691458.27
8620,6504527.0,782842.12,668191.14,0.0,0.0,7403964.58,1638207.72,2836000.61,-72205.32,19761527.85
8621,6504527.0,1003250.88,1147491.81,0.0,19356233.64,9150452.28,1932602.75,6078540.53,0.0,45173098.9
8622,6504527.0,1983394.44,2220316.42,7611043.01,77381957.92,15556780.03,3294758.09,6233853.02,-45011.07,120741618.85
8623,6504527.0,1430909.68,569152.61,0.0,31765.75,9902537.26,1968412.79,1902586.72,0.0,22309891.81
8624,6504527.0,1623489.5,1442272.91,0.0,4690598.9,13812948.23,2891624.51,5619619.63,0.0,36585080.68
8625,6504527.0,2633094.81,2388826.6,5661128.13,3510115.18,23469236.6,4898711.7,6383417.94,0.0,55449057.96
8626,6504527.0,1397651.49,1405686.31,0.0,12487803.45,12461880.04,2571705.17,5534023.13,0.0,42363276.58
8627,6504527.0,3386431.64,1747229.22,0.0,5744022.34,23768393.97,4911025.34,4811484.39,0.0,50873113.9
8628,6504527.0,1710228.9,1041697.59,0.0,2506839.65,16099095.93,3457624.92,3981901.53,0.0,35301915.53
8629,6504527.0,1932820.82,1825133.55,0.0,2490405.51,18035488.0,3610140.22,7037890.57,-27892.64,41408513.03
8630,6504527.0,896367.62,360876.79,0.0,313816.77,7632872.06,1655243.99,1922819.06,0.0,19286523.3
8631,6504527.0,948016.29,571223.16,0.0,21354803.07,5256556.57,1127590.66,1383577.8,-153828.49,36992466.07
8632,6504527.0,3354129.64,2352442.66,8887744.28,883581.05,23426744.06,4775984.96,5151310.26,0.0,55336463.9
8633,6504527.0,2780658.07,2582790.6,6905202.05,1648187.19,25504211.65,5175000.2,7038924.01,0.0,58139500.77
8634,6504527.0,1386352.61,848292.51,27701845.58,1491800.43,13086441.27,2769953.19,4252434.65,0.0,58041647.24
8635,6504527.0,654099.36,495567.57,0.0,19284419.14,3755032.14,754603.01,2291517.59,-101630.14,33638135.67
8636,6504527.0,1165005.61,1006608.77,0.0,6898962.55,9259512.7,1916699.28,4554840.04,0.0,31306155.95
8637,6504527.0,3805717.93,3272853.84,5699688.34,5366335.3,31743807.9,6291254.47,6242054.56,0.0,68926239.34
8638,6504527.0,2110592.69,1560533.04,17960765.17,14056122.69,20951673.43,4217730.0,6785998.5,0.0,74147942.52
8639,6504527.0,1078405.39,1399238.0,0.0,62534291.57,8890949.09,1946295.54,4578742.16,-63318.92,86869129.82
8640,6504527.0,830329.49,437328.23,0.0,6929791.21,7491540.92,1531781.62,3133230.03,0.0,26858528.48
8641,6504527.0,2653809.82,1410032.9,0.0,1444595.5,20377425.62,3930259.17,3979161.4,0.0,40299811.4
8642,6504527.0,2576420.74,2324244.89,0.0,69361585.31,17336834.63,3291645.99,5176373.16,-67337.65,106504294.09
8643,6504527.0,2475311.47,916045.75,0.0,0.0,15249472.58,3046204.0,3147471.68,0.0,31339032.49
8644,6504527.0,3142799.98,2175423.08,0.0,249885.13,21721146.25,4329704.4,4802352.54,0.0,42925838.38
8645,6504527.0,1768743.07,953497.53,0.0,1084437.82,10317062.56,2072939.19,2414319.18,-91479.71,25024046.64
8646,6504527.0,769834.19,376599.73,0.0,1456.24,4832927.29,1140193.08,2040494.72,-106746.83,15559285.42
8647,6504527.0,729933.9,711311.53,0.0,11041823.57,5507141.33,1150933.86,3786632.82,0.0,29432304.01
8648,6504527.0,858287.44,633347.82,0.0,217260.52,6960177.02,1524056.74,2250987.67,-64470.34,18884173.87
8649,6504527.0,1032701.44,828384.3,29011493.76,0.0,8283843.04,1744363.2,3475499.9,0.0,50880812.65
8650,6504527.0,948640.18,792131.13,0.0,645490.1,8351681.02,1795347.09,3482683.17,-66897.09,22453602.6
8651,6504527.0,1280132.18,863276.23,35954763.41,10212876.45,12036603.64,2677954.42,4143877.44,0.0,73674010.77
8652,6504527.0,855648.35,250718.55,0.0,88268.95,6327514.15,1468160.3,1497124.76,0.0,16991962.07
8653,6504527.0,995343.33,1019630.17,32592655.09,2925246.27,9670916.82,1923774.15,4484561.45,0.0,60116654.29
8654,6504527.0,3678421.39,3096199.55,3732509.98,76944054.08,24082536.18,4769316.67,5473244.91,-16027.79,128264781.98
8655,6504527.0,1997196.58,1440403.48,4861920.22,16582398.62,19209367.12,4016928.41,6234546.71,0.0,60847288.14
8656,6504527.0,878764.07,948594.58,0.0,52115015.01,5736188.99,1228110.3,4615465.6,-168206.39,71858459.16
8657,6504527.0,1496919.5,712308.01,0.0,0.0,13738730.26,2827358.12,3667475.8,0.0,28947318.69
8658,6504527.0,1793369.78,1852367.95,0.0,68711252.48,13036884.62,2703321.52,4913295.79,-78422.06,99436597.08
8659,6504527.0,2023270.68,958741.79,0.0,456542.05,15526640.95,3337170.25,3772821.75,0.0,32579714.47
8660,6504527.0,2633060.06,1601308.87,0.0,469115.96,22864783.02,4808765.19,5305419.11,0.0,44186979.22
8661,6504527.0,2677565.58,1739583.5,2852314.43,3856677.28,23927543.13,4944168.83,6144895.66,0.0,52647275.41
8662,6504527.0,1074196.79,631430.11,0.0,1070485.85,5926202.34,1270885.34,1867173.36,0.0,18344900.8
8663,6504527.0,1224180.25,626215.47,0.0,181867.8,7441043.28,1507586.61,1848792.81,-120698.37,19213514.85
8664,6504527.0,2680841.68,1945803.2,0.0,1425443.64,19744720.65,3802494.21,4347827.02,-43987.04,40407670.35
8665,6504527.0,1467709.1,1156531.17,0.0,11729.2,11574874.94,2448260.45,4038121.34,-1389.89,27200363.31
8666,6504527.0,2151220.57,2126197.51,0.0,67511092.13,15074465.06,3078644.06,5337995.05,-27635.14,101756506.24
8667,6504527.0,1414333.8,1602004.25,24286692.42,19291489.01,13616297.08,2854436.34,6688847.98,0.0,76258627.89
8668,6504527.0,3279898.84,2099787.05,0.0,1160963.86,21320044.4,4319903.25,4275680.75,-42801.94,42918003.22
8669,6504527.0,2775557.62,2131514.07,0.0,2117895.39,21585919.04,4368718.1,4315169.03,-48447.21,43750853.04
8670,6504527.0,1473052.03,881763.6,0.0,990119.83,9919626.44,1989534.06,2882411.05,-121932.47,24519101.54
8671,6504527.0,1343603.51,723366.18,29214895.89,5800538.46,11256255.45,2463234.92,3445265.9,0.0,60751687.31
8672,6504527.0,2942591.17,2077876.62,0.0,1627509.17,21260422.87,4141302.0,4809824.91,-66232.04,43297821.71
8673,6504527.0,2425570.14,2877707.77,8989596.82,150768528.94,15150200.23,3119315.23,5383505.9,-42232.31,195176719.72
8674,6504527.0,2417782.95,1533690.58,0.0,28115.04,16540076.79,3285459.96,4128513.91,-120627.92,34317538.32
8675,6504527.0,2940721.87,2074327.55,0.0,254701.84,21454790.53,4381785.67,4194537.52,-73967.3,41731424.67
8676,6504527.0,2999064.82,1751446.84,0.0,0.0,24234158.38,4830288.01,4424127.09,0.0,44743612.14
8677,6504527.0,1299550.87,875054.43,0.0,295068.34,9263045.72,1910399.26,2617843.2,-56522.55,22708966.28
8678,6504527.0,2572944.68,1776728.2,936698.72,3428213.22,24143870.05,4998157.67,6424111.27,0.0,50785250.81
8679,6504527.0,1499915.47,1361002.68,0.0,4976121.19,13077523.79,2552670.54,6622937.14,-26096.74,36568601.07
8680,6504527.0,2263621.21,1859849.86,7261094.96,9761001.1,17457315.58,3628484.9,6171833.78,0.0,54907728.4
8681,6504527.0,1418721.25,1232136.63,0.0,2294800.41,12034991.43,2568636.15,4273729.71,0.0,30327542.57
8682,6504527.0,1317510.07,1024333.95,0.0,338902.57,10669270.62,2120278.16,3311656.28,-53199.08,25233279.58
8683,6504527.0,1284556.8,1124483.41,0.0,5615677.2,10588291.26,2178950.5,4422172.18,0.0,31718658.36
8684,6504527.0,1786109.78,1163451.51,0.0,0.0,12209303.2,2422017.88,3419578.42,-57478.81,27447508.97
8685,6504527.0,2152456.13,1379576.03,0.0,46148828.84,10817191.19,2236165.18,3182910.32,-131317.48,72290337.2
8686,6504527.0,913504.77,425484.93,15279066.48,24483623.99,6406574.63,1467347.05,3356289.22,0.0,58836418.07
8687,6504527.0,1752426.33,892666.72,0.0,437622.58,14694279.79,3058669.71,3796901.92,0.0,31137094.05
8688,6504527.0,1538404.32,531916.01,0.0,153565.04,9377694.45,1986848.61,1652708.51,0.0,21745663.94
8689,6504527.0,2844554.19,2055950.15,5305055.27,10480773.62,26359268.08,5417155.56,6247637.86,0.0,65214921.74
8690,6504527.0,1230246.59,723439.22,0.0,771981.62,11861934.21,2554239.15,4327701.35,0.0,27974069.15
8691,6504527.0,2160352.38,1315474.66,0.0,452033.38,13005944.43,2643513.79,3377437.83,0.0,29459283.47
8692,6504527.0,1336351.23,527093.92,0.0,1005828.66,5357385.79,1235375.4,710856.17,-26507.2,16650910.97
8693,6504527.0,1479002.27,2444344.54,28015070.23,97371275.59,14669220.87,3026720.01,8198410.02,0.0,161708570.53
8694,6504527.0,1364285.42,1359460.39,0.0,12548067.04,12127577.98,2555361.26,5663475.02,0.0,42122754.11
8695,6504527.0,580426.53,284331.62,0.0,0.0,3609742.66,760479.7,1249001.37,-76642.65,12911866.23
8696,6504527.0,2803115.6,1659591.53,1011588.01,1654056.01,23427635.47,4804874.94,6541906.29,0.0,48407294.84
8697,6504527.0,1253197.8,1722299.71,2942946.71,81578133.56,9643027.3,2110275.62,5888128.8,0.0,111642536.51
8698,6504527.0,972682.87,1265632.91,35935579.41,59519361.74,8000932.35,1699282.37,3791962.55,-53612.48,117636348.71
8699,6504527.0,1045389.32,1537670.29,0.0,103110292.36,7453868.07,1566278.27,5454808.3,-263714.96,126409118.66
8700,6504527.0,895251.75,501581.51,1270023.82,18866480.75,8017809.21,1741872.84,3364111.53,0.0,41161658.42
8701,6504527.0,1750309.19,2093784.32,0.0,74237294.78,14817828.94,3136616.0,6162106.95,-61204.49,108641262.69
8702,6504527.0,2198380.0,1484322.26,0.0,176101.07,15498732.98,3112644.53,2930100.11,-68166.99,31836640.95
8703,6504527.0,1805622.6,1089600.8,0.0,1060173.19,11250705.78,2174041.15,3237082.06,-47305.58,27074447.0
8704,6504527.0,2448875.7,1816159.39,0.0,0.0,18733290.55,3622046.15,4341892.1,-57169.66,37409621.22
8705,6504527.0,2717757.41,1945703.73,1527365.49,12302787.19,24664423.66,5091869.22,7012135.87,0.0,61766569.56
8706,6504527.0,2726980.2,1571577.52,0.0,1753789.78,22423029.12,4416867.27,4649199.57,0.0,44045970.46
8707,6504527.0,2324404.76,1830134.61,0.0,533428.58,18120708.38,3761708.59,4574013.82,0.0,37648925.73
8708,6504527.0,2571514.4,1384451.82,0.0,652693.54,20370438.15,4105093.46,4604877.01,0.0,40193595.38
8709,6504527.0,2044574.97,1602830.8,0.0,858806.12,15710855.83,3309953.61,4974479.85,0.0,35006028.17
8710,6504527.0,1868285.99,763952.72,0.0,477184.82,11649218.19,2403241.47,2017017.56,0.0,25683427.75
8711,6504527.0,1065239.23,1045635.4,16432790.9,1606432.1,10212637.47,2044335.87,4635124.14,0.0,43546722.11
8712,6504527.0,1395955.87,811754.8,10116209.25,0.0,13030448.01,2787331.07,3812115.14,0.0,38458341.14
8713,6504527.0,1075980.84,659919.32,0.0,492175.61,7010613.69,1484120.73,2487476.44,-48028.35,19666785.28
8714,6504527.0,3144152.05,2144139.28,0.0,0.0,21668501.27,4240815.19,5014977.78,-22710.85,42694401.72
8715,6504527.0,1404553.86,851755.63,5429566.33,1039192.78,13310752.21,2801689.19,4285205.0,0.0,35627242.01
8716,6504527.0,1355840.62,1221393.23,0.0,1185508.64,12075331.57,2400958.6,4317845.77,0.0,29061405.44
8717,6504527.0,3147756.46,1753401.26,0.0,1405547.02,18081822.03,3587892.5,3639759.04,-67889.5,38052815.81
8718,6504527.0,1868084.99,2398434.38,0.0,137326586.77,11456229.43,2348740.95,5628005.22,-46955.4,167483653.34
8719,6504527.0,1980174.23,1206313.32,0.0,7799730.31,18125450.58,3887076.58,4562025.45,0.0,44065297.49
8720,6504527.0,2478151.6,2707110.37,4549744.59,77390124.77,20297634.81,4180595.18,5670933.33,-32757.41,123746064.26
8721,6504527.0,1380492.45,817682.15,0.0,373533.25,9127223.33,1812195.8,2417378.11,-100276.94,22332755.15
8722,6504527.0,1916320.63,1379107.0,0.0,59991.29,14204959.88,2878539.24,4403299.34,-43606.53,31303137.87
8723,6504527.0,1557347.03,777868.96,0.0,151643.98,14191495.0,2923799.57,4219783.49,0.0,30326465.04
8724,6504527.0,3600691.52,1927139.78,0.0,359792.97,19764968.46,4095736.23,3858330.75,-53989.04,40057197.67
8725,6504527.0,3136180.34,2176185.06,0.0,405236.63,22012120.07,4420875.7,4565097.0,-29506.96,43190714.84
8726,6504527.0,1208456.69,980680.77,0.0,660565.77,10000625.36,2148569.24,4037026.57,-37207.52,25503243.88
8727,6504527.0,1220351.64,1891145.91,0.0,80745033.93,11067759.33,2364599.14,7029427.26,0.0,110822844.21
8728,6504527.0,2412355.23,2346526.27,0.0,114058717.79,13657190.91,2756333.75,4836135.08,-99052.02,146472734.0
8729,6504527.0,1618867.69,1305102.16,0.0,476620.34,12981962.52,2722582.98,5241505.86,0.0,30851168.55
8730,6504527.0,3451377.25,2559159.45,0.0,1527035.32,25882311.74,5284843.93,4490137.62,-43594.17,49655798.13
8731,6504527.0,1298066.6,1617859.37,0.0,75050250.82,10975504.76,2411051.3,6050164.42,-174274.67,103733149.61
8732,6504527.0,1493669.14,1510748.62,0.0,17550660.11,13055594.68,2868562.1,6464609.27,0.0,49448370.93
8733,6504527.0,2525861.49,1919006.51,0.0,1422331.66,18817018.47,4051328.06,4292383.52,0.0,39532456.71
8734,6504527.0,2986462.58,1601656.91,0.0,666749.37,16545845.12,3481333.64,2928670.21,-60022.94,34655221.89
8735,6504527.0,2050469.57,2301192.96,7373891.38,78871391.27,16336891.1,3420579.87,5998823.67,-56358.73,122801408.09
8736,6504527.0,3360961.06,2302304.18,0.0,2584700.79,22664636.94,4591061.34,4930901.2,0.0,46939092.52
8737,6504527.0,3074458.11,1943654.81,0.0,3427614.86,26096814.28,5076315.56,7072954.15,0.0,53196338.76
8738,6504527.0,1120469.36,1133436.7,0.0,13333343.1,9469454.03,1966124.7,5456134.04,0.0,38983488.94
8739,6504527.0,3264564.13,2198016.92,0.0,1206425.51,21809711.68,4341660.14,5060988.99,0.0,44385894.37
8740,6504527.0,925251.72,450546.64,0.0,1046772.4,9039264.77,1976565.21,2673570.91,0.0,22616498.66
8741,6504527.0,1694154.88,1366662.67,0.0,16499072.19,11737678.94,2541421.83,5726675.93,0.0,46070193.45
8742,6504527.0,2106518.84,1597260.59,1487902.17,13919749.62,20886840.6,4328124.7,7179964.22,0.0,58010887.73
8743,6504527.0,3000167.02,1679324.93,0.0,4088794.41,23183456.66,4592625.4,4862404.38,0.0,47911299.8
8744,6504527.0,2309359.38,1323687.7,0.0,381351.14,19486460.78,4114172.7,4594852.35,0.0,38714411.05
8745,6504527.0,3286455.64,2592426.83,0.0,510376.81,25952816.07,5224230.97,5760808.28,-21720.53,49809921.08
8746,6504527.0,2847672.85,2477805.93,5176857.66,76832107.11,18454531.13,3803156.64,5381407.89,-70157.18,121407909.04
8747,6504527.0,2787794.56,3154290.91,13493333.0,153780286.31,18127891.59,3684679.87,5395369.42,-67808.78,206860363.88
8748,6504527.0,3719977.68,2433745.38,0.0,1558038.85,24538256.04,4914254.17,4952089.49,-41119.86,48579768.76
8749,6504527.0,3722536.37,2388383.15,4082538.1,236442.7,30882636.85,6306771.97,5193301.13,0.0,59317137.26
8750,6504527.0,991234.34,856145.53,0.0,455622.3,8826445.72,1933662.22,3688065.4,-30274.84,23225427.66
8751,6504527.0,965859.63,1172373.39,7392576.68,52086431.81,8493312.0,1750703.51,3585911.65,-134436.39,81817259.28
8752,6504527.0,2013514.48,1377953.2,4388833.74,16941261.47,18525313.51,3877188.65,6549004.88,0.0,60177596.92
8753,6504527.0,2668542.64,1650843.39,0.0,387667.49,22630092.78,4665664.73,4518621.53,0.0,43025959.57
8754,6504527.0,2047931.1,1588443.65,0.0,347188.21,16477282.38,3342898.85,3801662.97,-69081.69,34040852.47
8755,6504527.0,1333199.46,853524.75,0.0,267554.22,9328903.9,2085337.03,2359163.89,-82256.92,22649953.32
8756,6504527.0,1447782.41,637384.67,0.0,413702.26,12243091.05,2626581.43,2756697.64,0.0,26629766.47
8757,6504527.0,1258233.82,1123387.13,0.0,5381602.63,10572355.14,2213964.03,4612799.53,0.0,31666869.28
8758,6504527.0,2288258.22,1895080.19,0.0,1384033.25,18581165.41,3669095.31,5284024.36,-912.21,39605271.53
8759,6504527.0,2359455.5,1907197.15,0.0,85805.75,19353285.41,4013173.58,5504781.64,-31303.15,39696922.88
8760,6504527.0,2057507.73,1090227.01,0.0,12452631.37,16436787.89,3372869.79,5482586.58,0.0,47397137.37
8761,6504527.0,4001172.05,3226586.92,7063248.21,1745787.21,32149805.36,6325143.95,5753632.69,0.0,66769903.4
8762,6504527.0,2664366.42,1993011.11,0.0,2094158.03,20002598.66,3944582.6,4681136.31,-28934.25,41855445.88
8763,6504527.0,1550128.86,1352617.7,0.0,52709961.02,9450335.87,1904028.27,4010698.18,-114131.79,77368165.12
8764,6504527.0,3416382.93,1794712.65,0.0,648495.11,24839326.88,4918670.26,4573247.82,0.0,46695362.64
8765,6504527.0,705978.73,593048.66,0.0,7189147.71,4826305.89,1143634.4,3471144.73,0.0,24433787.11
8766,6504527.0,1525105.4,721007.37,0.0,0.0,13360769.28,2752620.35,3619290.38,0.0,28483319.79
8767,6504527.0,2809276.43,1785235.75,0.0,61899.86,18264086.25,3648271.31,3529770.48,-43460.97,36559606.12
8768,6504527.0,1147428.19,985911.25,0.0,10117690.79,8348309.42,1679203.27,4954429.17,0.0,33737499.08
8769,6504527.0,3493623.5,2556882.31,0.0,1630291.83,25489341.48,5185968.42,5703819.51,-37752.41,50526701.64
8770,6504527.0,1845940.82,1236028.83,0.0,1507015.8,12076411.33,2617411.77,3897494.84,0.0,29684830.39
8771,6504527.0,1008001.37,672312.32,15721117.89,10738905.06,10080013.66,2020996.17,3991765.4,0.0,50737638.86
8772,6504527.0,1295134.98,1111116.46,0.0,868498.6,10842711.89,2298424.5,4435535.53,-2162.73,27353786.23
8773,6504527.0,1905972.58,880179.09,0.0,491009.26,10445352.17,2149379.98,1704223.56,-175494.23,23905149.41
8774,6504527.0,1625704.1,1368768.71,0.0,390184.35,13712848.82,2738245.31,4469969.37,-14917.64,30795330.01
8775,6504527.0,1182783.3,890501.34,0.0,274333.86,9761155.5,2122530.31,3300478.53,-95754.79,23940555.05
8776,6504527.0,3130050.89,2254158.3,0.0,1300409.03,22893269.94,4515057.41,5221749.87,-49076.26,45770146.17
8777,6504527.0,4455946.17,3272073.09,4782569.04,4301871.26,32018145.17,6560193.78,5455436.95,0.0,67350762.45
8778,6504527.0,1925813.98,1377873.27,0.0,155618.57,13985013.68,2879651.2,5305107.33,-26380.44,32107224.58
8779,6504527.0,3340140.38,2164500.64,0.0,173384.15,22236331.73,4358959.46,4732888.49,-60569.39,43450162.45
8780,6504527.0,1336075.08,831049.08,0.0,71554.29,9169762.51,1902025.94,2659635.73,-88572.13,22386057.5
8781,6504527.0,1749282.41,2199818.61,8408007.17,80526406.81,14524639.68,3016566.45,5471450.93,0.0,122400699.06
8782,6504527.0,3793734.85,3058724.25,0.0,5231452.01,29865143.29,5515314.15,6149980.42,-17536.54,60101339.44
8783,6504527.0,3079097.39,1953293.11,0.0,1553893.0,26280021.45,5412257.02,5381771.16,0.0,50164860.13
8784,6504527.0,1335758.33,1002762.08,0.0,404573.07,10303157.15,2137086.63,3616404.46,-42508.42,25261760.31
8785,6504527.0,1431245.74,1798281.13,0.0,67187431.36,12085294.41,2516143.19,5327765.95,0.0,96850688.77
8786,6504527.0,519562.75,808137.71,0.0,47721107.3,4328157.53,939975.28,3339991.69,-54609.44,64106849.81
8787,6504527.0,888466.25,1374453.24,24169517.76,59634680.83,8883089.72,1715639.14,5400318.82,-36643.33,108534049.43
8788,6504527.0,1333072.48,1735270.6,0.0,137922745.5,5443126.06,1207524.17,5564126.24,-345878.31,159364513.75
8789,6504527.0,928291.95,549001.09,11149579.76,11580375.33,8989168.54,1887772.38,3420440.29,0.0,45009156.33
8790,6504527.0,2027485.62,1864608.88,0.0,1769063.43,18349086.41,3612095.49,6883583.21,0.0,41010450.04
8791,6504527.0,4167257.29,3174311.51,0.0,0.0,31877370.12,6118663.84,5451717.53,-13425.5,57280421.79
8792,6504527.0,3778307.34,2578546.37,0.0,656303.2,25682361.03,5145185.26,4456682.82,0.0,48801913.01
8793,6504527.0,1015447.85,532563.1,0.0,1567440.66,9722162.56,2120108.96,3183805.41,0.0,24646055.54
8794,6504527.0,2290787.96,1572721.23,0.0,75912.0,16106462.12,3200910.91,3552680.54,-40354.05,33263647.71
8795,6504527.0,1870957.45,943175.7,0.0,15088800.3,14694801.04,2930687.74,4887953.01,0.0,46920902.25
8796,6504527.0,713568.24,1726825.39,0.0,131619907.11,4073525.3,956606.29,5761992.17,-189932.8,151167018.71
8797,6504527.0,3076772.27,2282959.48,0.0,1009691.05,22800086.0,4546604.59,4983985.74,-4614.0,45200012.12
8798,6504527.0,2010295.28,1037361.8,0.0,563505.85,16519145.19,3518780.01,4252355.32,0.0,34405970.45
8799,6504527.0,3054728.52,2737766.09,0.0,71104458.55,21265473.73,4399656.68,5200400.52,-37435.91,114229575.18
8800,6504527.0,1308799.95,1174384.13,0.0,9117105.31,10379408.0,2215428.62,5216961.19,0.0,35916614.19
8801,6504527.0,1720029.17,1983832.82,0.0,105893011.13,11188028.71,2341051.26,4382790.41,-124116.91,133889153.6
8802,6504527.0,1783218.29,1529647.34,0.0,1872420.36,15913578.83,3141481.36,5627001.53,-86823.92,36285050.78
8803,6504527.0,2438208.97,1247076.88,0.0,174667.43,13106875.04,2689339.91,2446763.15,-65976.49,28541481.9
8804,6504527.0,1569425.17,1086926.06,0.0,55933303.19,7122455.24,1494145.75,1858440.84,-147332.21,75421891.04
8805,6504527.0,2431672.36,1201362.82,0.0,1020712.58,12927738.74,2553800.75,2060868.45,-106091.14,28594591.56
8806,6504527.0,790934.71,458384.03,0.0,12737062.19,7164752.4,1394142.47,2877224.34,0.0,31927027.15
8807,6504527.0,1607694.31,1055969.44,0.0,539742.66,10693965.68,2066023.44,4365354.06,-29904.48,26803372.11
8808,6504527.0,1529269.52,855137.52,7058791.59,1104502.43,13090965.71,2588072.1,4606080.86,0.0,37337346.72
8809,6504527.0,935855.13,894588.58,0.0,4047789.67,9232079.24,1852595.93,3498316.69,-95863.08,26869889.16
8810,6504527.0,2927616.03,1980087.58,0.0,2357101.36,19585474.78,3951653.15,4887389.52,-4973.45,42188875.97
8811,6504527.0,1216295.71,119562.65,0.0,54622.91,1815668.5,681564.73,762693.64,-64023.3,11090911.84
8812,6504527.0,991577.92,880801.92,0.0,34302750.29,5387734.44,1081982.28,2852254.38,-12480.46,51989147.78
8813,6504527.0,1006517.31,972868.85,25826459.63,779157.19,9649814.9,1900421.02,4348562.24,0.0,50988328.12
8814,6504527.0,943595.39,1158512.44,6862015.64,49810984.03,8533683.54,1719915.62,3865332.13,-138929.54,79259636.26
8815,6504527.0,2620357.66,1989437.0,1706986.35,13755214.29,25011378.93,5117221.47,7076551.23,0.0,63781673.92
8816,6504527.0,3730242.68,2528225.62,0.0,2712951.28,25103319.29,4942546.99,5427496.58,-5752.14,50943557.29
8817,6504527.0,2614344.55,1332022.24,0.0,0.0,13782507.82,2728252.14,2346892.23,-46228.54,29262317.44
8818,6504527.0,1363924.92,1261765.02,0.0,10667701.69,11154729.67,2325047.91,5231547.33,0.0,38509243.54
8819,6504527.0,1332689.7,1192631.91,0.0,13605080.03,10335715.2,2208665.53,5253987.41,0.0,40433296.78
8820,6504527.0,2373161.81,2048506.22,0.0,711616.7,20242656.26,4302227.8,5476961.0,0.0,41659656.79
8821,6504527.0,1969463.22,1590663.98,11302090.37,319853.66,15788408.0,3361491.24,5650482.61,0.0,46486980.07
8822,6504527.0,3416857.31,1783234.82,0.0,903116.26,24809828.24,4930641.99,4709118.97,0.0,47057324.58
8823,6504527.0,1795921.01,2081496.17,4787486.92,78115416.56,13889870.68,2869502.28,5618548.91,-34843.2,115627926.33
8824,6504527.0,1187226.51,792307.86,0.0,1356944.15,8470173.26,1713460.41,2606749.19,-84743.2,22546645.18
8825,6504527.0,2363372.23,1252705.82,0.0,560135.07,13120033.44,2657561.38,2541971.79,-73225.73,28927081.0
8826,6504527.0,4241293.99,3322803.1,188587.14,2047611.96,33049421.8,6811756.84,6060336.39,0.0,62226338.22
8827,6504527.0,1129274.1,1267122.83,0.0,17940148.22,10229866.83,2307462.35,5939393.86,0.0,45317795.19
8828,6504527.0,2680941.13,1865171.83,0.0,3187900.02,25296591.05,5248152.86,5908859.73,0.0,50692143.61
8829,6504527.0,2534755.88,1461787.04,0.0,311733.46,21507667.92,4349312.02,4962043.79,0.0,41631827.13
8830,6504527.0,1254854.19,2809825.42,0.0,204095223.86,9456319.95,1982977.34,6308403.48,-223529.76,232188601.48
8831,6504527.0,4480801.72,3649237.99,10871876.54,1325094.9,36398905.54,7352725.18,5569993.7,0.0,76153162.58
8832,6504527.0,1373035.02,1144742.41,0.0,1553538.79,11102320.59,2279865.52,5510780.99,0.0,29468810.33
8833,6504527.0,1498636.26,1730204.48,0.0,68676949.82,11241137.37,2395062.4,5338906.93,-43050.58,97342373.68
8834,6504527.0,1237323.11,880007.44,0.0,0.0,9534300.38,2061026.39,2989981.05,-73422.6,23133742.76
8835,6504527.0,1562543.73,1337400.4,0.0,67955.57,13469838.07,2690846.61,4258832.32,-9989.55,29881954.16
8836,6504527.0,2476943.38,1755474.01,0.0,1898033.2,17884953.54,3466505.2,4165756.47,-51355.22,38100837.59
8837,6504527.0,2013140.08,796322.87,0.0,18804.49,13745495.49,2845154.0,2792289.69,0.0,28715733.63
8838,6504527.0,3073864.95,2301787.7,1814292.85,76832107.11,16683830.79,3313472.3,5123464.95,-69105.38,115578242.29
8839,6504527.0,1085161.5,511104.68,28201614.22,7549863.75,9494338.23,1922764.03,3266427.91,0.0,58535801.32
8840,6504527.0,3364822.76,2290290.6,0.0,1474046.25,22765706.14,4613495.91,5107052.14,-6547.25,46113393.55
8841,6504527.0,2553968.51,1720072.07,0.0,910620.51,17643557.24,3545838.54,3227680.45,-64729.73,36041534.58
8842,6504527.0,3114875.83,2235088.42,0.0,1830877.68,22430850.16,4694149.13,3743455.74,-27222.9,44526601.08
8843,6504527.0,1167112.77,977904.25,0.0,0.0,9957725.23,2111466.12,3510602.66,-17868.27,24211469.77
8844,6504527.0,1913398.24,811098.72,0.0,0.0,14163800.18,2901080.38,4030334.71,0.0,30324239.24
8845,6504527.0,1001285.64,696410.67,5697220.47,17132907.58,10012856.35,1875504.52,4189118.93,0.0,47109831.15
8846,6504527.0,3517415.37,2783518.59,1544389.1,2714708.82,27501208.66,5529103.86,6062645.51,0.0,56157516.91
8847,6504527.0,1117680.36,758445.03,0.0,533278.21,7990450.86,1743381.46,3365069.18,-60188.07,21952644.04
8848,6504527.0,2292735.32,892646.1,0.0,319494.0,13760756.1,2790261.44,2413189.53,0.0,28973609.49
8849,6504527.0,2112191.53,1766225.1,0.0,649007.09,17697801.76,3514651.08,5115973.03,-27545.2,37332831.39
8850,6504527.0,1218094.1,1277184.1,0.0,12445849.41,10953896.72,2339088.27,5922883.05,0.0,40661522.65
8851,6504527.0,763345.83,541317.51,0.0,241184.55,6233399.71,1420662.75,2489951.65,-90937.7,18103451.3
8852,6504527.0,2385964.03,1642413.45,0.0,1596207.85,16553951.28,3423761.82,3981675.99,-35461.27,36053040.16
8853,6504527.0,3086232.52,2210042.36,0.0,1839163.22,21973722.55,4438122.87,5601385.96,-7421.23,45645775.26
8854,6504527.0,1195245.64,674397.42,16000720.95,17495614.09,9843537.08,2054740.07,3159788.43,0.0,56928570.68
8855,6504527.0,3099285.54,2185387.5,0.0,933601.66,22002522.71,4331236.6,5151439.05,-25186.02,44182814.04
8856,6504527.0,2334949.61,2044426.06,0.0,763263.83,20387821.23,4255974.43,6042178.22,-16638.33,42316502.05
8857,6504527.0,2072429.08,1844584.04,4447504.28,7695936.63,17546089.26,3700997.68,5611531.3,0.0,49423599.27
8858,6504527.0,1267536.83,330431.5,0.0,11478723.81,4842010.79,1110256.09,622358.45,-242501.86,25913342.61
8859,6504527.0,2129580.97,2210396.02,0.0,10532405.91,20888494.95,4260802.86,8352855.26,-2776.69,54876286.29
8860,6504527.0,1320124.56,2749785.39,10070037.42,233831869.59,7195402.22,1549428.63,6512902.51,-279584.54,269454492.78
8861,6504527.0,1229517.62,732942.68,0.0,22153.74,8459121.1,1850933.51,1972119.6,-113153.02,20658162.25
8862,6504527.0,3311454.85,1945953.12,0.0,662528.78,26378463.0,5231751.07,5283097.42,0.0,49317775.23
8863,6504527.0,4067874.24,3523789.63,14646077.07,2328601.76,34741523.86,6846079.96,5756509.67,0.0,78414983.18
8864,6504527.0,1434855.78,671119.34,0.0,9286752.6,11658614.81,2186308.24,3714747.29,0.0,35456925.05
8865,6504527.0,1178885.91,458377.67,0.0,12280193.99,8591831.47,1749357.52,3371991.36,0.0,34135164.92
8866,6504527.0,1431351.59,1498681.0,0.0,16637572.48,13041669.81,2751936.61,6612177.42,0.0,48477915.91
8867,6504527.0,2581436.33,1281679.35,0.0,2014978.42,18004035.19,3771049.52,3661753.6,0.0,37819459.4
8868,6504527.0,3092119.9,1976537.63,0.0,767724.14,26637651.5,5510972.24,5527022.06,0.0,50016554.48
8869,6504527.0,3658848.98,2278453.82,0.0,21683.97,22903316.61,4653248.71,4607042.04,-12679.37,44614441.75
8870,6504527.0,3312911.4,2632458.24,0.0,2664359.92,25886268.22,5126130.85,4848611.09,0.0,50975266.72
8871,6504527.0,1823428.76,1321346.43,0.0,403032.19,13481734.45,2766277.55,4689855.99,-41724.84,30948477.53
8872,6504527.0,2315776.55,1549797.92,0.0,1070011.51,16315132.96,3237396.6,3308076.39,-97702.8,34203016.13
8873,6504527.0,2450707.57,956260.16,0.0,5972340.42,8816281.97,1745322.9,3406079.21,0.0,29851519.24
8874,6504527.0,2759730.34,1770081.53,0.0,1589900.57,17892571.5,3348624.93,3788829.36,-36153.15,37618112.08
8875,6504527.0,651050.98,108500.35,0.0,47191.52,2441204.68,535988.01,241203.73,0.0,10529666.27
8876,6504527.0,1510731.44,1793479.49,0.0,62101456.96,12896603.72,2589541.97,5077283.77,-100255.89,92373368.46
8877,6504527.0,1763208.12,855475.54,0.0,2314919.37,14834603.46,3068438.18,3963015.86,0.0,33304187.52
8878,6504527.0,1015637.63,834885.39,8062914.86,0.0,8348853.88,1743598.3,3852222.07,0.0,30362639.13
8879,6504527.0,3204099.49,2150918.13,0.0,842335.46,28445380.39,5736660.64,5527458.82,0.0,52411379.93
8880,6504527.0,896949.07,451397.46,0.0,2443821.4,8969490.72,1817543.52,3265252.43,0.0,24348981.61
8881,6504527.0,2518341.27,1372816.67,0.0,391457.64,20360672.97,4263655.09,4890770.63,0.0,40302241.27
8882,6504527.0,3993084.65,3494123.95,14117067.8,447651.09,34904142.13,7171774.71,5980542.02,0.0,76612913.34
8883,6504527.0,998560.48,1075003.41,37647525.46,5020024.5,9980945.55,1996643.84,4380736.16,0.0,67603966.39
8884,6504527.0,924444.22,1207495.46,21120418.52,55479662.02,8158007.38,1669068.03,3847637.7,-90960.77,98820299.56
8885,6504527.0,2079299.88,1741232.56,0.0,1950324.28,17686576.76,3643290.57,5133269.76,-50226.85,38688293.95
8886,6504527.0,920586.46,1030186.9,0.0,6576102.21,9205864.56,1814185.23,5517337.96,-10794.01,31557996.31
8887,6504527.0,2348762.0,1870151.7,0.0,652834.46,18580758.36,3860755.33,4519766.01,-138.58,38337416.28
8888,6504527.0,1811334.48,2373086.39,0.0,139143398.55,11680081.19,2504544.76,5496727.24,-93397.83,169420301.77
8889,6504527.0,1032270.8,523911.74,33998038.85,1060708.77,9759933.18,2105194.37,2914689.23,0.0,57899273.93
8890,6504527.0,1378585.55,1488131.62,0.0,12670424.06,13184010.69,2620333.69,6196304.93,0.0,44042317.54
8891,6504527.0,2385555.81,2258222.36,0.0,73928988.31,16099999.86,3223680.53,5337933.34,-41615.92,109697291.29
8892,6504527.0,1636698.01,1309204.54,0.0,96912.03,13145529.32,2679322.1,4607860.51,-6032.03,29974021.48
8893,6504527.0,2000215.55,1187054.14,0.0,7459969.18,17969591.65,3628091.35,5180453.29,0.0,43929902.16
8894,6504527.0,3044481.38,1863435.73,0.0,51946.61,25640255.58,5196573.8,4717211.06,0.0,47018431.17
8895,6504527.0,1166014.69,562829.62,0.0,0.0,6144782.66,1278690.05,2986638.38,-51648.65,18591833.75
8896,6504527.0,3740832.64,2733887.46,10345991.91,4002362.25,26664646.96,5405146.81,5849758.78,0.0,65247153.82
8897,6504527.0,3759000.12,2511720.96,0.0,3150782.53,24841484.21,5021664.12,5462927.85,-717.1,51251389.69
8898,6504527.0,1578555.85,1252670.34,32322138.31,12576173.24,15785558.52,3183861.25,5271927.22,0.0,78475411.72
8899,6504527.0,1642726.74,1559564.95,0.0,51314169.75,11539188.84,2439384.13,4352237.97,-109107.0,79242692.38
8900,6504527.0,2875377.31,2367948.52,0.0,532058.21,23717650.79,4808353.72,5463988.67,-7569.78,46262334.45
8901,6504527.0,1492721.35,109158.23,0.0,1185612.04,2808729.59,783232.38,118576.99,-181749.08,12820808.51
8902,6504527.0,2804096.44,3368306.72,7602591.01,153199889.65,20056564.05,4076474.63,5374197.95,-39170.69,202947476.75
8903,6504527.0,2261413.05,1790067.23,0.0,883902.59,17804807.97,3556970.39,4373199.86,0.0,37174888.1
8904,6504527.0,1028244.49,1269170.65,0.0,76004638.01,5841322.07,1246423.83,3626933.07,-112837.6,95408421.52
8905,6504527.0,2090578.0,1971897.65,4832985.89,8852119.17,18561075.38,3711017.56,6340522.86,0.0,52864723.5
8906,6504527.0,2047832.28,1412928.13,0.0,283161.4,14074448.58,2902706.34,3217948.41,-247.75,30443304.38
8907,6504527.0,2727679.0,1652230.05,0.0,676734.04,17133086.75,3370534.78,2833731.02,-75092.62,34823430.02
8908,6504527.0,2369970.07,1924071.62,0.0,216153.48,19263077.41,3926979.65,5329845.01,-10226.1,39524398.14
8909,6504527.0,2796270.99,1901513.93,0.0,2360336.59,19650072.36,3779298.72,4049615.78,-87535.91,40954099.46
8910,6504527.0,861940.75,965578.32,0.0,9697144.76,8390086.56,1776123.58,5287246.92,0.0,33482647.89
8911,6504527.0,2586530.74,2241286.35,0.0,68079443.91,17147537.39,3384125.47,4849401.3,-112628.21,104680223.94
8912,6504527.0,1062571.03,1554658.45,0.0,67433364.65,9837932.27,2099166.81,5449742.43,-18639.99,93923322.64
8913,6504527.0,4045552.36,2937590.53,0.0,398848.17,36253573.66,7566017.7,6034624.39,0.0,63740733.81
8914,6504527.0,2890360.0,1879586.39,0.0,477545.32,19211752.38,3764861.46,3702197.25,-46449.25,38384380.55
8915,6504527.0,3562566.34,2563023.29,0.0,3260046.13,25356908.83,5077416.3,5508378.83,-3745.53,51829121.17
8916,6504527.0,3109046.09,1831552.69,0.0,0.0,19472639.13,3928035.77,3863930.52,-115711.22,38594019.98
8917,6504527.0,1580303.47,1074399.93,0.0,1593019.82,11042804.96,2345471.35,2614978.57,-49905.26,26705599.84
8918,6504527.0,1618134.97,1009407.75,0.0,103387.45,10966397.41,2199814.33,3793976.89,-91053.64,26104592.16
8919,6504527.0,1360675.86,2725659.12,4080574.88,154272654.98,12982579.57,2562266.78,7764573.7,0.0,192253511.9
8920,6504527.0,1649583.22,1171463.57,0.0,75831.77,12230697.75,2575690.84,2809585.87,-52412.25,26964967.77
8921,6504527.0,1703804.43,1314524.4,0.0,172102.92,13081627.29,2805435.2,4617026.88,0.0,30199048.13
8922,6504527.0,2427378.68,977636.48,0.0,769999.82,15388600.5,3137956.64,3054475.56,0.0,32260574.7
8923,6504527.0,1430302.72,1622596.97,0.0,15871696.57,14263040.24,2965908.25,7168470.99,0.0,49826542.74
8924,6504527.0,1053555.82,907780.32,0.0,1260003.61,9301098.63,1887292.23,3886255.66,-59866.38,24740646.9
8925,6504527.0,1651235.6,1321622.95,0.0,6501681.17,12454974.41,2508127.01,5903513.57,0.0,36845681.71
8926,6504527.0,518012.81,495601.21,0.0,3503623.85,4296658.16,780548.08,2884541.22,0.0,18983512.33
8927,6504527.0,1606129.63,1374481.08,0.0,44232524.63,10031252.67,2090464.26,3414205.86,-57188.53,69196396.6
8928,6504527.0,1188518.05,567971.8,0.0,10725090.89,10747055.84,2194226.65,3716499.05,0.0,35643889.27
8929,6504527.0,951796.03,1000734.86,0.0,8278099.35,8739632.1,1864795.3,5513383.04,0.0,32852967.68
8930,6504527.0,1391678.39,875377.89,8446263.65,1704558.51,13292395.03,2786605.9,4396352.14,0.0,39397758.5
8931,6504527.0,2077034.29,1694677.47,0.0,2383300.75,16569925.37,3402094.57,4770855.63,0.0,37402415.08
8932,6504527.0,3377677.94,2636089.95,11207974.88,1825497.76,26169657.78,5278334.62,5840873.46,0.0,62840633.38
8933,6504527.0,1741726.53,1371095.78,6385656.18,3245856.66,13193052.0,2735580.57,5864880.1,0.0,41042374.82
8934,6504527.0,2594904.75,2102236.95,0.0,601787.29,21027640.34,4408066.92,5614878.65,-10193.72,42843848.19
8935,6504527.0,2369654.55,1355919.88,787890.66,5751372.11,19781955.46,3993465.72,5886544.84,0.0,46431330.23
8936,6504527.0,962172.79,461682.56,27016409.11,65453.49,9513910.62,1895278.36,2640388.17,0.0,49059822.1
8937,6504527.0,1098794.31,454761.22,33307390.67,5984113.11,8971592.19,1852497.74,2779875.13,0.0,60953551.36
8938,6504527.0,1036228.89,829268.1,0.0,33668467.64,7141602.02,1524559.95,3193389.11,-221509.69,53676533.01
8939,6504527.0,2258525.73,1589995.95,945113.93,1806732.0,22467143.53,4541743.94,7074031.61,0.0,47187813.7
8940,6504527.0,3429300.4,2550206.54,11031383.93,1731694.14,25317300.66,5116889.13,5608990.55,0.0,61290292.35
8941,6504527.0,1780562.32,1154246.0,0.0,164049.88,11580477.06,2339663.03,4591668.33,-9865.7,28105327.92
8942,6504527.0,3271804.47,2389596.82,705362.47,248449.07,23876200.29,4812705.44,5462092.62,0.0,47270738.18
8943,6504527.0,2886872.43,2010969.75,366239.97,7812008.37,26221476.05,5308467.31,6574132.07,0.0,57684692.95
8944,6504527.0,1392168.92,642770.49,0.0,1280365.72,6608815.13,1433383.31,1105816.75,-41620.24,18926227.08
8945,6504527.0,1313289.17,1351608.94,5271250.75,16026595.95,11642379.99,2415144.25,5936357.32,0.0,50461153.37
8946,6504527.0,2180062.24,1772462.64,0.0,1137961.88,17971527.48,3691656.92,4747255.32,-36914.28,37968539.2
8947,6504527.0,2649453.04,1853704.22,0.0,61718181.85,14388624.78,2847662.28,4478279.52,-165252.22,94275180.48
8948,6504527.0,1294497.98,1283001.36,0.0,52808041.53,8169364.69,1823368.9,4136826.23,-22448.77,75997178.92
8949,6504527.0,2990486.09,1750364.61,0.0,836997.9,18151416.59,3605209.41,3280645.3,-75385.54,37044261.37
8950,6504527.0,2352692.01,1825587.05,0.0,2934908.43,17883409.96,3720561.36,5469793.9,0.0,40691479.71
8951,6504527.0,795537.28,388920.93,0.0,11700288.53,7055274.95,1686958.57,2757722.97,0.0,30889230.23
8952,6504527.0,2476958.3,1709658.21,0.0,459769.71,17088737.9,3309251.35,4580651.49,-16210.67,36113343.3
8953,6504527.0,2725291.89,1995691.83,0.0,1526383.4,20393528.23,4199034.55,4103729.32,-58871.7,41389314.52
8954,6504527.0,2193566.04,1242435.17,0.0,698458.88,13124395.91,2700549.54,2614798.72,-84499.61,28994231.66
8955,6504527.0,1930334.49,1435852.95,0.0,914759.23,14555594.74,3134561.33,4449086.11,-29091.61,32895624.24
8956,6504527.0,3104824.65,1989344.35,0.0,1220925.41,26741664.78,5302603.86,5522108.25,0.0,50385998.29
8957,6504527.0,942728.41,1029253.97,2032531.18,49214513.7,7828731.06,1650427.51,3400606.41,-194547.66,72408771.58
8958,6504527.0,2706177.4,3353785.27,0.0,145499968.67,20645422.87,4166457.99,5585162.29,-54715.96,188406785.52
8959,6504527.0,826649.31,902307.24,39206970.91,3848587.82,8266493.06,1661686.57,4091475.92,0.0,65308697.83
8960,6504527.0,1355606.05,2118970.73,5700773.51,85862373.18,12903366.32,2540845.05,7466442.32,0.0,124452904.16
8961,6504527.0,2532571.97,783918.65,0.0,471288.99,7777746.93,1639609.24,1206615.85,-4065.8,20912212.84
8962,6504527.0,2100124.38,1049923.23,2828026.27,9031020.18,16468493.16,3389909.72,4579667.51,0.0,45951691.46
8963,6504527.0,2376869.66,1912857.69,0.0,1572833.24,18818226.03,4088236.21,5348977.81,0.0,40622527.63
8964,6504527.0,2655590.66,1990000.15,0.0,123608.16,20001363.32,3901353.53,4727451.39,-14705.27,39889188.95
8965,6504527.0,1949129.05,1677703.7,1140175.7,3974343.59,16306367.99,3406115.91,6187136.79,0.0,41145499.72
8966,6504527.0,1627036.91,793567.17,0.0,0.0,8924226.37,1905301.69,2744371.74,-98855.46,22400175.43
8967,6504527.0,1671275.29,1340744.43,0.0,715032.37,13150795.13,2678276.71,6003003.06,-765.79,32062888.2
8968,6504527.0,778060.06,1387008.63,0.0,106727761.24,4238886.54,972214.75,4549731.23,-266715.78,124891473.68
8969,6504527.0,886143.17,384016.18,0.0,5711569.11,7882134.81,1721760.06,2676106.14,0.0,25766256.47
8970,6504527.0,1831400.79,1468731.6,0.0,150350.37,15100051.32,3067430.91,3879170.84,-42935.7,31958727.13
8971,6504527.0,947102.53,993026.3,36668106.51,2740298.2,9149722.03,1884145.61,4450699.97,0.0,63337628.15
8972,6504527.0,1443535.77,1077276.12,0.0,316731.47,10862670.69,2244727.81,3776406.64,-20698.73,26205176.77
8973,6504527.0,2396174.04,3024988.52,3952649.7,148138197.59,17372264.5,3643209.61,5411487.88,-73567.28,190369931.56
8974,6504527.0,621949.74,221189.02,0.0,53131.11,3120378.54,780686.31,681042.44,0.0,11982904.15
8975,6504527.0,1429211.01,1374325.18,0.0,53119532.43,9329510.93,1983419.1,3954955.75,-64239.02,77631242.38
8976,6504527.0,1725540.0,1316981.02,0.0,37547351.6,10459309.31,2058920.21,2435661.69,-78342.1,61969948.71
8977,6504527.0,979737.1,946999.88,55378.35,0.0,9469998.79,1909409.69,4946598.32,0.0,24812649.13
8978,6504527.0,1952002.07,1307913.33,0.0,4584208.92,12962585.26,2669011.15,4898499.16,-40335.43,34838411.46
8979,6504527.0,2171460.05,1612782.33,0.0,881539.31,16532756.43,3372974.75,3823917.53,-49043.21,34850914.2
8980,6504527.0,3588374.29,2928947.62,4591538.3,275571.23,29242634.56,5676914.54,5500270.03,0.0,58308777.57
8981,6504527.0,1584808.25,1388203.92,0.0,936757.2,14264958.24,2976061.57,4625727.09,-61170.59,32219872.66
8982,6504527.0,964231.03,575959.47,7492578.63,11684276.89,9111725.49,1880167.37,3278622.88,0.0,41492088.76
8983,6504527.0,2731470.56,1769793.59,0.0,535464.22,17787672.88,3501821.6,3717962.17,-16756.85,36531955.16
8984,6504527.0,2257448.83,2105641.24,0.0,66519272.19,15496430.55,3142806.34,4684987.88,-67241.45,100643872.58
8985,6504527.0,2960325.03,2760374.36,0.0,74335629.61,21165060.7,4376320.02,5140128.67,-37765.49,117204599.89
8986,6504527.0,1364933.57,1626182.52,10660089.94,20795445.37,13649335.74,2783692.84,7555385.24,0.0,64939592.22
8987,6504527.0,2491962.23,2097216.73,0.0,830834.63,21276212.88,4346024.33,4634637.22,-47876.66,42133538.37
8988,6504527.0,2603023.68,1386519.38,0.0,1866942.45,20675723.42,4143228.07,4334222.63,0.0,41514186.62
8989,6504527.0,1086112.17,1175194.0,0.0,59534184.74,6628229.2,1351718.03,2923355.07,-97020.43,79106299.79
8990,6504527.0,1087664.85,357446.15,0.0,248813.78,7947540.67,1738633.48,1872172.95,0.0,19756798.88
8991,6504527.0,1007802.26,378173.78,0.0,17394218.31,6655818.31,1517554.86,2965878.39,0.0,36423972.92
8992,6504527.0,924656.69,1446707.52,53277754.53,61827994.61,9166980.28,1800869.05,4635157.13,0.0,139584646.8
8993,6504527.0,1496226.96,924235.4,0.0,83343.36,9985867.72,2140536.39,2326244.02,-77432.1,23383548.74
8994,6504527.0,2815020.93,1905535.7,0.0,1153737.33,19365394.34,3911314.56,3558457.82,-46814.63,39167173.04
8995,6504527.0,3884188.2,2372079.97,0.0,211686.33,23655150.31,4690028.45,4886992.89,-590.59,46204062.56
8996,6504527.0,2521982.71,1537101.79,0.0,1542138.8,16512815.75,3173870.16,3634573.48,-130231.03,35296778.67
8997,6504527.0,2800214.9,2388098.22,5728047.42,77532770.24,17615882.73,3478418.85,5132936.96,-84523.22,121096373.11
8998,6504527.0,1368424.09,314493.83,0.0,473258.9,6866490.1,1522051.0,1231657.93,0.0,18280902.85
8999,6504527.0,1357161.76,1412939.89,0.0,48425892.24,9506671.36,1780248.49,4231237.53,-46853.92,73171824.36
9000,6504527.0,3507663.29,2319084.54,0.0,651146.56,23203760.44,4695949.03,4818582.7,-13509.08,45687204.48
9001,6504527.0,1898323.31,913868.96,0.0,282546.22,9791853.64,2082713.65,2160801.52,-71844.23,23562790.06
9002,6504527.0,771760.25,426634.45,0.0,407763.08,5143129.1,1170102.88,1716841.07,-95743.57,16045014.25
9003,6504527.0,1006482.3,869616.01,0.0,455889.76,9051979.48,1919751.42,3633372.18,-39359.95,23402258.21
9004,6504527.0,2833914.61,1653384.56,0.0,492856.33,17120485.43,3382066.65,2955096.16,-62145.28,34880185.45
9005,6504527.0,2791851.22,1733378.01,0.0,79847.87,24329364.83,4947674.62,5582205.05,0.0,45968848.6
9006,6504527.0,1377006.89,1346139.97,0.0,10801530.93,12077312.07,2525017.42,5122191.29,0.0,39753725.57
9007,6504527.0,1424214.27,1362920.14,0.0,9885014.9,12472025.15,2566226.76,5018266.28,0.0,39233194.51
9008,6504527.0,2922549.74,2002109.19,0.0,1852328.75,20596375.59,4021545.69,4418804.28,-76968.01,42241272.24
9009,6504527.0,1945169.3,2667529.56,8526543.54,153582654.3,12754447.95,2602367.48,6013163.58,-22698.57,194573704.14
9010,6504527.0,1281216.87,835735.19,0.0,570253.28,9346829.52,1811784.14,2443855.29,-104417.62,22689783.67
9011,6504527.0,1387558.06,1211041.76,0.0,8774410.12,11050264.25,2255811.7,4759991.84,0.0,35943604.74
9012,6504527.0,3149399.16,2649895.92,1690034.91,2224027.71,26300274.17,5265500.04,5425080.7,0.0,53208739.61
9013,6504527.0,1887072.57,1190277.66,0.0,148864.07,12745875.79,2547012.34,4233135.34,-89812.59,29166952.18
9014,6504527.0,1937629.98,1668028.53,0.0,48224055.74,13242220.32,2570399.85,3825935.24,-135189.85,77837606.79
9015,6504527.0,1844542.5,1697788.43,0.0,4943578.71,16029101.9,3407073.45,6664422.35,0.0,41091034.33
9016,6504527.0,1312282.58,557127.04,0.0,0.0,9744108.18,1969436.34,2042394.48,0.0,22129875.62
9017,6504527.0,3361168.01,2351083.73,7843201.79,135417.11,23487819.08,4801446.79,5280002.08,0.0,53764665.59
9018,6504527.0,4217948.44,3547614.43,0.0,4527087.58,34458077.85,6397665.72,6179425.65,-6060.04,65826286.63
9019,6504527.0,2467691.06,1813133.06,0.0,830090.59,18694124.45,3951924.55,3979627.44,-77449.43,38163668.72
9020,6504527.0,3461918.66,1859580.35,0.0,611587.24,18742898.71,3730265.04,3499266.12,-26068.45,38383974.67
9021,6504527.0,2171468.42,1992434.73,0.0,61836004.06,15306614.96,3149368.66,4112448.85,-99482.29,94973384.39
9022,6504527.0,3005137.06,2089871.69,0.0,930920.64,21234053.57,4261286.43,4175491.36,-43825.28,42157462.48
9023,6504527.0,2083831.38,1470312.54,0.0,6673203.08,13922944.5,2902503.77,4806005.59,0.0,38363327.85
9024,6504527.0,2185361.36,981743.31,0.0,842249.34,15023400.94,3025885.1,2765793.18,0.0,31328960.23
9025,6504527.0,1729776.12,809585.69,0.0,8998.61,14521826.87,3097412.57,3462881.85,0.0,30135008.72
9026,6504527.0,1151187.0,659225.23,0.0,0.0,6983757.24,1460419.18,3284605.43,-39150.49,20004570.6
9027,6504527.0,3795823.52,3332906.4,21208939.34,77710257.66,26239686.86,5166027.55,5374952.69,0.0,149333121.02
9028,6504527.0,882999.99,751774.44,0.0,534808.13,7935376.25,1718343.28,3450483.23,-61532.03,21716780.29
9029,6504527.0,1212853.03,430444.66,0.0,210864.86,9523960.57,2072037.88,2249026.75,0.0,22203714.75
9030,6504527.0,3167112.99,2476977.16,954652.79,1684410.86,24603525.69,4866699.8,5468922.18,0.0,49726828.48
9031,6504527.0,2831107.77,1538389.01,0.0,1677584.12,21743764.26,4554282.36,4546275.48,0.0,43395929.99
9032,6504527.0,994403.21,526015.23,0.0,5097674.96,9395824.99,1987892.88,3245944.72,0.0,27752282.98
9033,6504527.0,1989850.31,1229251.95,0.0,37500884.18,10623206.79,2137402.72,2060245.57,-172118.03,61873250.49
9034,6504527.0,1450103.28,1413560.63,0.0,11344648.32,12824673.05,2587346.95,5773457.38,0.0,41898316.59
9035,6504527.0,2907371.96,2625364.02,0.0,4854355.31,25270282.16,5097075.34,6706862.78,0.0,53965838.57
9036,6504527.0,2693720.56,1493412.34,0.0,124522.49,15280120.28,3049849.39,1971311.87,-36967.45,31080496.49
9037,6504527.0,2290427.85,1155463.14,0.0,991032.86,16408102.46,3270465.22,2897889.4,0.0,33517907.93
9038,6504527.0,1368753.24,1377369.42,0.0,11175927.96,12369541.31,2553668.62,5490959.32,0.0,40840746.87
9039,6504527.0,2630227.41,1322019.81,0.0,1870712.28,19741208.44,3863978.25,4232082.19,0.0,40164755.39
9040,6504527.0,3435183.03,2316189.14,6377247.2,654126.1,23090983.47,4682688.46,5296824.68,0.0,52357769.07
9041,6504527.0,3067201.85,1721055.1,0.0,342197.22,24109159.95,4825777.77,5304365.56,0.0,45874284.45
9042,6504527.0,2348876.16,1655247.47,0.0,861796.51,17245244.06,3498701.14,3511512.51,-78473.64,35547431.19
9043,6504527.0,3625938.22,2213763.08,0.0,946130.38,22176871.71,4546464.27,3987802.83,-25865.44,43975632.06
9044,6504527.0,2038882.4,1741538.93,0.0,4395882.47,17050152.26,3612367.24,5417247.43,-18652.41,40741945.31
9045,6504527.0,790229.84,272322.5,0.0,206864.32,6569071.79,1478314.75,1436126.27,0.0,17257456.49
9046,6504527.0,2713003.6,1696018.34,0.0,1686841.86,17973001.13,3442068.02,3684353.54,-117399.6,37582413.89
9047,6504527.0,3089355.97,1955661.71,0.0,373781.02,26443551.35,5455684.63,5907545.79,0.0,49730107.46
9048,6504527.0,2874918.26,1790701.58,0.0,138697.76,18041291.17,3635689.32,4666916.54,-14445.35,37638296.28
9049,6504527.0,1701849.84,649728.58,0.0,1084810.58,10404384.4,2202093.41,1705757.71,0.0,24253151.52
9050,6504527.0,3588990.81,2804798.53,0.0,2077802.09,27755249.56,5674776.58,5468636.17,-16543.68,53858237.06
9051,6504527.0,1265653.81,1434525.67,451452.42,19533325.94,11768388.21,2579058.1,6809660.08,0.0,50346591.22
9052,6504527.0,2495751.5,2043448.8,0.0,556606.0,20676923.35,4386534.67,4567113.77,-32293.81,41198611.28
9053,6504527.0,1026142.54,597997.1,2459737.39,14931993.24,9259418.1,2091246.23,3365866.28,0.0,40236927.87
9054,6504527.0,773940.61,677299.49,0.0,24415897.55,5734930.36,1151473.92,1665338.61,-118922.3,40804485.24
9055,6504527.0,1430787.92,791137.08,0.0,669790.25,8457985.8,1775212.04,3150209.23,-62873.05,22716776.27
9056,6504527.0,2712616.31,2262552.02,12951747.34,2105897.94,22379314.38,4602182.68,6102476.37,0.0,59621314.04
9057,6504527.0,1204049.64,522915.08,0.0,4626744.97,9354292.23,2011124.27,3089887.12,0.0,27313540.3
9058,6504527.0,1366945.8,1633294.33,9024456.05,20904391.1,13669458.01,2799096.18,7412329.57,0.0,63314498.03
9059,6504527.0,1877576.69,1673415.82,0.0,1547133.32,16553279.02,3464799.86,6174245.2,0.0,37794976.91
9060,6504527.0,2575748.86,1509081.17,0.0,557385.02,21959380.9,4509765.83,5110620.65,0.0,42726509.44
9061,6504527.0,2476175.78,1720298.49,4801617.86,4404631.93,23625571.14,4836251.15,6370537.3,0.0,54739610.66
9062,6504527.0,1156441.29,835069.96,0.0,33418849.52,6325049.84,1481361.8,2997570.18,-130967.74,52587901.86
9063,6504527.0,3483668.56,2515446.37,0.0,1777457.45,25072182.39,4980199.92,5571270.22,-29592.67,49875159.23
9064,6504527.0,1974833.02,1020860.18,0.0,178205.5,10972157.07,2275043.91,2253790.04,-82942.78,25096473.95
9065,6504527.0,984873.39,1368728.91,33634728.35,60253619.7,8224353.76,1730472.63,4182185.54,0.0,116883489.27
9066,6504527.0,1320119.17,904897.15,0.0,1987283.28,8633221.6,1785603.61,2914784.93,0.0,24050436.74
9067,6504527.0,2627159.8,1642909.73,3019926.0,963421.09,23342747.42,4637437.14,5478188.17,0.0,48216316.35
9068,6504527.0,2797350.39,2223514.97,0.0,1376739.35,22294054.47,4287982.96,4724096.8,-20728.01,44187537.92
9069,6504527.0,2300193.63,2240129.29,4448176.13,76832107.11,15824584.27,3284128.62,5285500.56,-44839.14,116674507.47
9070,6504527.0,1100965.23,1675024.73,37325025.12,67752633.57,10686857.46,2088239.22,5228099.54,0.0,132361371.88
9071,6504527.0,3382882.32,1832875.27,2145340.23,108617.13,25313703.08,5128674.77,5430257.7,0.0,49846877.49
9072,6504527.0,3160859.17,2478661.68,6709589.02,1369034.31,24596584.49,5038443.2,5480939.97,0.0,55338638.86
9073,6504527.0,3171627.26,2416487.79,0.0,2276596.67,24300800.83,4866064.42,5196455.67,-27541.15,48705018.49
9074,6504527.0,1518385.63,1561895.4,2420769.04,17567233.59,13565124.79,2887747.32,6922223.57,0.0,52947906.34
9075,6504527.0,1885319.44,1653532.54,0.0,52116802.89,11875788.22,2314777.09,3973240.86,-49161.99,80274826.04
9076,6504527.0,2028945.58,1185495.42,0.0,8191998.37,17876985.63,3716837.01,4467643.81,0.0,43972432.81
9077,6504527.0,532634.1,782879.72,0.0,38487847.87,4880664.86,1062108.13,3094915.46,-66394.92,55279182.22
9078,6504527.0,2224346.97,1850425.39,0.0,1970908.72,18240711.01,3804084.76,4892008.23,0.0,39487012.07
9079,6504527.0,2101767.46,1250400.85,0.0,9674007.79,18247895.82,3751051.59,4719940.42,0.0,46249590.92
9080,6504527.0,1415289.04,623274.79,0.0,451878.74,10629125.8,2315361.77,2164651.12,0.0,24104108.26
9081,6504527.0,2048556.22,1414740.14,0.0,458340.74,15070724.62,3066858.08,2986003.52,-100828.37,31448921.94
9082,6504527.0,1332769.24,1932029.24,0.0,82035824.32,11650644.84,2476286.73,6139820.39,0.0,112071901.77
9083,6504527.0,3233974.73,2137038.6,0.0,789745.29,21278817.38,4242253.48,5368036.69,0.0,43554393.17
9084,6504527.0,2749441.58,3266255.18,11256757.05,81459384.46,24810507.57,5169706.45,6513203.1,0.0,141729782.4
9085,6504527.0,2057987.61,1633676.84,10751823.49,3344019.74,15945810.74,3323650.4,5590602.2,0.0,49152098.03
9086,6504527.0,2354612.59,1530694.54,0.0,1068180.73,16164782.88,3240105.07,3478803.09,-97500.44,34244205.47
9087,6504527.0,1040906.55,602422.78,0.0,291243.21,6683665.74,1533298.3,2703944.4,-76709.41,19283298.59
9088,6504527.0,944664.34,1540121.05,47584066.73,66683714.87,9446643.41,1857336.27,5376961.19,-2985.62,139935049.23
9089,6504527.0,1861478.06,1363133.79,0.0,190193.29,13644315.22,2685456.07,5069695.67,-2639.39,31316159.7
9090,6504527.0,1711319.79,1371873.7,0.0,1175643.74,14430174.72,2933563.68,4227207.87,-80886.47,32273424.04
9091,6504527.0,986322.68,1068215.54,0.0,14648295.08,9026687.02,1881266.0,5109177.27,0.0,39224490.59
9092,6504527.0,3235236.27,2381664.81,0.0,1411851.92,24338803.05,4894814.47,4818287.97,-67194.52,47517990.97
9093,6504527.0,1636758.1,970886.25,0.0,5172997.76,15669465.4,3270845.77,4938987.32,0.0,38164467.6
9094,6504527.0,2050088.41,978973.14,0.0,1954135.36,16123990.5,3420794.49,3838299.89,0.0,34870808.77
9095,6504527.0,1996252.81,2589399.22,13606318.01,87902268.83,17477501.2,3667817.51,6283165.48,0.0,140027250.05
9096,6504527.0,3044765.38,2253148.54,0.0,1022545.18,22566304.32,4372657.47,5324328.75,-14786.86,45073489.77
9097,6504527.0,1532752.63,1806006.72,0.0,68745352.52,11665680.07,2349792.18,5055849.04,-12286.09,97647674.07
9098,6504527.0,2881959.28,1451640.58,0.0,455864.57,15448835.39,3068715.79,2400631.38,-102031.85,32110142.14
9099,6504527.0,2325416.93,1694077.37,0.0,254339.0,17857420.7,3727680.06,3524074.49,-94476.5,35793059.04
9100,6504527.0,1314466.31,707921.02,0.0,384319.87,7035343.47,1451913.06,2473816.71,-1381.15,19870926.29
9101,6504527.0,2888073.44,1826770.68,489685.8,0.0,25292806.76,5221194.69,5963997.52,0.0,48187055.89
9102,6504527.0,1154780.99,1317433.26,0.0,19211456.3,10588984.8,2252747.24,6717133.66,0.0,47747063.25
9103,6504527.0,1985609.98,1569716.3,0.0,379498.61,15919085.56,3262045.17,4335584.17,-25909.34,33930157.45
9104,6504527.0,2318900.39,1376557.61,1490907.26,371415.66,20653384.69,4242800.94,5823304.64,0.0,42781798.18
9105,6504527.0,2348451.21,2118306.35,0.0,76844695.17,14876962.75,3032520.68,5287442.6,-78550.38,110934355.39
9106,6504527.0,1193733.95,1899589.37,6005210.84,86272344.18,10700150.57,2377023.23,5787870.44,0.0,120740449.59
9107,6504527.0,2605470.68,2970850.65,1055543.64,79646799.81,22674219.39,4465598.78,6525163.7,-54743.37,126393430.3
9108,6504527.0,3712360.69,2001689.87,0.0,638450.69,19999439.12,4194029.6,3930467.93,-10171.25,40970793.66
9109,6504527.0,1445052.64,2577958.82,6293137.78,152603544.21,12052484.16,2503354.74,5984363.39,-19909.03,189944513.72
9110,6504527.0,1248683.07,755276.19,24957237.0,6045218.34,11707465.91,2519580.69,3879758.83,0.0,57617747.03
9111,6504527.0,2039004.51,1099979.33,0.0,0.0,17052622.13,3551839.15,3787395.77,0.0,34035367.89
9112,6504527.0,853006.16,443163.85,0.0,7483090.09,8271475.04,1744730.97,3125175.91,0.0,28425169.02
9113,6504527.0,3650818.41,2098429.61,0.0,523361.89,21379685.33,4310757.79,4072012.4,-48697.99,42490894.45
9114,6504527.0,1491994.84,1304795.63,0.0,0.0,13522411.82,2655933.74,4467146.05,-47445.55,29899363.53
9115,6504527.0,885611.83,754740.93,0.0,1540064.61,8615281.66,1646536.84,3689434.31,-141913.09,23494284.09
9116,6504527.0,2010012.24,1101465.47,0.0,103092.44,16873558.33,3460191.76,3477960.63,0.0,33530807.87
9117,6504527.0,949353.36,723962.56,0.0,147555.21,7185082.81,1608929.91,3399745.01,0.0,20519155.87
9118,6504527.0,2538942.92,1565123.83,0.0,1435805.09,16151181.18,3304454.52,2969809.74,-66942.96,34402901.32
9119,6504527.0,3685435.72,2709449.19,4779984.85,1148017.06,27013508.86,5244569.78,5604866.39,0.0,56690358.85
9120,6504527.0,2047474.82,2378126.81,0.0,73980278.37,17764560.57,3687012.31,6023392.32,-67697.14,112317675.06
9121,6504527.0,1118571.69,818725.09,0.0,822242.62,8765230.92,1697886.69,2686470.01,-88191.67,22325462.34
9122,6504527.0,1369294.96,660799.82,0.0,2409565.12,10969876.26,2292540.65,3226709.41,0.0,27433313.23
9123,6504527.0,1389110.2,2549518.02,5900886.69,148841210.0,12478283.6,2483908.07,6311645.47,-92651.63,186366437.41
9124,6504527.0,1359345.37,1642467.14,114285.92,78302779.26,9169834.43,2022377.61,6557550.6,0.0,105673167.34
9125,6504527.0,1905339.2,1012412.68,0.0,1863423.15,16333064.38,3450170.61,3912454.81,0.0,34981391.84
9126,6504527.0,2081332.21,2001913.43,0.0,5692775.93,19391533.11,3890777.12,6641633.12,-13722.82,46190769.09
9127,6504527.0,1140148.29,575072.13,11052542.39,448263.79,10497923.42,2124794.57,3270458.13,0.0,35613729.72
9128,6504527.0,1360302.64,1157980.36,0.0,5727424.2,10526917.64,2242823.75,5533419.54,0.0,33053395.12
9129,6504527.0,1107403.06,1352474.2,0.0,52979744.76,9319469.81,1806498.99,4961593.36,-107123.58,77924587.59
9130,6504527.0,1980280.27,1878362.29,4331082.1,10200855.37,17504862.62,3624937.73,6170778.75,0.0,52195686.13
9131,6504527.0,2889368.09,2607725.43,7549336.1,5275254.45,25460572.77,5299827.4,6183960.33,0.0,61770571.57
9132,6504527.0,446639.65,54128.63,0.0,564430.12,1777270.29,559448.85,146533.64,-131558.53,9921419.67
9133,6504527.0,1997456.88,1568206.38,0.0,56136786.12,11296830.88,2249790.46,4154770.2,-107855.69,83800512.22
9134,6504527.0,3763705.69,2710951.75,0.0,560315.48,27132462.03,5580280.92,5178260.43,-17955.86,51412547.45
9135,6504527.0,1510194.02,1796261.73,0.0,62958377.07,12687767.4,2617476.72,5234663.74,-65781.44,93243486.25
9136,6504527.0,4085966.08,3461642.86,0.0,3464449.6,34075468.42,7123286.72,5695010.16,-17063.72,64393287.1
9137,6504527.0,1542347.77,1976815.26,0.0,69877716.46,13669894.37,2700116.08,5630691.18,-64978.77,101837129.34
9138,6504527.0,1052805.02,991615.3,0.0,8010201.49,9022371.61,1961543.87,4330799.33,0.0,31873863.62
9139,6504527.0,2006996.94,1171392.06,0.0,0.0,17455808.28,3527356.39,3940684.09,0.0,34606764.76
9140,6504527.0,2707974.28,1481092.2,0.0,728428.99,15301539.14,3278808.7,2925366.14,-62184.73,32865551.72
9141,6504527.0,2826769.48,1862197.29,0.0,840665.8,25456639.63,4854811.65,6084411.48,0.0,48430022.32
9142,6504527.0,1198935.76,1073573.53,0.0,38631592.79,7392520.55,1506425.01,3316100.71,-56960.13,59566715.22
9143,6504527.0,2476415.76,2330691.89,8808920.43,4013148.59,22722378.81,4612980.63,6675631.85,0.0,58144694.97
9144,6504527.0,2971682.92,2512391.2,1625461.65,6492579.72,24397303.28,5044410.65,5843691.77,0.0,55392048.18
9145,6504527.0,194561.2,0.0,0.0,0.0,928220.33,219941.18,0.0,0.0,7847249.7
9146,6504527.0,1668542.04,776748.08,0.0,81898.67,12444304.14,2575735.69,2614708.61,0.0,26666464.23
9147,6504527.0,2760483.67,1831628.61,0.0,2273855.01,18073073.88,3521751.86,5351524.76,0.0,40316844.79
9148,6504527.0,2126152.78,927404.82,0.0,1141595.94,11917630.23,2532739.61,1837975.62,0.0,26988026.0
9149,6504527.0,1787659.76,1689397.15,0.0,69305107.52,10391975.92,2192829.33,5252859.84,-4687.86,97119668.65
9150,6504527.0,3844071.65,3160348.47,0.0,2344342.69,31421533.55,6088022.8,6376561.66,-17761.3,59721646.52
9151,6504527.0,1320956.03,1771714.14,0.0,74512329.81,10963252.38,2368410.21,5706571.31,0.0,103147760.89
9152,6504527.0,2534674.53,2092136.58,0.0,1692773.44,20681446.2,4277069.59,6078451.02,-1395.13,43859683.22
9153,6504527.0,1149555.9,944224.93,0.0,4394164.69,8928516.51,1883732.06,4240486.62,0.0,28045207.71
9154,6504527.0,1718007.75,837604.42,0.0,111449.19,13840980.58,2886348.71,3029376.77,0.0,28928294.42
9155,6504527.0,1112474.05,429000.55,0.0,3470385.76,8480880.91,1757094.15,2742036.89,0.0,24496399.31
9156,6504527.0,1171719.86,795297.9,0.0,71554.29,9477428.89,1982790.27,2619124.28,-155089.95,22467352.53
9157,6504527.0,2921326.65,2836056.77,5866218.73,79234344.1,21125767.18,4082575.99,5492296.06,-24452.82,128038659.67
9158,6504527.0,2830716.65,1565652.76,0.0,532718.19,15969775.4,3131419.88,2659043.29,-36205.44,33157647.71
9159,6504527.0,432549.11,322826.51,0.0,29850687.31,2747855.09,742307.79,373627.94,-195100.33,40779280.43
9160,6504527.0,3280990.86,2206505.3,0.0,224462.1,22353465.12,4772257.91,4590697.92,-37138.31,43895767.91
9161,6504527.0,1971925.38,2215999.85,0.0,73720084.25,16026293.96,3353203.87,5828333.72,-51243.9,109569124.13
9162,6504527.0,3029531.83,2028176.55,0.0,1202820.51,20852843.3,4076877.25,4302215.83,-70515.2,41926477.07
9163,6504527.0,2001249.02,1667510.34,0.0,583083.45,17266407.86,3445043.87,5491034.97,-79384.64,36879471.87
9164,6504527.0,1984855.59,2062171.13,0.0,67336634.8,14913190.95,3033510.27,5271430.31,-63539.83,101042780.24
9165,6504527.0,1598601.49,1082653.24,0.0,38601035.4,8931143.96,1847128.02,2998214.25,-189794.52,61373508.84
9166,6504527.0,3265640.6,2111240.5,0.0,477847.01,21177812.49,4217582.09,4561163.69,-12239.9,42303573.48
9167,6504527.0,2557956.16,2338911.01,6704348.22,617684.1,23289278.64,4886511.79,6513231.85,0.0,53412448.77
9168,6504527.0,3363053.32,2846092.63,6808672.08,1431837.6,28180259.4,5756524.51,6231779.86,0.0,61122746.42
9169,6504527.0,3444884.38,2686969.51,0.0,2402328.4,26651539.82,5410226.05,6189124.77,-6504.37,53283095.55
9170,6504527.0,1289825.87,540440.41,0.0,301175.65,10682734.22,2387299.53,2556072.79,0.0,24262075.46
9171,6504527.0,3517159.0,2673797.74,0.0,446854.91,26859947.45,5613623.91,5303200.23,-17005.12,50902105.12
9172,6504527.0,1376977.68,1071460.67,0.0,0.0,10791549.65,2324147.69,3615049.77,-7694.3,25676018.15
9173,6504527.0,2805397.51,1629949.39,0.0,8362036.84,22294143.58,4435526.19,5303062.86,0.0,51334643.37
9174,6504527.0,1285137.46,1482698.22,11977604.15,21500544.81,11992437.83,2596432.77,7076992.36,0.0,64416374.6
9175,6504527.0,1380686.9,899648.02,7126976.18,765645.24,13632741.76,2780391.2,4629228.25,0.0,37719844.56
9176,6504527.0,2114358.84,1592450.6,0.0,203918.98,16090837.87,3385793.09,4887620.19,-22964.19,34756542.37
9177,6504527.0,970595.29,1070066.13,35250436.4,7109097.58,9698432.54,1943326.98,4497780.47,0.0,67044262.38
9178,6504527.0,2072941.65,1755287.77,0.0,1330229.94,17409493.42,3368035.12,6206060.8,-367.67,38646208.03
9179,6504527.0,1370234.55,1814264.62,0.0,77891196.97,10836676.64,2334927.24,5560124.39,0.0,106311951.42
9180,6504527.0,806100.14,189791.07,0.0,0.0,5367517.56,1142257.95,1045297.45,0.0,15055491.17
9181,6504527.0,1979320.04,2192750.31,0.0,121292189.24,11500753.42,2437088.52,5461039.81,-111074.48,151256593.86
9182,6504527.0,1607525.37,578521.44,0.0,228610.6,10294241.23,2161482.56,1853910.89,0.0,23228819.1
9183,6504527.0,1179668.62,783349.04,0.0,83696.6,8726269.02,1760267.73,2152272.11,-92371.65,21097678.48
9184,6504527.0,877674.86,1452075.76,69757326.38,63891948.63,8776748.56,1727735.8,4291344.89,0.0,157279381.87
9185,6504527.0,2814720.25,2721670.45,1154909.15,78864893.82,20059712.13,4115597.5,5525220.9,-6684.64,121754566.56
9186,6504527.0,2570722.73,1938424.93,0.0,0.0,19545566.72,3960884.5,4436664.07,-16131.74,38940658.22
9187,6504527.0,2559692.59,2721740.04,0.0,73950207.93,20682922.03,4074353.76,5152887.09,-42168.46,115604161.97
9188,6504527.0,1313957.62,1201462.28,0.0,55336551.65,8379811.04,1737665.36,4692069.47,-193639.54,78972404.88
9189,6504527.0,2408116.54,1447462.37,0.0,156588.95,21486746.94,4498535.43,5834515.66,0.0,42336492.88
9190,6504527.0,1453162.18,633720.05,0.0,144368.16,10590879.93,2103315.45,1979467.16,0.0,23409439.93
9191,6504527.0,3984269.75,3300723.85,14731529.44,0.0,33007238.53,6733609.48,5925663.29,0.0,74187561.34
9192,6504527.0,1409960.11,1746349.54,2769814.57,26446515.93,14099601.14,2939211.81,7646789.57,0.0,63562769.67
9193,6504527.0,866657.01,946806.09,0.0,37216923.26,7077215.84,1506740.58,3306930.33,-135380.6,57290419.51
9194,6504527.0,3284549.44,2429956.8,8264992.1,1363219.19,24154863.23,4964470.09,5408948.44,0.0,56375526.29
9195,6504527.0,1128723.24,593453.75,11674259.42,9191582.31,9772703.53,2120287.77,3223468.36,0.0,44209005.37
9196,6504527.0,3083056.76,2783886.39,6694014.59,78580144.0,20923132.78,4185340.32,5905378.55,-33473.19,128626007.19
9197,6504527.0,2325946.01,2444128.95,0.0,69403134.34,18269405.42,3725748.67,5419928.91,-43412.81,108049406.5
9198,6504527.0,2841271.64,1738805.56,0.0,0.0,18117776.01,3676945.42,4386434.75,-72972.05,37192788.33
9199,6504527.0,3070587.52,2234127.16,0.0,1253520.15,22489582.59,4614352.47,5214403.94,-28037.58,45353063.26
9200,6504527.0,2282572.91,1903528.67,0.0,1570521.89,18701217.04,3949479.17,5208721.0,-24183.52,40096384.16
9201,6504527.0,1394412.35,1504396.91,0.0,11734677.9,13626569.54,2722628.28,6736205.14,0.0,44223417.14
9202,6504527.0,2895320.79,1999544.78,0.0,821341.33,20169694.93,4085616.45,3730052.21,-27341.84,40178755.65
9203,6504527.0,1784741.59,1854506.18,0.0,69216508.51,12931617.5,2614748.83,5329949.3,-92129.97,100144468.93
9204,6504527.0,2030141.48,1414069.39,0.0,1457442.91,13947515.66,2693882.14,5155966.59,0.0,33203545.17
9205,6504527.0,889971.87,1365419.84,25124046.49,59298123.67,8853917.14,1716094.6,5186769.82,-38441.1,108900429.33
9206,6504527.0,953757.44,1034421.13,0.0,11751203.24,8779430.64,1820914.57,5517940.36,0.0,36362194.39
9207,6504527.0,2076662.58,1350389.15,0.0,10103940.22,18968182.4,3876215.39,5304433.36,0.0,48184350.1
9208,6504527.0,2347567.65,2307825.26,923295.29,75950066.95,16011500.98,3177329.84,5259369.92,0.0,112481482.9
9209,6504527.0,3644883.04,2808935.66,9264932.18,1913315.34,27800514.89,5395183.95,5837938.24,0.0,63170230.32
9210,6504527.0,1723068.75,1467348.98,0.0,330212.62,14788591.54,3145716.03,5492096.91,-14246.68,33437315.15
9211,6504527.0,2296839.35,1784204.93,0.0,591314.34,17926714.78,3708622.07,4501125.64,-30324.11,37283024.0
9212,6504527.0,2079454.51,1116283.28,1059552.99,12409372.89,16737122.04,3528852.67,4818693.91,0.0,48253859.28
9213,6504527.0,1408753.99,1187047.62,0.0,1393516.79,11622029.8,2397097.0,4549953.41,-732.82,29062192.79
9214,6504527.0,1614822.9,1330483.85,0.0,186755.68,13853618.5,2856508.74,4653498.26,-58393.43,30941821.51
9215,6504527.0,2849619.33,2555190.56,4087583.54,980303.18,25189542.88,5193160.69,5645881.32,0.0,53005808.5
9216,6504527.0,3178149.89,2355674.51,0.0,396026.61,23673938.22,4748794.72,5106986.91,-16190.66,45947907.19
9217,6504527.0,2295457.35,1655321.51,0.0,56895754.24,12034427.95,2371614.56,4225534.43,-99452.27,85883184.76
9218,6504527.0,3371067.24,2509245.18,6538729.71,1052141.51,24976134.4,4946613.44,5811913.34,0.0,55710371.82
9219,6504527.0,1369007.55,762758.51,4672409.72,142437.4,12487834.04,2695032.61,3805248.84,0.0,32439255.67
9220,6504527.0,4007248.4,2943482.32,12019330.1,272450.7,36405791.79,7437742.19,6104788.27,0.0,75695360.76
9221,6504527.0,1004441.44,2595222.85,0.0,220868114.83,7186348.36,1607556.08,6590729.98,-284380.43,246072560.1
9222,6504527.0,2665499.18,2588548.78,9828711.11,9439254.94,24545080.85,5148930.16,6013469.33,0.0,66734021.36
9223,6504527.0,3212138.96,2056600.25,0.0,780653.86,27302538.84,5683096.04,5611478.55,0.0,51151033.5
9224,6504527.0,1728642.14,1365194.38,0.0,485802.45,13586719.96,2547418.55,4762921.46,-8378.02,30972847.92
9225,6504527.0,2755385.19,1951020.15,6390702.4,7998432.53,25251454.39,5101639.67,6456309.11,0.0,62409470.43
9226,6504527.0,2484999.94,1754385.2,0.0,325980.92,18073155.32,3799558.81,4061864.52,-63654.48,36940817.23
9227,6504527.0,2701765.18,1961829.73,6342180.54,9868550.83,25321054.4,5171583.55,6420436.82,0.0,64291928.06
9228,6504527.0,3402126.92,2627041.74,4825251.75,1262324.18,26130863.66,5246597.26,5601989.27,0.0,55600721.79
9229,6504527.0,2819333.97,1907758.45,0.0,4990356.72,25404961.15,5157253.1,5820106.28,0.0,52604296.67
9230,6504527.0,1225632.12,1276295.48,0.0,49120880.71,9346803.7,2051558.94,4152897.57,-116131.42,73562464.11
9231,6504527.0,2766825.06,1930179.81,0.0,2829458.47,25849186.56,5267818.33,5939555.06,0.0,51087550.28
9232,6504527.0,3115344.05,2143017.96,0.0,2009673.36,21994321.16,4305068.21,4763271.91,-79006.2,44756217.46
9233,6504527.0,2719796.04,2069914.79,0.0,584997.66,20755587.9,4046254.62,4782273.79,-10726.49,41452625.32
9234,6504527.0,1002873.01,719302.07,21681217.56,14189793.76,10028730.09,1985357.08,4358332.99,0.0,60470133.55
9235,6504527.0,2737441.62,2339083.68,0.0,67881728.91,17729557.72,3533366.12,4650036.43,-63143.37,105312598.12
9236,6504527.0,1964356.79,1531652.81,0.0,0.0,15798374.36,3390137.71,4647064.3,-48184.63,33787928.33
9237,6504527.0,1943405.73,1812583.2,0.0,71240326.27,11451542.75,2469985.54,5369836.8,-15208.5,100776998.79
9238,6504527.0,3105593.8,2323748.97,17688086.48,14360839.92,28583628.0,5851175.01,7465979.02,0.0,85883578.21
9239,6504527.0,2589371.18,1723657.2,3236976.35,5561140.57,23172127.68,4813613.67,6040996.4,0.0,53642410.05
9240,6504527.0,2337563.43,1205013.53,0.0,1700694.42,12639970.28,2380409.12,2675545.52,-76765.51,29366957.78
9241,6504527.0,4535839.1,3962650.52,3046425.68,6023769.86,38937352.45,7585191.26,6792194.95,0.0,77387950.82
9242,6504527.0,1373534.44,630968.16,0.0,610997.68,12452348.8,2658863.17,3248715.94,0.0,27479955.2
9243,6504527.0,966810.15,437904.03,1841409.93,18986754.34,7614977.69,1566621.81,3188447.07,0.0,41107452.02
9244,6504527.0,1969630.5,1324097.74,0.0,2179397.97,13024419.35,2517619.7,4342868.78,0.0,31862561.04
9245,6504527.0,2817757.41,1569489.44,0.0,1799521.4,22485420.13,4515791.13,5092107.2,0.0,44784613.7
9246,6504527.0,366208.01,211078.38,0.0,10007466.18,1273939.75,315428.71,2347846.22,-73983.18,20952511.08
9247,6504527.0,1390836.77,1678232.65,21551384.16,23752795.54,13866901.69,2810055.21,8531392.51,0.0,80086125.53
9248,6504527.0,1687204.44,861589.89,0.0,3080069.97,14466001.9,3067077.1,4065873.11,0.0,33732343.42
9249,6504527.0,1456750.32,1057411.93,0.0,5886310.85,9751199.77,1986278.87,4236821.42,0.0,30879300.15
9250,6504527.0,1812292.24,1381568.1,0.0,0.0,13915003.95,2963329.88,5300296.5,-9932.3,31867085.36
9251,6504527.0,2832542.51,2673048.15,0.0,73511509.48,20773713.0,4248086.02,5368282.56,-91053.82,115820654.9
9252,6504527.0,2952946.58,1708113.1,0.0,701796.42,17538091.03,3466152.36,3537826.44,-52153.24,36357299.69
9253,6504527.0,1254123.59,675169.32,13805457.57,1347216.74,11166603.21,2450403.2,3220004.73,0.0,40423505.36
9254,6504527.0,2793977.73,1810141.55,1978686.74,1631235.33,24935803.7,5113779.21,5891010.31,0.0,50659161.56
9255,6504527.0,2448946.9,1219505.77,0.0,1850653.62,13383026.63,2514351.57,2340195.18,-139532.84,30121673.82
9256,6504527.0,1091676.74,562655.12,1840318.53,10450431.33,9239514.11,2121688.97,3209858.91,0.0,35020670.71
9257,6504527.0,2008603.03,1406458.74,0.0,171191.94,14053337.59,2936524.77,4416220.91,-1784.94,31495079.04
9258,6504527.0,1571315.27,1290267.73,0.0,0.0,13049799.94,2645141.68,5653686.76,-14712.26,30700026.12
9259,6504527.0,867999.72,331439.04,0.0,206813.16,7266440.0,1584172.38,1831619.87,0.0,18593011.17
9260,6504527.0,2548608.95,2154654.51,0.0,64685917.47,16203500.05,3234814.34,4422510.98,-71984.41,99682548.89
9261,6504527.0,1017566.37,711268.59,0.0,0.0,8459833.26,1846267.23,2820003.91,-134714.74,21224751.62
9262,6504527.0,3739284.67,3422787.53,8911802.28,1568007.24,34041769.78,6900196.77,6110063.51,0.0,71198438.77
9263,6504527.0,1749824.65,2140435.46,0.0,73902120.73,14995602.95,3061570.31,6271425.38,-63509.98,108561996.5
9264,6504527.0,1863481.51,1076872.1,0.0,3718948.99,16548709.4,3460577.59,4861399.74,0.0,38034516.33
9265,6504527.0,3094222.1,1972937.25,0.0,63787615.6,15203157.25,2963837.35,4836974.88,-161206.37,98202065.06
9266,6504527.0,2137817.46,2240522.34,0.0,69937718.11,16426677.98,3376234.1,5353084.6,-63729.27,105912852.32
9267,6504527.0,963254.97,589718.52,33125511.02,7440644.89,9632549.67,2009648.78,3578654.48,0.0,63844509.33
9268,6504527.0,4580016.46,3493847.85,0.0,3642650.97,34177562.88,7023617.45,6342370.71,-22181.63,65742411.69
9269,6504527.0,934272.13,1394687.54,35565105.4,59906670.73,9137994.48,1809932.17,4998016.08,-20809.55,120230395.98
9270,6504527.0,811837.73,284981.52,0.0,1347931.36,6321051.1,1256877.87,1759546.23,0.0,18286752.8
9271,6504527.0,3750698.69,2559340.7,0.0,277492.64,25942657.29,5190080.34,4610992.46,-37497.74,48798291.38
9272,6504527.0,2324460.57,1627503.75,0.0,2112445.57,15858345.9,3287686.96,4381320.43,0.0,36096290.18
9273,6504527.0,1826121.42,1476862.75,0.0,347987.68,15175689.98,3041072.74,4786225.42,-50792.3,33107694.69
9274,6504527.0,2058963.9,1548371.48,0.0,0.0,16094311.49,3320205.67,4967970.9,-61059.67,34433290.77
9275,6504527.0,1809198.84,920598.64,0.0,8940022.09,14996324.62,3144226.41,4558365.07,0.0,40873262.68
9276,6504527.0,1177182.02,831347.03,0.0,30387359.9,6036801.34,1279694.04,3026564.39,-100408.09,49143067.64
9277,6504527.0,954759.76,571754.79,0.0,19108683.9,3835991.8,790941.7,2195127.51,-30463.73,33931322.73
9278,6504527.0,1918678.46,1472220.66,5246023.92,24561028.72,18524003.75,3898487.41,7090935.32,0.0,69215905.25
9279,6504527.0,2228666.38,1782946.78,0.0,1571543.19,17539298.44,3730987.21,5302395.63,0.0,38660364.63
9280,6504527.0,2602835.03,1349492.64,0.0,2531961.3,19968849.74,4053830.29,4152029.21,0.0,41163525.21
9281,6504527.0,2465687.34,1203805.79,0.0,1479525.92,18182100.8,3739605.15,3991356.41,0.0,37566608.4
9282,6504527.0,1474942.92,822882.28,26117721.15,2480149.39,12789965.29,2701011.48,3786693.53,0.0,56677893.03
9283,6504527.0,900251.65,917780.88,39739425.93,1529895.28,8944482.48,1763441.01,4040724.04,0.0,64340528.27
9284,6504527.0,1519504.52,815567.85,6719826.95,134343.1,13018919.42,2764673.31,3702850.96,0.0,35180213.11
9285,6504527.0,2500120.95,2093565.2,0.0,1209396.57,21098358.42,4271739.95,5413790.7,-49594.79,43041904.0
9286,6504527.0,2077576.19,1731042.65,0.0,218847.77,17319253.12,3477568.93,4958456.62,-8972.23,36278300.06
9287,6504527.0,1685068.33,925996.57,0.0,10011473.06,15114599.35,3078244.04,4909961.41,0.0,42229869.76
9288,6504527.0,981725.62,604348.16,21120885.27,9563387.25,9801720.05,1921486.06,3832958.3,0.0,54331037.7
9289,6504527.0,1417674.38,518213.03,0.0,0.0,10095030.29,2143471.72,3268885.38,0.0,23947801.8
9290,6504527.0,3061776.15,2213871.59,0.0,1139302.18,22534137.18,4600047.8,4843408.91,-52137.46,44844933.36
9291,6504527.0,2007379.72,2539158.48,5812701.48,83763925.36,17842710.2,3735744.1,6643339.12,-67892.45,128781593.01
9292,6504527.0,2814256.86,2233851.43,11328660.09,11960924.9,27922261.57,5601913.42,7844533.05,0.0,76210928.32
9293,6504527.0,1038948.86,718961.84,28591791.75,11323911.18,10389488.57,2128513.64,3680628.49,0.0,64376771.32
9294,6504527.0,3312760.48,2136609.12,0.0,1141973.61,21665412.96,4223391.24,4663417.14,-38686.41,43609405.14
9295,6504527.0,1944819.87,1838571.04,0.0,66390761.69,12554301.01,2491133.61,5099906.22,-70556.91,96753463.53
9296,6504527.0,1239191.95,1864785.01,0.0,113364984.7,8323447.44,1844429.45,5418194.01,-85031.57,138474528.0
9297,6504527.0,2175159.5,1892937.51,0.0,835647.91,19274831.97,3949519.25,4239446.49,-44924.75,38827144.88
9298,6504527.0,3894936.3,2798597.96,4874734.89,2125500.35,27583234.21,5684622.93,5533590.03,0.0,58999743.67
9299,6504527.0,774495.19,254599.07,0.0,1343453.18,6609737.54,1471806.64,2539685.23,0.0,19498303.86
9300,6504527.0,1298380.59,2047999.83,3338492.17,91141341.36,11642808.41,2396034.42,6794946.06,0.0,125164529.84
9301,6504527.0,2039399.96,1778938.85,0.0,2421857.86,17208344.38,3687198.29,5879667.74,0.0,39519934.08
9302,6504527.0,1615917.89,1045957.55,36133579.04,762043.06,15090791.23,3153585.81,4036846.52,0.0,68343248.1
9303,6504527.0,1298577.56,1043178.0,0.0,655461.09,10189493.02,2264162.43,4413497.81,0.0,26368896.91
9304,6504527.0,1888452.75,1143244.27,0.0,6516935.72,10677815.5,2224231.16,4581737.82,0.0,33536944.22
9305,6504527.0,4249565.04,2246534.28,0.0,439288.68,22947144.83,4622560.42,4460490.69,-56614.33,45413496.61
9306,6504527.0,1900679.06,1083396.31,0.0,1317076.71,11388312.75,2386238.86,2172752.15,-71220.58,26681762.26
9307,6504527.0,2106483.13,2387699.2,0.0,77288934.73,16382303.71,3380837.13,5819987.05,-5902.21,113864869.74
9308,6504527.0,2368721.98,1796529.66,0.0,713659.8,18031515.91,3664337.47,5073259.06,-33001.91,38119548.98
9309,6504527.0,3265313.85,2076729.4,0.0,1064664.1,27268774.35,5588011.58,4687267.75,0.0,50455288.03
9310,6504527.0,3251466.7,2467924.1,0.0,1420828.22,24307220.95,5004382.97,4933703.18,-8245.13,47881807.99
9311,6504527.0,2633131.15,1412538.49,0.0,1383101.71,20515834.44,3972631.69,4247748.2,0.0,40669512.68
9312,6504527.0,2438468.18,1394192.71,0.0,1704359.51,19998631.87,4232631.98,4345493.72,0.0,40618304.95
9313,6504527.0,1959148.5,1089425.13,0.0,1008086.06,16203645.89,3229346.13,3154679.09,0.0,33148857.8
9314,6504527.0,1482372.18,962102.2,0.0,450545.9,10465675.42,2131060.99,2495003.81,-89733.65,24401553.86
9315,6504527.0,1408726.95,1560500.4,2006378.49,15409587.87,13763096.26,2768468.26,7541421.82,0.0,50962707.04
9316,6504527.0,1942188.18,2326462.88,5282813.72,79177038.13,16458945.19,3359922.1,6589025.0,-36461.98,121604460.2
9317,6504527.0,954712.12,700711.92,0.0,951486.95,7721991.39,1707520.93,2451603.66,-84603.93,20907950.01
9318,6504527.0,914455.37,727242.44,0.0,544173.9,7762593.11,1656905.34,2656858.24,-62910.67,20703844.72
9319,6504527.0,961427.98,539614.43,0.0,9509921.9,8354499.43,1791310.84,3477314.92,0.0,31138616.5
9320,6504527.0,2048293.38,1453000.19,0.0,860426.52,15009904.92,3063237.14,3477232.43,-56292.27,32360329.31
9321,6504527.0,2290316.71,1449840.32,0.0,1712445.74,14760744.55,2856335.62,2911826.88,-43677.48,32442359.34
9322,6504527.0,741410.84,478916.99,8926736.47,25075986.61,7063696.45,1542425.91,3152995.23,0.0,53486695.5
9323,6504527.0,940891.92,1243770.51,15743743.94,54086947.68,8321790.54,1702780.84,3644766.26,-66274.95,92122943.75
9324,6504527.0,940276.11,1854918.82,0.0,153452708.16,5305671.45,1091270.52,6227792.59,-339669.87,175037494.77
9325,6504527.0,930424.49,466557.5,0.0,2136945.37,9275100.24,1841465.02,3145092.68,0.0,24300112.3
9326,6504527.0,1435246.7,1001457.53,45482391.87,3419060.42,14246752.48,2986710.31,4376175.29,0.0,79452321.59
9327,6504527.0,869933.13,907921.73,0.0,38816628.67,5662508.99,1179595.31,3664059.68,-59837.78,57545336.73
9328,6504527.0,2014125.26,1229413.85,0.0,34702313.4,10342408.71,2128269.84,1908611.06,-116215.26,58713453.87
9329,6504527.0,1966248.01,1639186.57,0.0,369148.89,16706181.35,3333496.96,4211740.12,-35337.35,34695191.56
9330,6504527.0,1850921.88,810826.69,0.0,365039.58,9712410.91,1963247.07,2331676.9,-168095.7,23370554.34
9331,6504527.0,3215961.27,2211934.71,0.0,1092125.7,22270931.46,4491159.3,4734053.67,-35182.04,44485511.07
9332,6504527.0,1475964.55,1670236.06,0.0,55555351.75,12035210.54,2477717.0,4305195.69,-57623.62,83966578.96
9333,6504527.0,1281441.88,973524.58,0.0,0.0,10021286.21,2034300.04,3633703.43,-28604.04,24420179.09
9334,6504527.0,2647311.91,1712392.38,0.0,224641.93,24065986.32,5029422.84,5731517.47,0.0,45915799.84
9335,6504527.0,2253785.59,1697599.69,0.0,1144984.98,17055237.73,3260269.16,4530695.23,-21837.65,36425261.73
9336,6504527.0,1646818.84,685454.47,0.0,886826.13,6859595.9,1510338.75,1119534.25,-14247.15,19198848.2
9337,6504527.0,683009.56,1115510.32,24712747.37,62596937.13,6273404.9,1376518.74,3822407.1,-84286.39,107000775.74
9338,6504527.0,975509.66,639969.63,20116130.34,12356708.62,9714845.03,1952380.29,3670508.01,0.0,55930578.58
9339,6504527.0,1716412.91,1764444.76,0.0,70189727.67,11676807.01,2264496.33,5569567.21,-70140.78,99615842.12
9340,6504527.0,1319635.2,1996107.5,6554149.56,86657888.51,11787218.29,2495541.83,6028219.27,0.0,123343287.16
9341,6504527.0,3630814.34,2399824.08,0.0,378682.82,24005113.0,4744284.84,4758533.04,-11043.58,46410735.53
9342,6504527.0,2649354.0,1615860.31,0.0,599510.82,16483967.45,3355203.51,2863189.31,-53069.75,34018542.67
9343,6504527.0,2671604.41,1763833.0,0.0,376915.7,24524105.55,5027172.94,6063657.68,0.0,46931816.29
9344,6504527.0,945214.04,807627.64,0.0,207296.89,8768007.09,1862809.1,2914088.22,-76835.67,21932734.31
9345,6504527.0,2147213.49,2455076.13,2895437.51,77084902.89,17758740.61,3755623.98,5965847.66,-32652.36,118534716.91
9346,6504527.0,1013607.74,2089756.44,1412327.99,131448017.88,9001058.42,1908293.05,6288556.43,-44983.23,159621161.71
9347,6504527.0,2557652.84,2594425.55,10856593.79,77258746.65,19368024.6,3949586.17,5407317.58,-53870.36,128443003.82
9348,6504527.0,1462127.21,1483380.73,0.0,50996288.3,11100163.4,2321830.62,3858101.73,-102640.72,77623778.27
9349,6504527.0,1914386.42,1605052.87,0.0,772398.76,16247378.61,3337555.09,5200015.49,-34412.2,35546902.04
9350,6504527.0,3877982.06,2598256.31,5087071.09,2251206.03,32487786.24,6679915.45,5967449.84,0.0,65454194.03
9351,6504527.0,3493570.59,1740222.76,0.0,457271.78,17508471.73,3716453.29,3745184.23,-15481.84,37150219.54
9352,6504527.0,1160563.36,1578336.4,437681.71,79590874.36,8435729.62,1885070.51,6122212.02,0.0,105714994.98
9353,6504527.0,1380232.57,1659870.79,0.0,68518467.54,10079156.68,1968834.48,5664303.46,0.0,95775392.52
9354,6504527.0,3268044.4,2051688.32,0.0,0.0,20782434.55,4152096.78,4814871.31,-26555.13,41547107.23
9355,6504527.0,1532846.66,1278070.45,0.0,49505164.82,9812291.32,2085458.44,4278470.1,-207499.92,74789328.86
9356,6504527.0,1120363.15,681672.71,30423373.09,9039370.33,10445487.71,2252032.64,3790301.67,0.0,64257128.31
9357,6504527.0,1631357.83,1633628.46,0.0,1880000.54,15785273.69,3307359.2,6815828.95,0.0,37557975.68
9358,6504527.0,833485.28,321817.9,0.0,639208.97,6729582.14,1319035.05,1984288.56,0.0,18331944.89
9359,6504527.0,2735859.16,1684227.08,0.0,1295377.75,17401370.1,3396176.56,4135091.68,-70230.72,37082398.6
9360,6504527.0,1317584.2,1145160.8,0.0,7150292.31,10473405.99,2113148.34,5128445.61,0.0,33832564.25
9361,6504527.0,2618548.47,2191047.14,0.0,457085.91,21965322.71,4616212.31,6146445.41,-9273.05,44489915.89
9362,6504527.0,1106880.71,749680.53,0.0,122822.89,7653561.37,1628341.61,3451148.15,-20215.68,21196746.59
9363,6504527.0,1300155.52,658378.34,0.0,10303885.15,12101457.36,2497732.06,4005318.97,0.0,37371454.4
9364,6504527.0,703437.86,505477.05,0.0,0.0,5762192.01,1230259.75,1963527.33,-70742.15,16598678.86
9365,6504527.0,1620169.96,2089331.19,5055709.34,76332985.14,14112211.07,2830495.31,5585121.7,-33891.58,114096659.14
9366,6504527.0,1410056.0,907670.34,25452176.16,1373078.02,13728155.05,2909317.35,4372639.06,0.0,56657618.98
9367,6504527.0,904510.2,927658.32,0.0,9049012.95,8077650.09,1725370.37,5161220.54,0.0,32349949.46
9368,6504527.0,2112304.17,829346.14,0.0,514916.15,9610566.84,1953713.69,1540166.27,-135977.71,22929562.55
9369,6504527.0,1399813.47,1007069.43,0.0,1311360.78,9721630.62,2151471.83,4386341.09,0.0,26482214.23
9370,6504527.0,3269640.24,2295465.65,0.0,1332605.79,23078364.53,4736893.08,5264112.63,-26671.02,46454937.89
9371,6504527.0,2967124.08,2067844.41,0.0,560278.66,21289374.08,4153447.98,4145950.48,-66301.91,41622244.78
9372,6504527.0,1371562.12,835903.8,24195934.71,0.0,13271938.03,2866973.82,4107803.41,0.0,53154642.88
9373,6504527.0,948379.98,1037493.67,36744513.22,6308593.56,9483799.82,1915636.49,4195949.39,0.0,67138893.13
9374,6504527.0,1983663.68,1814725.8,310183.64,168914.14,18084819.99,3632430.55,5809086.09,0.0,38308350.91
9375,6504527.0,1108073.12,629816.4,0.0,96663.49,7161708.83,1421985.95,1835435.25,-89927.59,18668282.47
9376,6504527.0,1064866.09,703954.6,0.0,456938.7,7788595.67,1617459.47,2176814.89,-81504.16,20231652.26
9377,6504527.0,2957171.27,2111361.63,7274479.59,10587484.75,26900907.03,5498594.07,6324447.7,0.0,68158973.06
9378,6504527.0,1807804.83,1004855.48,0.0,256305.71,10017401.9,2118218.97,2520535.88,-490.06,24229159.72
9379,6504527.0,1389939.7,1269633.08,0.0,9511589.47,11584307.09,2446165.05,4937653.53,0.0,37643814.92
9380,6504527.0,1418791.34,1512230.54,0.0,17533531.87,13072416.37,2781417.81,6631622.21,0.0,49454537.14
9381,6504527.0,2152805.34,1051330.8,0.0,12807724.01,15993019.89,3334524.31,4632250.92,0.0,46476182.28
9382,6504527.0,2238502.97,1637991.9,0.0,667625.09,16612759.6,3393089.08,3978247.28,-45712.17,34987030.75
9383,6504527.0,2934149.93,3165299.68,3412452.58,78886085.1,24861003.14,5176451.97,6716951.53,-51473.22,131605447.71
9384,6504527.0,3794910.06,2073246.54,0.0,744660.79,21166637.39,4291339.23,3950488.43,-56087.92,42469721.52
9385,6504527.0,403517.83,235684.41,0.0,120271.68,2312386.48,513832.74,1538937.14,0.0,11629157.3
9386,6504527.0,3092019.52,1368007.33,1050327.18,0.0,20705173.33,4104105.55,5088751.54,0.0,41912911.46
9387,6504527.0,1652471.07,895713.73,0.0,1097766.07,8963546.75,1840286.77,1823164.04,-14350.11,22763125.33
9388,6504527.0,2695626.96,1636369.13,0.0,1394485.24,23130220.18,4545460.75,5286598.53,0.0,45193287.78
9389,6504527.0,1891995.09,1458004.35,0.0,0.0,14938075.15,3053124.9,4881379.11,-35803.17,32691302.44
9390,6504527.0,2989246.81,1987223.2,0.0,196173.97,20388936.96,4178960.45,3372748.97,-54835.78,39562981.58
9391,6504527.0,1062135.05,466453.22,4209992.66,1038587.81,9193524.94,1958506.68,3232990.48,0.0,27666717.85
9392,6504527.0,638955.72,444519.31,0.0,0.0,5102578.85,1144925.69,1781523.49,-65738.57,15551291.48
9393,6504527.0,1688145.54,2106205.56,0.0,77109410.06,14562668.9,2881719.27,7764076.16,-62473.73,112554278.76
9394,6504527.0,1946374.59,1058695.33,0.0,5400959.27,16135648.42,3271862.37,4682513.99,0.0,39000580.96
9395,6504527.0,1785704.52,793702.46,0.0,1496567.6,14261173.35,2993801.93,3719860.74,0.0,31555337.59
9396,6504527.0,2368758.41,1197187.76,0.0,210426.22,12575917.12,2571947.88,2193359.18,-63781.69,27558341.87
9397,6504527.0,1532612.28,909990.3,0.0,734451.61,9229489.11,2030222.81,3198150.54,-22738.72,24116704.94
9398,6504527.0,2779967.97,3092962.81,10340867.5,78551409.36,23654427.61,4942690.93,6887861.61,-5072.66,136749642.12
9399,6504527.0,2560218.17,1229417.44,0.0,146165.53,19265245.29,3815832.06,4653923.3,0.0,38175328.8
9400,6504527.0,1359804.5,2239342.13,13578134.55,91742851.61,13512887.53,2728093.18,7792875.76,0.0,139458516.26
9401,6504527.0,1214779.12,850438.12,0.0,247945.96,8590274.15,1822418.66,3715890.74,-17754.46,22928519.29
9402,6504527.0,2890528.4,1417356.7,0.0,823511.24,19967683.61,4286282.76,3177568.25,0.0,39067457.97
9403,6504527.0,2886014.14,1417111.57,0.0,603605.65,15148740.98,2957324.04,2680213.9,-102840.7,32094696.58
9404,6504527.0,1729037.89,747746.47,0.0,0.0,8901171.45,1847537.69,1388392.19,-142370.68,20976042.0
9405,6504527.0,1989788.95,1474533.18,0.0,0.0,15357656.14,3238444.32,4603922.31,-61232.44,33107639.46
9406,6504527.0,3063683.54,2140112.85,0.0,1697222.99,21322520.56,4362818.38,4895098.83,-9447.15,43976536.99
9407,6504527.0,1358000.71,1145068.52,0.0,269207.02,11429858.2,2356998.85,4177765.16,-7868.37,27233557.09
9408,6504527.0,2464654.31,1889333.87,0.0,61009302.84,14100855.21,2887093.85,4357326.36,-100847.35,93112246.09
9409,6504527.0,2616922.62,2048130.59,0.0,64542010.75,14866525.19,3053758.12,4584362.18,-48906.63,98167329.83
9410,6504527.0,1401310.87,755386.89,859212.68,871224.35,12370452.46,2623062.58,3678802.13,0.0,29063978.96
9411,6504527.0,2543295.34,1787949.64,0.0,1100678.95,18748285.07,3754804.47,3652112.55,-97286.57,37994366.45
9412,6504527.0,2195436.92,1859282.53,0.0,67390214.46,12968830.66,2569555.54,4717984.6,-73505.86,98132325.84
9413,6504527.0,1681049.49,1285393.2,0.0,1140141.51,13119996.99,2692800.68,4149766.52,-39207.45,30534467.94
9414,6504527.0,1217917.5,916097.18,0.0,630044.99,9058472.0,2107674.25,3602989.33,0.0,24037722.25
9415,6504527.0,1475812.15,1027433.49,0.0,122419.51,11427133.99,2358547.77,2607088.82,-119805.07,25403157.67
9416,6504527.0,1226617.24,1125692.73,0.0,8649941.01,10102280.07,2146296.28,5305937.16,0.0,35061291.48
9417,6504527.0,2458604.5,1573861.76,0.0,1862807.39,22579607.82,4588079.94,6373435.42,0.0,45940923.85
9418,6504527.0,812490.47,1609633.57,0.0,116163174.97,5633615.39,1260558.67,4064212.66,-163589.11,135884623.61
9419,6504527.0,1174607.9,962791.93,0.0,933365.99,9638632.84,2025264.44,4229110.23,-29237.8,25439062.54
9420,6504527.0,863739.92,1386176.14,53359780.23,60183110.38,8637399.22,1666992.01,4772097.15,0.0,137373822.05
9421,6504527.0,1600624.94,1292732.07,0.0,46368.84,12910180.77,2734761.27,5130215.59,0.0,30219410.5
9422,6504527.0,3395577.48,2149747.8,0.0,1360829.28,21679564.78,4474161.54,3245782.42,-35367.68,42774822.63
9423,6504527.0,2019984.39,1731718.53,0.0,1035183.97,17004311.2,3497212.67,4871944.81,-393.89,36664488.68
9424,6504527.0,3925470.14,2677196.82,1875476.91,1059689.07,26684150.54,5402421.73,5317613.02,0.0,53446545.24
9425,6504527.0,4484352.87,2801749.01,7823674.83,476399.38,34998543.56,6953305.25,5562030.34,0.0,69604582.23
9426,6504527.0,1581978.8,1709872.53,0.0,67113295.68,11467410.67,2319083.53,5188512.3,-69947.56,95814732.94
9427,6504527.0,773359.9,469836.2,6734459.53,15551877.84,7688955.99,1732727.19,3179293.04,0.0,42635036.69
9428,6504527.0,1148207.81,810780.59,0.0,549652.69,8936921.87,1801277.08,2795843.24,-103130.96,22444079.32
9429,6504527.0,2148600.27,1517189.92,0.0,12172235.43,20739975.3,4217126.07,6011712.7,0.0,53311366.69
9430,6504527.0,1481243.19,647408.58,0.0,4051837.67,13025475.32,2702694.52,3597727.49,0.0,32010913.77
9431,6504527.0,1878820.03,1653677.78,0.0,55050982.66,12237631.52,2434031.88,3568448.23,-89124.77,83238994.34
9432,6504527.0,1086011.08,770075.89,72793866.82,12524747.24,10860110.8,2090611.55,4293095.28,0.0,110923045.66
9433,6504527.0,930441.83,1237783.79,15631017.38,54740576.16,8272638.22,1683929.24,3713999.41,-73243.64,92641669.38
9434,6504527.0,1980779.3,1116471.32,0.0,153878.52,11913073.03,2480439.54,2597179.26,-78797.46,26667550.5
9435,6504527.0,1446382.02,1742214.01,13032798.56,23263624.81,14463820.16,2995607.38,7054497.01,0.0,70503470.93
9436,6504527.0,1732403.41,778701.5,0.0,6375088.78,14066787.38,2907861.85,3989258.06,0.0,36354627.97
9437,6504527.0,1090857.93,761813.19,29294422.2,12254421.26,10908579.26,2111692.31,4268510.77,0.0,67194823.92
9438,6504527.0,2213256.9,1798910.91,0.0,1500464.15,18060649.95,3767488.04,4393150.89,-23937.27,38214510.56
9439,6504527.0,2007126.22,1590832.06,0.0,958968.79,15702014.37,3168102.01,5966892.62,0.0,35898463.07
9440,6504527.0,3475568.02,2392737.29,11300996.61,875629.07,30855669.47,6020418.84,6275577.02,0.0,67701123.32
9441,6504527.0,768046.09,1300511.42,42149106.9,63836228.66,7213373.92,1542501.93,4501404.9,0.0,127815700.84
9442,6504527.0,2508468.44,1139450.68,0.0,6721985.03,17563435.07,3479102.76,4204060.61,0.0,42121029.59
9443,6504527.0,1490619.14,591105.39,0.0,441738.66,10711674.83,2282783.12,1959404.71,0.0,23981852.86
9444,6504527.0,1824225.26,1453692.52,0.0,1701188.1,14316982.04,3011854.26,4961630.97,0.0,33774100.15
9445,6504527.0,2379753.07,1203042.24,0.0,1342542.63,18115727.72,3737152.82,3593033.0,0.0,36875778.48
9446,6504527.0,1944080.7,2000214.71,1728237.29,77149163.38,13091090.85,2737983.11,5857686.07,-23124.16,110989858.96
9447,6504527.0,1513402.74,767508.85,0.0,8690038.12,12745089.75,2495681.21,3747928.57,0.0,36464176.24
9448,6504527.0,3588609.72,1962374.75,0.0,405347.42,19921241.74,3973568.7,3910825.59,-34665.02,40231829.89
9449,6504527.0,2745044.38,1606576.95,3645482.1,676665.38,22913451.03,4691294.38,5887067.21,0.0,48670108.43
9450,6504527.0,3545041.91,2725388.41,0.0,1362364.76,27073153.46,5707552.14,5234677.82,-2855.34,52149850.16
9451,6504527.0,2624048.6,2810588.75,0.0,141058007.15,15393956.4,3297890.68,5756126.52,-43971.99,177401173.11
9452,6504527.0,2207592.65,1258885.89,0.0,1222592.44,19462769.38,3860102.29,4328845.1,0.0,38845314.74
9453,6504527.0,1035171.9,1692957.83,39665419.74,70905964.42,10351719.03,2024381.56,5570640.44,0.0,137750781.93
9454,6504527.0,574361.58,246338.36,0.0,513408.59,5249724.58,1073309.1,1527796.54,0.0,15689465.75
9455,6504527.0,1523770.71,914456.94,0.0,32673.82,9828646.74,2163868.15,3067683.61,-69615.5,23966011.47
9456,6504527.0,1046294.49,828695.81,0.0,37142354.28,5663762.88,1202295.29,3882815.72,-147680.75,56123064.72
9457,6504527.0,2625683.98,2454460.43,0.0,57356815.16,20001541.39,4013287.27,4064233.24,-84223.43,96936325.04
9458,6504527.0,1921408.67,819890.17,0.0,1254106.64,12270993.74,2499919.28,1996920.14,0.0,27267765.64
9459,6504527.0,2539017.74,1526740.86,0.0,360278.91,22222871.61,4653519.41,5163478.0,0.0,42970433.53
9460,6504527.0,3002449.4,2372248.94,3233665.24,0.0,23722489.44,4740791.34,5343628.23,0.0,48919799.59
9461,6504527.0,1597394.14,655543.89,0.0,854157.42,12872787.73,2687275.14,3099718.25,0.0,28271403.57
9462,6504527.0,842435.62,1177149.18,0.0,52603032.16,7926181.6,1716868.5,4314739.66,-130860.86,74954072.87
9463,6504527.0,2972628.54,1679579.28,0.0,4413306.04,23224858.94,4627914.72,4791581.3,0.0,48214395.81
9464,6504527.0,1501309.35,928633.79,23752352.87,0.0,14199237.94,3064282.44,4216407.75,0.0,54166751.15
9465,6504527.0,1514923.51,662876.39,0.0,149129.98,10812860.11,2185691.49,1975842.14,0.0,23805850.63
9466,6504527.0,3061758.09,1801504.24,0.0,167517.76,18470732.2,3663552.58,4073063.3,-48355.15,37694300.01
9467,6504527.0,3126656.37,2070522.97,0.0,3155168.95,27114190.99,5736010.66,4915790.26,0.0,52622867.2
9468,6504527.0,2016425.11,1423588.01,2128709.98,9929715.39,19283800.62,3854982.37,5723967.34,0.0,50865715.83
9469,6504527.0,2080186.18,1335775.57,0.0,7627974.0,18929531.81,3875558.24,4827333.15,0.0,45180885.95
9470,6504527.0,808066.48,417688.0,12036348.21,13804885.5,7325417.38,1593850.28,2853954.06,0.0,45344736.92
9471,6504527.0,1176918.3,788320.39,0.0,5694870.39,7009717.78,1484455.54,4212294.8,0.0,26871104.2
9472,6504527.0,2945436.69,2734690.77,7768205.3,78035395.75,20462574.68,3972080.47,5352322.51,-37425.0,127737808.17
9473,6504527.0,2429383.4,1260038.34,0.0,810648.03,13350721.3,2660516.85,2470681.98,-83149.07,29403367.82
9474,6504527.0,2354170.49,1858032.52,0.0,1208064.17,18410315.79,3898918.98,4878719.72,0.0,39112748.67
9475,6504527.0,1496218.47,1643274.98,2122635.51,16869565.45,14403654.33,2961404.51,7477460.88,0.0,53478741.14
9476,6504527.0,2028043.59,1334938.89,0.0,11885986.44,18852457.58,3915842.26,5214421.2,0.0,49736216.96
9477,6504527.0,1019511.39,649561.03,0.0,624540.34,6270830.08,1360565.68,2871493.01,0.0,19301028.51
9478,6504527.0,3248702.47,2117971.18,0.0,3396719.57,27781175.3,5846413.8,5507257.73,0.0,54402767.06
9479,6504527.0,1124122.35,798495.47,0.0,2188311.06,7663028.99,1536372.96,2996552.41,0.0,22811410.24
9480,6504527.0,616862.39,175433.5,0.0,1342210.9,4961005.0,970832.79,1567079.78,0.0,16137951.36
9481,6504527.0,1023930.64,497178.42,32785762.66,6020318.65,9459851.79,1952832.34,2808935.71,0.0,61053337.2
9482,6504527.0,905226.02,1311742.91,25471132.0,54830589.95,8989674.54,1739648.1,4636068.97,-77311.33,104311298.17
9483,6504527.0,3038968.33,1542413.32,0.0,398295.07,15817105.62,3308412.15,2920620.95,-46586.83,33483755.6
9484,6504527.0,3063170.68,2348942.68,0.0,1302624.59,23729156.5,4761996.4,4390807.91,-39429.14,46061796.63
9485,6504527.0,3543849.69,2548818.49,0.0,1414970.45,25306638.87,5190149.2,5723816.55,-13823.72,50218946.53
9486,6504527.0,1099416.77,1496583.54,0.0,62624443.45,9981565.96,2204099.84,4397708.04,-65515.47,88242829.12
9487,6504527.0,1784188.37,1714424.01,0.0,53805879.83,12877144.48,2547098.32,3958798.76,-90479.25,83101581.53
9488,6504527.0,2349116.08,2089825.23,0.0,806741.7,21123007.13,4366616.2,6003852.42,-40584.95,43203100.81
9489,6504527.0,2014977.98,1764283.97,0.0,4394788.47,16978556.25,3597422.64,6442559.77,0.0,41697116.08
9490,6504527.0,1836787.05,762410.45,0.0,403179.33,12237198.73,2356170.04,2577417.02,0.0,26677689.62
9491,6504527.0,705903.01,381407.24,0.0,27832666.07,5846841.06,1286777.98,3101539.12,0.0,45659661.49
9492,6504527.0,1890017.24,1012250.52,0.0,1004474.58,15506333.63,3021739.32,3830589.72,0.0,32769932.01
9493,6504527.0,970825.31,402541.45,0.0,714532.56,8674192.12,1858273.74,2736092.81,0.0,21860984.99
9494,6504527.0,1374505.44,845117.35,9010243.22,1183217.93,13184525.66,2749855.48,4350245.58,0.0,39202237.66
9495,6504527.0,1668098.57,1569044.6,0.0,58956663.04,10667503.81,2129500.64,4715173.47,-84332.47,86126178.65
9496,6504527.0,4593920.88,3766643.0,1496481.38,1290926.84,37519864.96,7797480.76,5562318.2,0.0,68532163.02
9497,6504527.0,2106410.92,1031302.86,0.0,188828.77,10911047.94,2198984.02,1935480.87,-61120.7,24815461.68
9498,6504527.0,3412755.02,2415690.53,0.0,2999365.28,23899029.51,4749690.61,5332330.27,0.0,49313388.22
9499,6504527.0,2687016.36,1758719.58,12868700.46,8351987.72,23635844.08,4873978.27,5378549.55,0.0,66059323.02
9500,6504527.0,2940542.1,1514565.9,0.0,0.0,16448973.28,3216904.23,3101344.46,-130331.43,33596525.54
9501,6504527.0,895608.39,460495.61,0.0,8329618.33,7329703.48,1453066.98,2953277.19,0.0,27926296.97
9502,6504527.0,2669429.47,1536803.17,36446.63,1600583.26,21974232.61,4432212.94,5219900.89,0.0,43974135.97
9503,6504527.0,2417544.38,1301955.33,0.0,185169.88,14022535.06,2857750.33,2516891.34,-105287.91,29701085.41
9504,6504527.0,2846972.36,2002600.32,0.0,1090173.78,20272693.21,4038534.44,5000727.12,-36963.91,41719264.32
9505,6504527.0,2024857.36,1723344.25,7350590.21,5773359.63,16561534.61,3484690.18,5876446.46,0.0,49299349.7
9506,6504527.0,4201125.22,2238595.09,0.0,835701.14,22631439.37,4470127.6,4219733.25,-33119.77,45068128.91
9507,6504527.0,3047454.09,2464857.51,1488592.34,534983.97,24610836.42,4962099.37,5446824.13,0.0,49060174.81
9508,6504527.0,2013425.11,1516183.35,0.0,841611.87,15194225.94,3219527.24,4398731.5,-12609.51,33675622.5
9509,6504527.0,2104961.02,2257517.39,0.0,72067194.03,16908015.73,3550191.78,5594751.94,-80086.39,108907072.5
9510,6504527.0,1059435.52,1185994.05,0.0,13174091.8,10160017.2,2139542.49,5602349.3,0.0,39825957.36
9511,6504527.0,1449291.93,937131.61,0.0,921543.97,10486457.98,2134001.1,2879606.82,-121546.1,25191014.31
9512,6504527.0,2387025.01,1172509.1,0.0,225456.2,12272090.81,2509822.13,2263705.66,-59351.51,27275784.4
9513,6504527.0,2502453.18,1992596.19,3084091.23,801670.38,19721149.24,3963874.47,5699672.44,0.0,44270034.12
9514,6504527.0,693664.27,931978.51,0.0,53709424.03,6163869.8,1396102.94,3342270.18,-153873.21,72587963.52
9515,6504527.0,1881068.6,1146702.84,0.0,5459984.5,16627829.68,3574536.0,4376515.27,0.0,39571163.89
9516,6504527.0,2113714.02,1397098.82,0.0,0.0,14479689.57,2965684.26,4584050.68,-50870.14,31993894.2
9517,6504527.0,1545890.3,765058.85,0.0,178123.47,13734777.83,2797875.43,3569844.59,0.0,29096097.48
9518,6504527.0,1249896.77,2694206.36,2893013.17,224335739.27,7702717.15,1631141.14,6364736.59,-281340.85,253094636.6
9519,6504527.0,1640879.62,374000.44,0.0,1139319.77,4088065.56,1039320.98,505113.12,-54435.28,15236791.2
9520,6504527.0,2036474.27,1771774.24,201456.13,4685635.35,17169933.08,3599047.11,6130312.08,0.0,42099159.25
9521,6504527.0,1566185.76,1811866.89,0.0,61357532.2,12540316.97,2616795.13,5068796.88,-25553.95,91440466.88
9522,6504527.0,1301928.01,1505597.45,0.0,61985406.76,9858136.32,2084217.23,4826297.31,-76844.66,87989265.42
9523,6504527.0,4330773.54,2834442.93,4683655.04,2013034.31,28149943.48,5678491.65,5244998.98,0.0,59439866.93
9524,6504527.0,2303191.51,1871728.79,0.0,53889132.82,14770592.45,3014479.47,3879915.01,-118896.65,86114670.4
9525,6504527.0,1896056.96,775191.99,0.0,106710.94,8722343.15,1842281.27,1607666.81,-100986.82,21353791.3
9526,6504527.0,1466674.26,1551766.77,0.0,17783883.25,13244945.14,2838611.79,6533773.53,0.0,49924181.75
9527,6504527.0,1377315.83,523890.94,0.0,100963.83,9935399.53,2085955.67,1782638.83,0.0,22310691.62
9528,6504527.0,2117614.47,1297304.42,7352932.09,18066502.76,17885944.24,3722850.28,6096299.48,0.0,63043974.75
9529,6504527.0,1168100.93,1267134.82,0.0,16231117.72,10486380.56,2211251.18,5724832.43,0.0,43593344.64
9530,6504527.0,3146499.7,1965177.24,0.0,1569229.81,26487596.23,5363574.52,4781603.07,0.0,49818207.58
9531,6504527.0,1821528.62,1236968.28,688534.25,17986113.14,16883144.91,3582617.76,5607426.61,0.0,54310860.57
9532,6504527.0,1399477.85,1059381.43,0.0,619329.05,10473442.03,2184527.24,3708241.02,-10855.87,25938069.75
9533,6504527.0,2563682.78,2316294.63,0.0,2178257.0,23269931.05,4854580.97,5740046.13,-37473.8,47389845.77
9534,6504527.0,3021350.51,2485953.87,5456840.56,540725.71,24821833.81,5129049.51,5509255.46,0.0,53469536.44
9535,6504527.0,1224848.12,1099369.64,0.0,4446479.94,10460288.74,2232509.82,4285931.69,0.0,30253954.94
9536,6504527.0,1317419.35,2561291.91,0.0,181649373.56,9934467.2,2115433.74,5588615.56,-237377.55,209433750.77
9537,6504527.0,1680901.06,1181797.02,0.0,13880182.18,16563699.83,3458164.58,5604456.25,0.0,48873727.92
9538,6504527.0,3018849.94,1962550.27,0.0,323488.82,26084681.46,5465627.06,4451638.53,0.0,47811363.07
9539,6504527.0,2037170.66,1409537.93,0.0,477508.52,14817778.07,3100697.24,3791050.44,-76194.86,32062075.0
9540,6504527.0,1497941.81,941975.62,29089650.08,241569.44,14243361.62,3063960.09,4086174.64,0.0,59669160.29
9541,6504527.0,3040616.36,2267469.7,2490812.54,1221573.77,22551115.63,4558267.97,5555999.36,0.0,48190382.32
9542,6504527.0,2100047.0,887195.27,0.0,544648.09,9438014.47,2022567.8,1943023.88,-63706.53,23376316.98
9543,6504527.0,2535213.14,2382908.9,7078743.33,4380500.38,23282163.46,4791816.81,6299199.41,0.0,57255072.43
9544,6504527.0,1369081.53,969658.99,0.0,0.0,10074931.1,2145519.91,3430002.88,-37834.12,24455887.3
9545,6504527.0,3147424.31,2133474.56,0.0,1959217.64,21165231.8,4313468.01,5014126.14,-17381.06,44220088.4
9546,6504527.0,3189578.9,1817731.92,2383319.44,859175.7,17859730.39,3634710.52,5149018.37,0.0,41397792.23
9547,6504527.0,2652408.5,1332045.38,3195544.16,7081358.39,19498410.28,4045624.66,4700331.82,0.0,49010250.2
9548,6504527.0,954755.68,481924.58,1298901.96,17023437.6,7864724.29,1563211.2,3235813.23,0.0,38927295.55
9549,6504527.0,3687031.73,3361275.0,16380532.22,78283082.19,26485295.76,5329146.34,5431146.23,0.0,145462036.46
9550,6504527.0,2508515.4,2099958.32,0.0,381938.38,20968650.59,4253992.98,5870765.78,-11024.85,42577323.61
9551,6504527.0,2553776.08,2022385.11,0.0,67566655.28,14837938.57,2861560.91,4774096.82,-94977.35,101025962.41
9552,6504527.0,4232903.22,3316089.9,0.0,3294769.94,32823123.37,6787012.88,5360465.32,-35062.77,62283828.86
9553,6504527.0,1048289.38,969436.26,0.0,968914.17,9336209.69,2049505.0,4784785.46,0.0,25661666.96
9554,6504527.0,982585.54,675657.19,37390330.85,13127447.03,9825855.42,1976477.05,3802136.0,0.0,74285016.08
9555,6504527.0,3817765.35,2873571.5,0.0,1594839.82,28680441.09,5868726.53,4677350.92,-31663.5,53985558.71
9556,6504527.0,1355786.61,2045281.06,0.0,84299847.51,12337495.11,2621342.72,6470225.64,0.0,115634505.66
9557,6504527.0,1867199.51,691038.08,0.0,1478643.09,13684140.88,2811776.94,3822259.22,0.0,30859584.73
9558,6504527.0,2655916.87,2390491.76,0.0,73434605.86,17819752.92,3570621.32,5000216.07,-69835.53,111306296.26
9559,6504527.0,2945099.72,1912898.98,0.0,1150458.44,19010037.63,3863433.01,4710897.72,0.0,40097352.51
9560,6504527.0,3620594.27,2239331.52,2034031.0,6044418.21,28778573.23,5823927.53,5411540.54,0.0,60456943.31
9561,6504527.0,2046996.53,955750.29,0.0,1212655.47,10070888.65,2077323.71,2198428.1,-70555.53,24996014.21
9562,6504527.0,1229332.74,1939925.29,7813245.68,88748048.85,10978756.15,2331112.2,6010943.19,0.0,125555891.1
9563,6504527.0,1581117.82,1410176.09,0.0,331031.69,14032867.57,2925424.36,5405742.11,-5347.04,32185539.6
9564,6504527.0,2820324.65,1575823.64,0.0,128449.25,16447852.0,3241802.86,3047663.1,-70364.51,33696077.99
9565,6504527.0,1817445.98,2206228.35,4611678.34,78397570.9,14854161.26,3091743.32,5438253.71,0.0,116921608.87
9566,6504527.0,3213411.26,2334873.55,0.0,688902.04,23649699.23,4659845.09,5028067.42,-38150.48,46041175.11
9567,6504527.0,1769027.14,2008707.64,0.0,103683657.87,10954852.47,2196021.61,3972250.67,-106940.13,130982104.27
9568,6504527.0,1405129.5,3024614.66,16952041.39,169900590.79,14008806.26,2904551.18,7282359.62,0.0,221982620.39
9569,6504527.0,1867092.82,1255282.75,0.0,1038659.32,12569190.65,2672280.79,4491141.04,-17851.4,30380322.98
9570,6504527.0,3092852.65,2219487.06,0.0,370252.83,22295225.58,4597080.03,4471678.8,-17991.31,43533112.64
9571,6504527.0,965933.24,768301.15,0.0,1648772.92,7490249.39,1570030.51,3925575.69,0.0,22873389.89
9572,6504527.0,3431796.15,2783639.62,0.0,4892701.37,27732248.75,5659972.3,4834048.77,-66406.74,55772527.23
9573,6504527.0,1879597.06,1393831.78,0.0,959989.2,13627578.36,2831093.08,4791043.36,-4411.44,31983248.41
9574,6504527.0,3019322.92,2141163.61,0.0,827006.96,21450489.68,4672540.83,3739622.37,-23387.85,42331285.51
9575,6504527.0,1021159.23,476658.62,1760857.47,17578697.28,8104240.01,1686499.23,3265847.85,0.0,40398486.69
9576,6504527.0,3309947.97,1959898.16,0.0,523205.57,19599638.45,3879343.1,4079466.78,-4391.17,39851635.86
9577,6504527.0,2386387.05,2004768.22,0.0,2378435.3,19885263.14,4154081.95,5277018.11,-57980.92,42532499.84
9578,6504527.0,1705557.45,1741863.51,3970855.69,7228441.16,16654920.07,3394744.35,7186713.3,0.0,48387622.53
9579,6504527.0,2128999.08,1349503.16,0.0,10794066.67,19258170.27,3946418.46,5075748.35,0.0,49057432.98
9580,6504527.0,1424098.97,1420647.08,0.0,11586912.99,12888283.57,2640370.5,5580505.34,0.0,42045345.45
9581,6504527.0,3500168.82,2630453.94,0.0,2712579.97,26014380.08,5223662.75,5315192.28,0.0,51900964.84
9582,6504527.0,1260416.55,668928.03,0.0,5313683.02,11630181.83,2480675.23,4150840.89,0.0,32009252.56
9583,6504527.0,3559426.67,2371948.82,0.0,330403.91,23730871.44,4756279.58,4653491.62,-5804.46,45901144.59
9584,6504527.0,1066422.8,552380.66,652070.56,8553902.69,9297588.94,2141109.92,3169259.29,0.0,31937261.86
9585,6504527.0,1135816.39,411253.13,0.0,442277.43,8124939.23,1747750.63,1728370.32,0.0,20094934.13
9586,6504527.0,3452105.07,1941587.44,0.0,0.0,26440974.38,5259077.52,5494253.89,0.0,49092525.3
9587,6504527.0,2076340.52,1743991.42,0.0,2291976.9,17113626.58,3668772.8,6464045.27,0.0,39863280.48
9588,6504527.0,1291999.08,1200376.46,0.0,7987741.87,10934696.46,2218414.65,5093196.88,0.0,35230952.4
9589,6504527.0,2065848.67,1193259.1,0.0,9119353.7,17716213.65,3662724.6,4822028.18,0.0,45083954.89
9590,6504527.0,1273183.17,1133728.09,0.0,38355035.19,9133448.43,1916500.0,2936957.83,-144447.14,61108932.57
9591,6504527.0,1958193.1,1442798.25,0.0,462901.07,14930172.3,3104691.4,4558921.94,-67329.82,32894875.25
9592,6504527.0,1294256.67,958478.7,0.0,310310.17,10547870.68,2169686.66,2948336.29,-107778.79,24625687.37
9593,6504527.0,982568.0,979120.23,0.0,4013230.63,9138817.93,1879952.89,5236655.94,0.0,28734872.62
9594,6504527.0,2349339.12,2149165.7,4436489.59,451938.95,21352628.25,4367349.7,6204164.85,0.0,47815603.17
9595,6504527.0,1325371.37,888825.99,0.0,117195.69,9575998.59,1957478.43,2311579.09,-73105.93,22607870.23
9596,6504527.0,3118521.1,1934630.16,0.0,651746.43,19411002.88,3908880.11,3787459.77,-14267.35,39302500.1
9597,6504527.0,2281337.5,905141.64,0.0,739443.9,15131917.34,2981625.97,3253488.52,0.0,31797481.87
9598,6504527.0,2505505.76,1512990.88,0.0,381991.59,15624069.66,3086074.22,2804001.97,-54879.03,32364282.04
9599,6504527.0,2982066.13,2161978.15,0.0,1169230.0,21899118.09,4426003.87,4300670.24,-40859.85,43402733.64
9600,6504527.0,713953.33,690589.3,0.0,2486349.7,6984996.42,1569905.95,4166053.6,-75734.27,23040641.03
9601,6504527.0,1003375.08,1257566.18,26595221.85,57110279.03,8308546.2,1742872.27,3480023.92,-57205.59,105945205.94
9602,6504527.0,1893939.79,944993.35,0.0,9166276.73,15403381.16,3213795.17,4477466.6,0.0,41604379.79
9603,6504527.0,932927.89,821447.53,8865045.22,0.0,8214475.34,1642969.17,4007774.15,0.0,30989166.31
9604,6504527.0,1491193.12,731088.99,0.0,140818.08,8243536.72,1682043.71,1959635.58,-96731.11,20656112.08
9605,6504527.0,3429078.82,2390497.24,0.0,2185653.77,23673867.1,4752716.13,5493986.21,-30.61,48430295.65
9606,6504527.0,1960674.14,1246997.78,0.0,9140135.36,17523938.29,3647243.68,4903522.49,0.0,44927038.75
9607,6504527.0,979298.65,550328.14,10658148.84,14077736.55,9107034.0,1865785.07,3309843.74,0.0,47052701.99
9608,6504527.0,2600379.74,1928779.07,0.0,114281.32,19467129.59,4035536.78,4119652.07,-21739.6,38748545.96
9609,6504527.0,953528.58,518391.7,7455975.53,14008234.49,8701169.31,1833622.74,3259467.2,0.0,43234916.56
9610,6504527.0,4436014.99,3332363.86,0.0,4610599.38,32468132.7,6585087.32,6112641.64,0.0,64049366.88
9611,6504527.0,991693.5,639760.97,395551.06,11360109.31,9716941.34,1985156.38,3716969.96,0.0,35310709.52
9612,6504527.0,958442.92,559895.92,44458582.43,7062643.16,9533628.72,1934437.09,3159728.68,0.0,74171885.91
9613,6504527.0,1753564.16,1293978.64,0.0,26798.23,13477766.97,2744950.27,3481625.83,-54599.19,29228611.91
9614,6504527.0,1049177.75,1034492.03,37150731.48,3487207.69,9959399.0,2137010.65,4489618.25,0.0,65812163.86
9615,6504527.0,2741595.56,3022731.45,8193432.61,77420515.35,23001329.73,4498969.53,5766452.77,-1661.66,131147892.33
9616,6504527.0,745617.29,910665.55,0.0,41198499.72,5894717.37,1242238.96,3166780.84,-66572.9,59596473.84
9617,6504527.0,1193859.07,900711.37,0.0,1461412.32,9270658.6,2048507.08,3529402.22,-37144.55,24871933.11
9618,6504527.0,997323.19,1564401.54,55310740.32,63723302.01,9971600.81,1994616.21,4941784.97,0.0,145008296.05
9619,6504527.0,1027055.95,628516.03,9193382.29,8353291.14,9854628.51,2080587.14,3379050.95,0.0,41021039.0
9620,6504527.0,2126312.68,1248744.26,0.0,2076710.76,12722056.52,2408861.99,2727474.06,-43178.08,29771509.2
9621,6504527.0,1351009.97,648975.87,0.0,4687380.23,12405834.11,2553377.46,3914724.5,0.0,32065829.14
9622,6504527.0,1444864.35,1333189.85,0.0,0.0,13388279.42,2705149.56,4847873.63,-5638.09,30218245.72
9623,6504527.0,4053288.05,2791149.68,7495352.42,801996.05,34782226.69,6941840.72,6109608.84,0.0,69479989.45
9624,6504527.0,2305636.14,930702.75,0.0,0.0,15384854.6,3105637.74,3248574.29,0.0,31479932.51
9625,6504527.0,1508626.44,640833.09,0.0,38569.52,7320300.99,1555564.71,1786295.69,-91852.62,19262864.82
9626,6504527.0,896413.47,1226165.67,11750591.27,51518635.77,8834736.03,1710993.15,4544478.19,-124881.85,86861658.7
9627,6504527.0,877124.18,714237.62,0.0,0.0,7566458.13,1688234.66,3189563.5,-42408.19,20497736.9
9628,6504527.0,2808718.34,1892129.21,0.0,2114370.43,18857617.31,3711272.8,4331794.28,-15990.37,40204438.99
9629,6504527.0,1280405.13,1479302.19,0.0,21509778.48,11921298.19,2635214.48,7364671.49,0.0,52695196.95
9630,6504527.0,3764368.38,3227536.08,3423232.27,2803827.27,31915631.67,6289851.63,6139184.99,0.0,64068159.28
9631,6504527.0,2041695.87,892178.51,0.0,986774.94,15798547.63,3147134.14,4105931.92,0.0,33476790.01
9632,6504527.0,1400864.81,1327518.05,0.0,13958902.17,11643210.35,2520083.9,5434594.13,0.0,42789700.41
9633,6504527.0,2182156.14,1200789.3,0.0,1137324.5,12628862.95,2539518.89,2495449.57,-78182.77,28610445.57
9634,6504527.0,1014135.9,1116578.1,7344760.59,51574339.89,8068232.18,1657315.16,3446439.71,-154728.7,80571599.83
9635,6504527.0,2251557.51,1498091.85,0.0,4533663.74,21414352.12,4340500.25,6472531.14,0.0,47015223.61
9636,6504527.0,2602489.97,1287473.1,0.0,116089.23,19043296.91,3763602.06,3713268.84,0.0,37030747.09
9637,6504527.0,1978850.78,1373759.38,0.0,2630423.87,13411046.51,2779189.02,1888193.92,-6966.18,30559024.31
9638,6504527.0,2910199.45,2318937.6,927720.96,79829336.93,16564431.25,3297511.73,5277814.61,-70413.47,117560066.07
9639,6504527.0,2254947.0,1363611.93,0.0,190410.94,14368701.24,2864403.2,2845817.25,-74585.93,30317832.62
9640,6504527.0,1865999.11,791761.73,0.0,286281.14,12208689.97,2496285.02,2048476.22,0.0,26202020.18
9641,6504527.0,1632742.85,1350681.94,0.0,42838728.33,11089515.55,2293558.85,2723470.57,-143483.42,68289741.67
9642,6504527.0,4239752.77,2762007.09,0.0,1170375.8,27537605.44,5413136.03,5461192.28,-7316.03,53081280.39
9643,6504527.0,2660707.1,1964118.6,0.0,2285049.89,19564047.99,3800373.62,5276756.11,-14617.15,42040963.15
9644,6504527.0,2737327.66,2376233.53,0.0,2553195.85,23942394.43,4685917.36,5183368.52,-76077.6,47906886.74
9645,6504527.0,1382229.8,1409245.82,0.0,9365687.65,12898612.97,2539190.61,5856610.83,0.0,39956104.68
9646,6504527.0,4092719.47,3034364.77,0.0,3576863.75,29916295.28,6155308.64,5384696.9,-5409.13,58659366.67
9647,6504527.0,1795617.0,1868817.82,200143.9,72613460.64,12114901.67,2512708.01,5534885.18,-24327.25,103120733.98
9648,6504527.0,2060444.03,2486245.06,0.0,130619287.89,13008172.92,2614118.58,5249708.39,-47691.01,162494812.86
9649,6504527.0,1823203.19,1839493.98,0.0,69777602.09,12139518.71,2472470.5,5441477.58,-34830.79,99963462.26
9650,6504527.0,2853668.07,2917468.29,13038669.92,76832107.11,22149582.88,4295045.93,5360141.0,0.0,133951210.2
9651,6504527.0,3949571.14,3409868.5,0.0,4323553.01,33205792.0,6694596.41,6201226.46,-9380.72,64279753.8
9652,6504527.0,1186012.93,384916.73,0.0,10619320.99,8553840.19,1666009.98,3158435.7,0.0,32073063.5
9653,6504527.0,1046985.96,522086.06,7159617.24,11445247.56,8871457.14,1927162.82,3355622.19,0.0,40832705.98
9654,6504527.0,2078560.13,1349585.22,0.0,10603349.95,18891838.59,3840359.6,5221935.02,0.0,48490155.49
9655,6504527.0,1872829.7,1572665.87,0.0,90944.25,16084531.64,3379005.96,5069646.18,-38381.02,34535769.57
9656,6504527.0,784826.71,892371.22,0.0,42578699.54,6734824.43,1561705.72,3997816.73,-222109.41,62832661.94
9657,6504527.0,2790828.4,1827310.35,729592.16,7957864.77,24367829.6,4988579.11,5721727.42,0.0,54888258.81
9658,6504527.0,2967932.96,2416669.52,7280554.8,0.0,24166695.19,4855324.8,5328567.64,0.0,53520271.91
9659,6504527.0,1939290.37,1755304.24,0.0,952358.45,17274899.05,3507497.62,5734270.35,-7388.98,37660758.1
9660,6504527.0,2023213.37,1344396.6,3941619.57,15208746.36,18690973.42,3894040.11,5732961.6,0.0,57340478.04
9661,6504527.0,1049941.3,923431.35,0.0,518993.53,9560570.18,2108570.68,3521398.42,-45549.96,24141882.52
9662,6504527.0,3647520.23,2325918.87,0.0,1339446.22,23150436.27,4791616.06,5452650.39,-7672.24,47204442.79
9663,6504527.0,3132303.96,1384697.69,0.0,303407.88,14596755.68,2993767.9,2574420.52,-86193.16,31403687.47
9664,6504527.0,1868125.38,963229.33,0.0,4423109.15,15924355.28,3303137.55,4327424.38,0.0,37313908.07
9665,6504527.0,1977499.65,2071939.99,0.0,55863066.29,16692326.22,3402601.06,4291614.17,-122478.92,90681095.47
9666,6504527.0,868624.79,725847.08,0.0,1185546.63,6923198.4,1584990.22,3385840.99,0.0,21178575.11
9667,6504527.0,2835124.8,2238276.82,0.0,12578786.69,27784206.45,5640386.56,7287120.79,0.0,64868429.11
9668,6504527.0,1703150.32,742880.04,0.0,1082654.78,13789872.37,2850582.23,3794591.47,0.0,30468258.2
9669,6504527.0,3303061.94,2282598.84,0.0,1543920.71,22856760.49,4474901.0,4251460.04,-52061.29,45165168.72
9670,6504527.0,1296047.06,1011948.42,0.0,3944808.89,9622118.75,2040112.13,4118315.74,0.0,28537877.99
9671,6504527.0,3887681.56,2413821.33,0.0,1743108.56,24444393.99,4858462.61,5053907.17,-41884.63,48864017.6
9672,6504527.0,2079122.99,1824298.13,0.0,3959631.0,17571962.13,3599083.36,5793449.07,0.0,41332073.69
9673,6504527.0,2921755.28,2773281.01,3531837.24,76832107.11,21224045.44,4356215.66,5427171.64,-51633.53,123519306.86
9674,6504527.0,2084179.62,860183.0,0.0,405718.55,9303512.13,2011822.28,1559029.87,-73118.13,22655854.31
9675,6504527.0,1550895.08,1172842.29,0.0,169695.26,12385669.72,2571995.7,3426471.16,-67355.35,27714740.85
9676,6504527.0,3241696.43,2237067.68,0.0,1254686.4,22272561.49,4467774.88,4669012.69,0.0,44647326.57
9677,6504527.0,1211206.88,672907.85,0.0,12505067.77,9871368.59,2088124.72,3406206.25,0.0,36259409.07
9678,6504527.0,1977115.25,1587504.51,0.0,721806.82,15858144.2,3288367.78,4485855.75,-23008.58,34400312.73
9679,6504527.0,2561464.26,1547059.94,1094085.88,806440.53,22326595.99,4714681.11,5425517.2,0.0,44980371.91
9680,6504527.0,2988161.74,1755287.98,0.0,794819.8,17861639.19,3587086.54,3577847.28,-37888.56,37031480.97
9681,6504527.0,3415796.46,2259569.67,13576044.43,779867.48,29529620.49,6001152.12,6407381.14,0.0,68473958.8
9682,6504527.0,2698889.14,1809945.42,5071969.21,1461157.15,24953726.65,5124950.49,6001914.95,0.0,53627080.0
9683,6504527.0,1442168.88,1505576.11,0.0,101704205.62,5830096.34,1222721.54,3406294.48,-138068.74,121477521.23
9684,6504527.0,1125149.12,889570.71,0.0,354579.3,8764639.14,1902587.26,4216274.56,0.0,23757327.1
9685,6504527.0,1407632.45,1290112.88,0.0,10528354.06,11489224.42,2416196.16,4901293.76,0.0,38537340.73
9686,6504527.0,3930300.13,2717064.59,0.0,3356834.06,26199937.4,4996100.45,5578913.88,-27012.36,53256665.15
9687,6504527.0,2720722.63,1968193.7,8897910.92,3623076.49,26169813.97,5155869.24,7329685.67,0.0,62369799.61
9688,6504527.0,2917035.3,2062567.61,5761979.82,9496243.38,26311722.97,5242127.69,6482188.32,0.0,64778392.1
9689,6504527.0,2575448.33,1520981.36,0.0,715128.33,22069487.75,4548424.33,5173510.44,0.0,43107507.53
9690,6504527.0,1128290.79,518324.84,28633005.98,6410773.79,9646893.12,2002793.71,3005861.66,0.0,57850470.88
9691,6504527.0,618907.6,245435.51,0.0,0.0,3560513.14,878980.37,1224624.34,-110615.81,12922372.15
9692,6504527.0,4706721.43,4019825.01,9556547.83,1202631.11,40109454.32,8338076.62,6101561.82,0.0,80539345.13
9693,6504527.0,1366242.02,1301190.17,0.0,4495830.8,12162476.46,2500010.87,5083621.57,0.0,33413898.89
9694,6504527.0,4328210.75,3476329.9,10012234.09,3161570.56,34109588.69,6821755.29,6107380.84,0.0,74521597.12
9695,6504527.0,4586747.16,3849146.73,3970618.19,1525747.18,38185712.83,7675448.12,6397561.2,0.0,72695508.41
9696,6504527.0,2780395.75,2673756.44,3649740.23,5102342.31,25954570.63,5237778.52,7235322.03,0.0,59138432.9
9697,6504527.0,2180159.09,1418702.68,0.0,125193.09,15128284.11,3145221.38,3044079.92,-98753.41,31447413.86
9698,6504527.0,2853589.5,2173292.39,0.0,117980.66,21967801.77,4455474.05,5057633.67,-27848.86,43102450.18
9699,6504527.0,3475014.33,2539494.69,0.0,892311.46,25535522.75,4965621.72,5190245.75,-25910.31,49076827.4
9700,6504527.0,1380173.87,2069865.24,0.0,79479627.86,13164466.09,2590916.47,7240286.63,0.0,112429863.16
9701,6504527.0,949666.75,491462.27,0.0,290831.94,5624191.74,1174533.22,1650863.03,-75579.09,16610496.85
9702,6504527.0,2115228.32,1142309.82,0.0,1257586.75,17743304.42,3380848.14,4273146.7,0.0,36416951.15
9703,6504527.0,1026570.6,640687.03,0.0,0.0,8054975.89,1671705.24,2510721.69,-164810.56,20244376.88
9704,6504527.0,1884847.39,688079.92,0.0,336129.48,7838253.3,1629701.52,1673960.26,-98563.53,20456935.35
9705,6504527.0,1447720.39,2152446.14,0.0,162286011.32,6117125.71,1306627.16,5353350.45,-82527.02,185085281.15
9706,6504527.0,2837990.61,3688565.94,10397954.27,153664214.23,23280662.17,4802132.53,5540346.63,-44520.27,210671873.11
9707,6504527.0,2693623.54,2122972.03,0.0,72148416.29,15487179.97,3069680.65,5079017.79,-97429.04,107007988.24
9708,6504527.0,1185973.15,2590478.05,10625829.36,230417312.62,5957077.03,1284855.0,6402176.16,-292708.14,264675520.24
9709,6504527.0,2825510.26,2231519.14,0.0,817379.02,22255822.25,4409884.04,5268147.58,-2610.97,44310178.33
9710,6504527.0,2018008.65,1957950.86,4141723.07,78253485.28,13360130.63,2622840.58,5191440.51,-94741.69,113955364.9
9711,6504527.0,1439951.59,1554265.25,1005994.7,15992257.25,13672957.77,2881761.98,7193146.84,0.0,50244862.38
9712,6504527.0,1457427.77,1424605.31,0.0,14371916.7,12565796.4,2685310.89,5995879.73,0.0,45005463.79
9713,6504527.0,3045553.21,1794154.27,2250465.25,0.0,24966642.71,5011774.42,5465788.16,0.0,49038905.03
9714,6504527.0,1310840.17,1176485.68,0.0,47780860.38,7715509.96,1673602.42,4194933.79,-79284.49,70277474.89
9715,6504527.0,3448904.86,2121256.93,0.0,241754.75,21621350.6,4248204.39,4327387.23,-49814.44,42463571.31
9716,6504527.0,1821971.93,1413762.51,0.0,111268.49,14799596.81,3090305.53,3810213.13,-70310.14,31481335.25
9717,6504527.0,1499729.46,1721163.16,0.0,60445255.09,12735884.22,2563934.39,4443389.19,-115811.83,89798070.68
9718,6504527.0,2894093.61,1573924.49,0.0,341282.48,16716744.81,3246208.61,3440254.02,-100928.99,34616106.03
9719,6504527.0,2767524.58,1810132.61,3813041.94,2487001.39,24835664.55,5072378.77,5996908.32,0.0,53287179.16
9720,6504527.0,3945453.83,2446649.26,0.0,3214653.29,31230036.99,6386666.24,5252318.05,0.0,58980304.67
9721,6504527.0,1329780.57,1016273.01,0.0,0.0,10291470.68,2256288.33,3521247.29,-12874.06,24906712.82
9722,6504527.0,2623920.03,2399979.95,4303298.41,2251504.21,23679106.15,4677396.42,7701316.26,0.0,54141048.43
9723,6504527.0,979828.87,1280136.05,0.0,63735834.22,7473988.04,1605334.46,5201228.64,-78202.13,86702675.16
9724,6504527.0,1210787.87,855625.01,0.0,4591915.43,11851081.15,2237124.5,3564655.2,0.0,30815716.16
9725,6504527.0,2380915.71,1462462.88,0.0,206721.93,21632597.53,4445008.19,5361181.33,0.0,41993414.56
9726,6504527.0,1440137.8,1514349.51,0.0,64652405.07,9399728.41,1987579.62,4980277.04,-34992.56,90444011.88
9727,6504527.0,2253865.87,1605458.93,0.0,821677.69,15834334.08,3325708.29,5406887.25,-8347.27,35744111.83
9728,6504527.0,1655820.24,836535.17,0.0,1025160.18,13589213.62,2822287.46,2966197.03,0.0,29399740.7
9729,6504527.0,1403661.59,733262.86,0.0,1107747.74,11554878.53,2246549.61,2870437.19,0.0,26421064.53
9730,6504527.0,3506052.55,1996356.81,0.0,597427.59,20131240.92,4161309.01,3830145.81,-24687.66,40702372.02
9731,6504527.0,1655071.62,1102835.54,0.0,4985.22,11762529.95,2500229.2,2575869.19,-73601.73,26032445.99
9732,6504527.0,1969209.41,1812484.48,0.0,4943635.67,17476049.3,3655340.3,6658576.09,-18429.05,43001393.19
9733,6504527.0,1411708.34,860259.06,24559044.48,62843.04,13510282.71,2826382.41,4264387.72,0.0,53999434.75
9734,6504527.0,1309479.66,1251090.92,0.0,11684349.71,10860119.29,2304114.77,5797445.24,0.0,39711126.59
9735,6504527.0,2453554.44,1540144.14,0.0,533560.54,15674526.67,3274714.95,3426533.3,-39644.98,33367916.07
9736,6504527.0,3348240.15,2326648.83,0.0,1027650.98,23314948.93,4725753.39,5096079.03,-16207.05,46327641.26
9737,6504527.0,2734818.81,2494157.27,8610807.15,2288794.4,24560644.06,5012338.01,6215323.29,0.0,58421409.99
9738,6504527.0,1435660.05,2129353.46,7511879.47,88328002.68,12837768.85,2824550.71,6303106.74,0.0,127874848.96
9739,6504527.0,1728304.56,954548.89,0.0,3858394.22,15717723.15,3317582.3,4445549.36,0.0,36526629.47
9740,6504527.0,2337620.67,1315857.21,0.0,418546.26,18121333.28,3877987.33,3357054.02,0.0,35932925.77
9741,6504527.0,1699053.01,1607409.13,0.0,58969209.56,11522909.75,2545468.91,4385288.32,-90313.73,87143551.95
9742,6504527.0,897225.3,1176562.94,21565996.34,53801385.32,8119979.62,1654175.91,3568199.74,-111284.61,97176767.56
9743,6504527.0,2999345.06,1987034.3,0.0,734426.14,20430519.63,4114819.72,4039018.19,-62879.23,40746810.81
9744,6504527.0,1370905.6,1407848.49,1599186.3,10566974.41,12509127.0,2591488.03,6193984.44,0.0,42744041.28
9745,6504527.0,1336603.45,907383.46,0.0,842797.35,9692857.8,1983865.76,2503832.1,-71010.63,23700856.28
9746,6504527.0,1117847.89,239535.24,0.0,478449.19,2862956.85,678218.69,310430.08,-54489.93,12137475.0
9747,6504527.0,1067051.5,526475.64,0.0,7225628.12,9065005.05,1899215.15,3070729.35,0.0,29358631.8
9748,6504527.0,3381511.3,2612379.85,9430941.21,2278506.13,25893392.23,5220503.8,5575823.76,0.0,60897585.29
9749,6504527.0,1419076.02,1506309.07,24131085.17,18436293.04,12814200.14,2842334.35,6077275.95,0.0,73731100.74
9750,6504527.0,1937923.76,1659365.87,0.0,232734.8,16739614.18,3460941.68,4994225.64,-23198.44,35506134.48
9751,6504527.0,1568678.08,1231167.34,0.0,10297984.42,11139796.57,2401324.44,4459252.92,0.0,37602730.78
9752,6504527.0,1963795.48,1554430.66,0.0,4703658.79,14989139.93,3153529.57,5125703.08,0.0,37994784.51
9753,6504527.0,2517310.26,1233530.64,0.0,2358259.41,18831869.52,3788234.51,3936241.31,0.0,39169972.64
9754,6504527.0,3464694.39,1760367.8,0.0,1704659.84,24387556.45,4889314.99,5290127.32,0.0,48001247.78
9755,6504527.0,2142000.36,968769.55,0.0,0.0,15791133.77,3361740.43,3302209.27,0.0,32070380.38
9756,6504527.0,1228376.19,1219004.61,0.0,60003529.57,6713415.97,1369289.23,4803397.56,-48257.98,81793282.15
9757,6504527.0,2709685.54,1955642.15,0.0,3056919.9,25874245.29,5180559.3,6800423.47,0.0,52082002.66
9758,6504527.0,1054550.11,1170911.71,62712654.43,8540335.92,10545501.12,2087483.14,4366542.01,0.0,96982505.45
9759,6504527.0,2251847.25,1563666.12,0.0,1364398.8,15987940.52,3091164.4,3950712.82,-52703.53,34661553.38
9760,6504527.0,2935310.01,1573869.03,0.0,751425.48,16003083.61,3370073.86,2855713.92,-34952.43,33959050.48
9761,6504527.0,1382020.68,1033437.81,0.0,0.0,10677553.3,2242361.7,3431045.53,-34317.52,25236628.5
9762,6504527.0,2609757.52,1616810.74,0.0,2780519.16,22868129.96,4742132.75,6305692.56,0.0,47427569.69
9763,6504527.0,1361376.01,1245364.95,0.0,1777109.86,12155248.63,2367042.79,5089737.47,0.0,30500406.72
9764,6504527.0,922911.46,1085142.4,0.0,40859828.26,8735906.69,1736384.94,3722796.11,-189647.04,63377849.82
9765,6504527.0,4009566.54,2377657.98,3904974.57,2106993.2,30616384.37,6289818.8,5685012.06,0.0,61494934.52
9766,6504527.0,1735915.59,775715.37,0.0,291786.03,13205884.17,2659107.85,2863062.12,0.0,28035998.14
9767,6504527.0,718538.98,607431.16,0.0,49332480.85,3308626.63,720125.55,653802.19,-154792.76,61690739.6
9768,6504527.0,1341859.12,1220567.52,0.0,5687441.39,11504574.21,2417268.89,4819388.07,0.0,33495626.19
9769,6504527.0,931728.83,485850.54,0.0,17146609.27,8126061.79,1725487.19,3281815.2,0.0,38202079.82
9770,6504527.0,1223655.51,1178318.86,0.0,15076168.72,9972058.44,2228902.99,5147034.36,0.0,41330665.88
9771,6504527.0,2041149.88,1303501.75,0.0,713616.35,13349066.51,2647494.96,4256187.46,-38699.79,30776844.11
9772,6504527.0,1234691.53,1263250.05,0.0,17047339.18,10787373.5,2234474.56,5354554.75,0.0,44426210.57
9773,6504527.0,1505411.65,1227184.03,0.0,0.0,12932978.02,2726759.57,4093682.74,-66113.77,28924429.25
9774,6504527.0,2427551.79,2092406.98,0.0,2669876.48,20485528.81,4239280.16,5983318.5,-21682.87,44380806.85
9775,6504527.0,3243833.06,3030946.53,13899547.75,77766462.26,23174522.71,4479008.58,5337110.91,0.0,137435958.79
9776,6504527.0,2111483.71,1878366.42,3504916.5,428267.42,18625357.9,3721921.05,5688515.4,0.0,42463355.39
9777,6504527.0,1398933.83,616462.69,0.0,0.0,6342922.84,1384008.28,2478395.85,-17829.6,18707420.89
9778,6504527.0,2682155.89,1795976.3,1452503.54,3328330.72,24595739.5,5059048.27,6557646.72,0.0,51975927.94
9779,6504527.0,1296227.75,1339423.02,0.0,17674935.06,11235676.74,2451727.8,6392163.44,0.0,46894680.82
9780,6504527.0,3038306.47,1757124.79,0.0,1289974.56,17352496.35,3568465.84,3747399.36,0.0,37258294.37
9781,6504527.0,932621.89,795875.0,8359641.97,86572.98,7926748.83,1705891.28,3865272.99,0.0,30177151.94
9782,6504527.0,1518775.33,1647366.59,0.0,67359453.86,10994439.67,2209630.94,5386058.7,-102003.64,95518248.45
9783,6504527.0,1117623.74,822870.48,0.0,6098.33,8935408.66,1860690.65,3109856.5,-70713.4,22286361.96
9784,6504527.0,2249054.94,1915123.14,2772880.14,9496960.94,18040917.97,3702443.2,5605499.55,0.0,50287406.88
9785,6504527.0,3131424.33,2107144.61,0.0,338449.99,21392831.58,4270913.93,4425983.62,-35880.22,42135394.85
9786,6504527.0,2544318.72,1794152.44,0.0,325263.07,18143027.0,3673621.36,4430854.06,-31804.73,37383958.92
9787,6504527.0,3318434.08,1718210.88,0.0,2160396.36,23916620.36,4905718.41,4634834.22,0.0,47158741.31
9788,6504527.0,1564859.4,980233.52,0.0,0.0,9875195.79,2070834.64,3823862.83,-7286.06,24812227.12
9789,6504527.0,1476213.23,604884.67,0.0,1782267.82,6255880.54,1479627.75,657983.12,-54984.76,18706399.37
9790,6504527.0,907965.35,553736.45,23600873.1,8789822.04,9026721.75,1899387.18,3443373.31,0.0,54726406.18
9791,6504527.0,1488430.06,1676680.14,9578683.78,14412979.91,14737435.9,3064948.94,6877228.55,0.0,58340914.27
9792,6504527.0,966596.92,1401435.96,25362378.69,57510227.31,9436312.95,1852757.96,4614592.73,-60797.48,107588032.05
9793,6504527.0,2007613.54,2477616.61,4609874.63,81124361.24,17375389.11,3550250.34,6806762.98,-55603.67,124400791.77
9794,6504527.0,1419674.31,1095270.0,0.0,61559474.05,5824839.07,1264817.32,3606066.85,-135985.39,81138683.22
9795,6504527.0,2662623.9,2102419.75,0.0,469592.48,21337828.15,4409666.14,5371858.32,-35254.63,42823261.11
9796,6504527.0,2262833.82,1344262.91,0.0,1132222.51,14002243.84,2734396.21,2840932.1,-68520.57,30752897.82
9797,6504527.0,938598.69,679154.92,0.0,0.0,7681773.88,1592790.84,3060464.03,-89022.47,20368286.9
9798,6504527.0,917353.61,598691.62,5568349.55,13068843.95,9173536.12,1863292.93,3743452.69,0.0,41438047.46
9799,6504527.0,2125977.39,2199103.86,16483897.23,10608233.21,20689035.15,4354628.08,6523866.59,0.0,69489268.52
9800,6504527.0,1731520.86,1338657.02,0.0,798145.62,13765783.03,2871030.5,3810535.24,-46002.29,30774196.98
9801,6504527.0,1577229.48,1148195.28,0.0,496064.18,11298585.87,2345164.76,3686488.55,0.0,27056255.12
9802,6504527.0,2906617.53,1752877.74,0.0,607045.62,24404853.26,4881021.43,5195614.88,0.0,46252557.46
9803,6504527.0,1450559.29,685659.27,0.0,0.0,11769492.7,2509099.99,3147847.65,0.0,26067185.9
9804,6504527.0,1425260.9,1522598.24,0.0,15125162.73,13200920.62,2565644.65,6677885.12,0.0,47021999.25
9805,6504527.0,2329598.15,1304872.63,0.0,115929.98,20030973.52,4104505.32,4761895.39,0.0,39152301.98
9806,6504527.0,1521398.47,754367.63,0.0,687992.32,12914684.77,2623636.76,3321786.09,0.0,28328393.04
9807,6504527.0,972851.19,955784.3,32677823.6,41665.83,9542441.48,1917755.7,4245338.45,0.0,56858187.56
9808,6504527.0,2410888.28,1440568.11,0.0,906710.59,20968267.73,4203529.71,4525614.57,0.0,40960106.0
9809,6504527.0,930526.23,1475682.66,16575279.77,62978929.74,9276232.42,1890450.38,4664275.48,-38766.37,104257137.32
9810,6504527.0,1471785.0,1681964.75,31396477.58,21360970.03,14343234.21,3076141.59,6214463.29,0.0,86049563.44
9811,6504527.0,1806315.21,1650614.76,1524093.83,2957746.8,16089470.47,3336889.52,6816638.73,0.0,40686296.32
9812,6504527.0,2353692.32,1175280.27,0.0,1080562.16,17501223.35,3498472.74,3206298.65,0.0,35320056.5
9813,6504527.0,1923017.59,1121730.3,0.0,1614167.74,16920507.66,3593148.74,3819931.3,0.0,35497030.34
9814,6504527.0,945041.11,914365.27,0.0,4580627.73,8624322.16,1822927.44,4291908.72,0.0,27683719.43
9815,6504527.0,1842968.0,932472.44,0.0,0.0,14447963.48,3103205.36,2856988.77,0.0,29688125.05
9816,6504527.0,1065091.79,1086583.83,0.0,50177422.81,7530674.01,1677052.48,4165999.32,-150246.59,72057104.65
9817,6504527.0,1409145.71,1625841.89,9584442.77,17877915.05,13859698.63,2916200.31,7144636.23,0.0,60922407.6
9818,6504527.0,928732.71,838723.53,0.0,1961633.33,8307159.92,1743367.83,3935110.55,-41603.93,24177650.95
9819,6504527.0,901211.24,1343254.57,38952186.88,58931058.71,8879370.09,1719245.53,4933346.38,-42088.35,122122112.05
9820,6504527.0,2434318.55,1527440.04,0.0,426680.16,21658312.82,4410859.1,4744600.59,0.0,41706738.25
9821,6504527.0,1864609.24,701986.52,0.0,0.0,11616990.18,2322628.63,2120378.52,0.0,25131120.09
9822,6504527.0,3090835.21,2088969.22,0.0,345254.29,21681709.22,4316014.53,3758429.41,-83918.08,41701820.81
9823,6504527.0,917330.41,1519513.63,59168855.7,65860936.33,9173304.11,1887320.89,4781681.59,0.0,149813469.66
9824,6504527.0,2523420.43,1902604.15,0.0,3504282.36,18602720.74,3704269.23,5714431.27,0.0,42456255.18
9825,6504527.0,1811575.28,1119390.03,0.0,17816457.83,16098371.01,3256230.47,5910335.75,0.0,52516887.38
9826,6504527.0,1340252.83,1293194.71,0.0,9962515.05,11767204.57,2543452.77,4979771.75,0.0,38390918.67
9827,6504527.0,2397981.47,1998238.52,0.0,328545.3,20008788.29,4318090.58,5475147.43,-14784.78,41016533.81
9828,6504527.0,2508444.79,1586122.15,0.0,543008.62,16857689.99,3441914.67,2959450.6,-104097.25,34297060.58
9829,6504527.0,4059415.91,3410863.04,9223886.5,1495922.66,33986275.86,6945286.27,5774973.72,0.0,71401150.96
9830,6504527.0,808362.74,404830.2,0.0,968363.36,7107420.52,1321469.8,2607331.77,0.0,19722305.39
9831,6504527.0,2304451.46,1080144.32,0.0,173628.73,17020183.4,3542247.96,3401621.91,0.0,34026804.78
9832,6504527.0,2700449.18,2429699.76,7918364.65,1613288.21,24031264.56,4980154.75,6664167.91,0.0,56841916.02
9833,6504527.0,935012.27,925730.84,0.0,8704119.97,8073357.29,1712890.87,5118974.84,0.0,31974613.07
9834,6504527.0,1419154.08,1027608.02,0.0,222916.63,10232713.47,2185354.33,3950146.41,-3903.3,25538516.65
9835,6504527.0,1773361.22,867867.31,0.0,1072912.5,14305884.49,2860883.51,3019763.77,0.0,30405199.8
9836,6504527.0,917541.62,312477.4,0.0,297587.87,3899430.69,870856.01,1077800.55,-82490.62,13797730.52
9837,6504527.0,1410493.91,2027966.32,4711626.41,84772825.57,12325597.27,2517550.16,6286247.75,0.0,120556834.39
9838,6504527.0,952831.83,531894.79,1558199.38,13497929.99,8867583.07,1912694.78,3471132.65,0.0,37296793.48
9839,6504527.0,2085169.98,1418138.56,0.0,10534931.6,19790781.89,3922842.21,5767011.19,0.0,50023402.43
9840,6504527.0,1425272.8,1171149.1,0.0,2961443.67,11365261.21,2370265.37,4031246.58,0.0,29829165.72
9841,6504527.0,1213637.06,751925.75,22559383.57,11906374.86,11257487.56,2300669.9,3429441.82,0.0,59923447.53
9842,6504527.0,2882475.74,2162161.09,0.0,72119793.63,15793100.46,3110929.3,5004963.46,-87536.09,107490414.59
9843,6504527.0,2938166.17,1554515.33,0.0,294165.27,15920780.24,3140767.08,3299901.13,-40930.21,33611892.01
9844,6504527.0,1169522.45,1598164.42,0.0,73020825.54,9412982.57,1982287.66,5392615.04,0.0,99080924.67
9845,6504527.0,2797281.9,1744088.27,0.0,310581.81,17715215.3,3557775.23,3611632.22,-38286.94,36202814.79
9846,6504527.0,3173215.6,2052937.43,0.0,1338700.2,20665504.67,3994867.18,4611919.05,-28611.14,42313059.99
9847,6504527.0,2699968.28,2111620.41,4822791.11,0.0,21116204.12,4361314.15,5427904.74,0.0,47044329.81
9848,6504527.0,1888421.49,1189045.25,0.0,4078954.06,11364535.49,2330172.58,3933555.47,0.0,31289211.33
9849,6504527.0,2367521.6,1362458.12,0.0,64436.47,14323357.01,2878940.03,2525747.92,-70410.1,29956578.06
9850,6504527.0,2820212.92,1947635.04,0.0,1417044.53,20034660.49,4098335.92,3647564.43,-69964.45,40400015.87
9851,6504527.0,2707107.6,1197528.94,0.0,333487.8,18716416.1,3847970.56,4415045.02,0.0,37722083.03
9852,6504527.0,2764254.61,1760505.59,0.0,0.0,17996380.62,3577406.85,4469725.63,-39132.47,37033667.83
9853,6504527.0,2344186.75,1258469.5,0.0,504273.2,13949334.29,2819845.44,3078782.15,-146816.58,30312601.75
9854,6504527.0,1174471.96,709312.3,0.0,3329669.95,11220829.66,2480331.99,4659889.54,0.0,30079032.39
9855,6504527.0,2204463.62,1288016.71,0.0,816353.56,12994394.73,2691068.57,4019311.98,-20394.6,30497741.56
9856,6504527.0,3281928.88,2170904.54,0.0,169402.37,21836837.71,4556610.14,4790318.99,-14967.3,43295562.33
9857,6504527.0,2523529.21,2208185.41,0.0,574497.5,22107555.55,4686701.04,6182309.32,-10637.53,44776667.49
9858,6504527.0,1678875.05,1284967.66,0.0,1020527.81,13186178.27,2663778.46,4171820.77,-55659.42,30455015.6
9859,6504527.0,2232772.13,1131780.12,0.0,4738017.75,17503914.08,3538118.1,4352319.43,0.0,40001448.61
9860,6504527.0,708730.7,682117.51,0.0,3354555.23,6436095.45,1446709.97,3615687.34,0.0,22748423.21
9861,6504527.0,2023008.85,1322158.24,0.0,28513276.73,12406922.81,2379508.09,1908277.72,-193084.21,54864595.22
9862,6504527.0,1523741.46,3595766.03,21134239.87,261360539.83,12518633.76,2513994.25,6168414.92,-215242.72,315104614.4
9863,6504527.0,3009273.08,2372600.02,0.0,1327490.21,23928832.27,4826914.8,5309359.96,-29539.81,47249457.53
9864,6504527.0,1462186.05,742645.36,0.0,715508.41,12074870.52,2542107.94,3462486.49,0.0,27504331.77
9865,6504527.0,1210186.42,422214.53,0.0,600681.64,8626351.94,1826584.24,1609758.73,0.0,20800304.51
9866,6504527.0,3019355.21,1731499.27,0.0,504878.62,17862235.16,3617975.05,3415394.29,-66545.65,36589318.97
9867,6504527.0,2650946.14,1584884.18,0.0,718948.43,16556445.21,3227683.23,2596108.02,-82107.42,33757434.79
9868,6504527.0,1323219.22,1126624.65,0.0,6254656.35,10534999.03,2268454.27,4334939.19,0.0,32347419.71
9869,6504527.0,1407451.12,1802026.55,0.0,72128634.67,11011234.66,2162186.85,5609237.64,0.0,100625298.49
9870,6504527.0,2916768.66,1467179.91,0.0,541617.47,15174317.51,3105550.57,2438203.14,-55036.2,32093128.06
9871,6504527.0,3769799.51,2718161.08,1545676.63,435555.53,27020610.53,5461982.56,5382080.38,0.0,52838393.23
9872,6504527.0,831132.8,519271.83,0.0,7740291.43,8210164.72,1700694.64,3337248.89,0.0,28843331.33
9873,6504527.0,2556932.69,2112771.46,0.0,121030.56,21490813.5,4558879.18,5117923.72,-40783.71,42422094.4
9874,6504527.0,1342610.51,1323621.52,0.0,15499517.39,11347796.68,2393234.0,5656342.32,0.0,44067649.43
9875,6504527.0,1350914.85,711133.29,19618258.95,84708.93,12017212.98,2615378.66,3815572.19,0.0,46717706.86
9876,6504527.0,904992.12,1313402.49,37618862.71,59740024.66,8484020.38,1728184.03,4225014.07,-44143.48,120474883.98
9877,6504527.0,2115602.39,1129964.45,0.0,73535.0,11385015.82,2319984.02,2436579.99,-9363.96,25955844.7
9878,6504527.0,1804332.48,1280901.24,0.0,67902.37,13782614.43,2817547.34,3819548.95,-99797.3,29977576.52
9879,6504527.0,2189101.95,842730.45,0.0,1026233.83,15306491.95,3125340.58,3945648.44,0.0,32940074.21
9880,6504527.0,1722552.78,1603303.1,0.0,56610596.75,12022193.8,2439185.45,4029731.81,-128954.19,84803136.5
9881,6504527.0,2045914.05,2469694.27,8593473.38,82441509.62,17101242.46,3641285.05,5924179.5,-17716.52,128704108.82
9882,6504527.0,1760524.15,2065021.48,0.0,72102904.6,14598080.39,3117211.67,5408209.98,-54831.18,105501648.08
9883,6504527.0,2922369.17,1853923.73,0.0,92898.79,25529997.86,5294428.93,5527950.71,0.0,47726096.19
9884,6504527.0,1044294.37,845804.28,0.0,1050678.44,8170895.86,1882043.82,3630565.0,0.0,23128808.76
9885,6504527.0,3649944.29,2533107.75,0.0,702754.66,25546865.68,5101690.41,5029385.38,-27390.81,49040884.36
9886,6504527.0,2060103.97,1024504.11,0.0,5752404.07,16509162.67,3525318.36,4205592.35,0.0,39581612.54
9887,6504527.0,1645823.63,1092937.12,587682.95,443355.54,10765487.63,2248079.99,5837666.85,0.0,29125560.7
9888,6504527.0,2072788.34,1165561.98,0.0,672704.63,17204782.43,3285106.86,3446247.41,0.0,34351718.64
9889,6504527.0,2685759.2,1195908.09,0.0,892603.05,17466478.08,3379185.73,2940672.12,0.0,35065133.27
9890,6504527.0,1404024.87,1341907.15,0.0,8116788.43,12348624.51,2504536.46,5442155.43,0.0,37662563.86
9891,6504527.0,904718.02,479959.43,1098165.9,16828149.87,8166133.18,1722025.12,3400568.61,0.0,39104247.13
9892,6504527.0,3295148.07,2252155.33,0.0,2178908.52,22251276.92,4607868.39,5315264.89,0.0,46405149.11
9893,6504527.0,3347343.68,2022473.86,2620759.56,163436.64,27189425.25,5536625.19,5545596.56,0.0,52930187.74
9894,6504527.0,2198385.2,1601485.85,0.0,90435.44,16027820.53,3424609.6,4677028.04,-4639.09,34519652.57
9895,6504527.0,3207636.22,2084933.72,0.0,515608.87,21066899.31,4204173.24,4955742.89,-27704.85,42511816.4
9896,6504527.0,1366235.2,1040998.78,0.0,46737.31,11014869.65,2181534.53,3606846.73,-61823.39,25699925.81
9897,6504527.0,1125525.54,515052.08,7409626.14,6802775.3,9586513.16,1987801.84,3310652.57,0.0,37242473.65
9898,6504527.0,836006.92,543479.99,11170940.65,20857062.56,8147722.64,1729453.86,3445465.16,0.0,53234658.79
9899,6504527.0,2094479.94,1645083.55,0.0,2123379.89,16225141.31,3237953.06,4742070.33,-3654.93,36568980.14
9900,6504527.0,790513.55,569652.35,0.0,251707.27,7195272.62,1615963.09,2259991.06,-159179.11,19028447.85
9901,6504527.0,4119758.62,1561198.85,0.0,616613.44,17012688.78,3316333.9,2864785.5,-147821.48,35848084.61
9902,6504527.0,1472145.1,1294419.18,0.0,2856414.17,12610241.23,2591086.74,4493045.95,0.0,31821879.38
9903,6504527.0,2143974.58,2348298.77,0.0,72271567.62,17068156.93,3564535.94,5296898.42,-33352.75,109164606.52
9904,6504527.0,2287557.12,1063694.3,0.0,476891.16,11749755.38,2321220.46,1751361.7,-116903.21,26038103.9
9905,6504527.0,1098007.8,1694499.32,48601548.62,65631351.48,10980077.97,2145438.94,5371867.27,0.0,142027318.4
9906,6504527.0,1574196.22,846651.44,0.0,1391802.78,14569151.14,3011200.43,4309440.85,0.0,32206969.86
9907,6504527.0,2404599.8,1537152.81,0.0,1678565.58,15150032.28,2883418.81,3580772.9,0.0,33739069.18
9908,6504527.0,2168412.11,1337236.25,0.0,347691.49,13831944.68,2902232.72,2975030.43,-52004.93,30015069.74
9909,6504527.0,835204.6,375130.35,0.0,18032839.87,5940757.65,1309906.19,2981007.37,0.0,35979373.03
9910,6504527.0,1299672.33,780132.05,0.0,0.0,9101889.54,1884672.62,2347643.38,-130056.9,21788480.02
9911,6504527.0,2709300.36,1989822.23,0.0,2193367.84,19919602.53,3953069.51,4664222.28,-24611.15,41909300.62
9912,6504527.0,3136300.9,2261070.77,0.0,1024872.6,22475434.24,4499005.42,5127878.71,0.0,45029089.63
9913,6504527.0,2447547.76,1231477.32,0.0,224245.94,18999906.89,3699165.27,4086033.55,0.0,37192903.73
9914,6504527.0,2232217.68,1440649.93,0.0,1161894.37,14415773.14,2776537.82,3502229.77,-13963.29,32019866.42
9915,6504527.0,2893878.59,2123838.44,0.0,69431037.98,16135140.45,3190701.98,4837521.92,-134132.71,104982513.65
9916,6504527.0,2648654.28,1925775.7,0.0,1189002.06,19071815.49,3769003.78,3993092.78,0.0,39101871.09
9917,6504527.0,2410626.58,853612.8,0.0,1054360.34,13230747.35,2616897.22,2153752.14,0.0,28824523.44
9918,6504527.0,1420229.38,1047702.44,0.0,1822275.11,10199047.02,2014938.06,3759492.03,0.0,26768211.02
9919,6504527.0,2927386.1,1720390.29,0.0,805970.07,17543619.25,3412872.12,3526944.99,-40808.44,36400901.38
9920,6504527.0,2016228.48,1597915.55,0.0,42876799.11,12712533.77,2495593.02,2956609.9,-71094.91,71089111.93
9921,6504527.0,1344057.68,1176251.04,0.0,7757571.78,10606673.61,2265046.03,4662406.99,0.0,34316534.14
9922,6504527.0,2883706.7,2349747.31,0.0,798400.23,23564474.6,4655551.29,5340595.65,-16084.8,46080917.97
9923,6504527.0,2085509.87,2333092.33,0.0,77408650.36,16794993.2,3640699.07,6289421.03,-61910.82,114994982.03
9924,6504527.0,2017674.41,1688396.59,0.0,2512686.19,16399813.65,3559929.52,4570905.95,0.0,37253933.3
9925,6504527.0,1274961.56,791428.94,39784852.18,14319029.53,11313128.7,2151305.0,3705578.05,0.0,79844810.96
9926,6504527.0,2005164.56,1291441.55,0.0,634899.81,13228013.46,2707459.05,2494808.05,-46185.83,28820127.64
9927,6504527.0,3630484.94,2221749.37,0.0,1014802.52,22463947.19,4550571.34,4410251.17,-41873.84,44754459.69
9928,6504527.0,1534102.22,2175833.91,0.0,164582927.46,6085384.83,1282573.36,5630957.13,-82814.03,187713491.88
9929,6504527.0,2180962.03,1582979.55,0.0,2353727.77,15896747.74,3231925.63,4082148.7,-56079.82,35776938.58
9930,6504527.0,1670146.52,1297279.87,0.0,1684530.47,12558891.89,2574952.34,4214201.59,0.0,30504529.67
9931,6504527.0,1753829.59,1642533.01,0.0,48204072.32,12805518.66,2665114.94,3630661.27,-91374.68,77114882.1
9932,6504527.0,3456226.17,2262377.26,0.0,181944.01,22743149.24,4646581.73,4799315.92,-13949.11,44580172.22
9933,6504527.0,1890687.28,919348.84,0.0,541914.55,15700105.06,3333517.11,4255583.32,0.0,33145683.16
9934,6504527.0,1892878.78,3477889.29,6058426.41,239743051.07,12600133.01,2459031.4,6361674.07,-169324.37,278928286.67
9935,6504527.0,1077693.71,1087016.44,0.0,9798371.8,9371377.86,1933556.79,5410769.57,0.0,35183313.16
9936,6504527.0,3601174.74,2594971.52,6886207.44,1550161.1,25810754.57,4983586.7,5663178.43,0.0,57594561.5
9937,6504527.0,3845677.17,1775342.11,0.0,492503.74,18499806.8,3675919.14,3223893.19,-80087.48,37937581.67
9938,6504527.0,1363598.63,1165804.64,0.0,7275571.54,10474065.51,2211725.36,4767553.63,0.0,33762846.32
9939,6504527.0,828692.16,734769.17,0.0,567525.44,7825309.49,1655014.92,3244475.42,-68740.0,21291573.59
9940,6504527.0,1978393.92,1427660.12,0.0,1011301.97,14561099.53,2903140.73,3938624.55,-40594.75,32284153.07
9941,6504527.0,1047969.23,564202.65,15289027.78,5257574.31,9651294.19,2110679.77,3440034.74,0.0,43865309.67
9942,6504527.0,2454034.26,1835008.63,2523075.26,152176.94,18293835.04,3823276.85,5770429.01,0.0,41356362.99
9943,6504527.0,3976783.27,3032074.54,2491923.2,3080015.45,29861639.61,6051282.77,5547261.53,0.0,60545507.35
9944,6504527.0,2558197.11,1583988.18,0.0,216669.94,16621220.27,3346217.78,3096068.8,-80324.12,33846564.96
9945,6504527.0,2482452.9,1751682.94,7745619.86,0.0,17516829.35,3552930.16,5395530.23,0.0,44949572.44
9946,6504527.0,652732.39,865075.65,0.0,62496752.79,2763778.05,759932.39,3471696.49,-196330.36,77318164.4
9947,6504527.0,1328467.3,1000677.2,0.0,1187166.49,9755121.31,2048706.9,3764646.5,0.0,25589312.71
9948,6504527.0,2057577.39,1610952.69,0.0,186717.26,16229365.99,3372052.74,4924488.8,-18885.8,34866796.07
9949,6504527.0,1305752.21,608315.09,0.0,172200.13,7656965.75,1688135.63,2086444.75,-163746.76,19858593.79
9950,6504527.0,1407566.43,1235548.47,0.0,8118071.07,11369833.58,2358266.78,4557018.38,0.0,35550831.71
9951,6504527.0,3063495.36,2105081.01,0.0,1995175.24,21335178.12,4224712.35,4880425.6,-49333.78,44059260.9
9952,6504527.0,1767790.16,2031372.05,1992100.69,69126076.39,14061781.9,2567089.91,5132188.25,-42400.39,103140525.95
9953,6504527.0,553482.03,219262.41,0.0,141050.77,5381383.41,1207614.21,1782871.87,0.0,15790191.71
9954,6504527.0,2146212.84,1665165.54,0.0,0.0,17023477.44,3374901.47,4300782.65,-37182.21,34977884.73
9955,6504527.0,1424835.83,1278103.01,0.0,3714215.67,12379553.09,2516602.47,4811692.0,0.0,32629529.08
9956,6504527.0,1848559.91,815178.91,0.0,151252.5,8935910.06,1837363.1,1694369.57,-84003.05,21703157.99
9957,6504527.0,3264566.49,3196678.2,4905044.49,77858532.43,25039994.75,5210408.45,5678555.44,-19123.72,131639183.53
9958,6504527.0,812526.7,123483.6,0.0,362512.27,4423833.9,1060297.8,853230.1,0.0,14140411.39
9959,6504527.0,3531808.44,2358096.88,0.0,936278.16,23572879.4,4804555.91,4844025.85,-18050.04,46534121.61
9960,6504527.0,1239105.91,792961.05,23353615.22,4476942.92,11998519.89,2581296.83,4105266.19,0.0,55052235.02
9961,6504527.0,1784761.88,713964.39,0.0,19342755.25,7528501.3,1562860.3,1075699.48,-213866.56,38299203.05
9962,6504527.0,3049613.35,3180988.57,6743317.1,77629139.34,24872249.78,5091237.57,5604043.01,-19050.13,132656065.58
9963,6504527.0,1626347.7,1223925.67,0.0,137947.78,13012568.24,2652410.78,3949865.86,-81727.98,29025865.05
9964,6504527.0,2394776.78,1927241.0,0.0,62932.82,19647784.37,4012471.26,5050238.66,-37981.38,39561990.51
9965,6504527.0,2258922.74,986958.32,0.0,879002.08,10314148.97,1948707.13,1700209.09,-52174.77,24540300.56
9966,6504527.0,3892898.03,2545740.58,0.0,3822751.47,25122836.58,5055026.59,5447551.65,-6743.26,52384588.64
9967,6504527.0,2893120.49,1892658.22,0.0,1079329.69,19617383.25,3876668.71,4066327.62,-80831.45,39849183.54
9968,6504527.0,1048445.57,1298736.01,0.0,58271655.36,8409176.34,1835209.61,4207215.1,-73539.63,81501425.36
9969,6504527.0,3560982.57,2311094.18,0.0,1313657.01,23198459.29,4727043.03,4865458.42,-35817.28,46445404.21
9970,6504527.0,2165415.62,1928568.53,3188753.98,476132.59,19246227.6,3970277.23,5813206.4,0.0,43293108.96
9971,6504527.0,2727496.79,1516820.58,0.0,4560586.49,21400165.68,4416856.74,4610406.69,0.0,45736859.96
9972,6504527.0,2737112.82,1496468.39,0.0,630323.2,15444196.7,3093981.34,3256967.69,-57779.06,33105798.09
9973,6504527.0,1287375.63,612995.21,0.0,1634577.97,10619312.57,2237949.0,3308029.7,0.0,26204767.07
9974,6504527.0,1384003.68,717863.92,17521502.45,933734.73,11746390.21,2445951.61,3090470.05,0.0,44344443.65
9975,6504527.0,2609299.74,1698694.24,0.0,3273434.85,23579686.3,4909518.81,6018126.49,0.0,48593287.43
9976,6504527.0,1643501.03,1918510.75,0.0,65146297.29,13803485.81,2695091.52,5207149.57,-98229.1,96820333.88
9977,6504527.0,976397.35,458479.15,0.0,758892.84,9444157.98,1886648.43,3214484.56,0.0,23243587.31
9978,6504527.0,4012462.06,2522786.38,0.0,2211930.04,25175546.56,4996462.49,5435902.89,-18705.2,50840912.21
9979,6504527.0,1642092.12,1540781.67,0.0,70100122.1,11643399.42,2322759.82,5464064.81,-291045.04,98926701.91
9980,6504527.0,2353938.23,2114494.24,0.0,59092211.54,16106115.53,3399267.56,4139496.04,-48596.04,93661454.1
9981,6504527.0,2432585.87,1983391.3,0.0,71968.67,20181828.77,4070674.84,4170675.42,-35387.99,39380263.89
9982,6504527.0,1430054.56,1493468.4,220265.61,10851292.78,13671820.13,2786594.59,6685870.74,0.0,43643893.81
9983,6504527.0,1612526.6,526466.37,0.0,13344.43,10084402.77,2093638.71,2414926.18,0.0,23249832.07
9984,6504527.0,3134647.85,2032535.8,13286553.92,45202.65,27333749.16,5452868.22,5442702.79,0.0,63232787.39
9985,6504527.0,2596409.61,2260767.56,6170850.36,690317.9,22352504.02,4603958.96,5399718.33,0.0,50579053.73
9986,6504527.0,2509488.69,1699418.31,0.0,628595.03,17526263.07,3560265.42,2927177.61,-62262.73,35293472.41
9987,6504527.0,1216123.79,733128.99,24036185.49,1746849.22,11728750.78,2571463.04,3940846.42,0.0,52477874.73
9988,6504527.0,1179126.08,701655.12,0.0,3306841.28,11157454.46,2455459.67,4619568.94,0.0,29924632.54
9989,6504527.0,893445.04,978021.68,0.0,40725754.31,6172886.62,1295419.19,3291915.79,-44315.16,59817654.45
9990,6504527.0,2354818.94,1171618.67,0.0,98996.91,13224829.66,2709024.07,2648174.57,-151554.6,28560435.23
9991,6504527.0,2758028.84,1967208.68,0.0,1531045.66,19851872.77,3935890.23,4061740.3,-36121.57,40574191.91
9992,6504527.0,790132.51,975091.86,0.0,54681409.5,5892865.41,1391431.08,4651644.15,-166286.98,74720814.52
9993,6504527.0,1896528.64,918856.94,0.0,0.0,9527462.64,1959916.82,4211690.17,-33889.32,24985092.9
9994,6504527.0,959596.72,603559.4,0.0,329664.64,6887738.91,1432286.65,2054593.61,-97400.33,18674566.6
9995,6504527.0,773060.33,450298.07,3075191.46,30395282.04,6465777.76,1391321.74,3206096.28,0.0,52261554.69
9996,6504527.0,2768884.6,1739766.62,0.0,3044026.26,24025181.43,4815981.51,6461488.59,0.0,49359856.0
9997,6504527.0,2761677.45,3234760.05,10364927.11,79831200.35,24872111.4,5055972.16,7434415.05,0.0,140059590.57
9998,6504527.0,3296325.6,2300736.52,0.0,0.0,23023348.67,4557823.63,5261958.57,-1598.34,44943121.66
9999,6504527.0,2335674.01,1826034.17,0.0,2541782.2,18283637.05,3785915.18,5375383.03,-35382.69,40617569.95
